

                           Program bd_evol.f

       Adiabatic models with H-He envelopes and nuclear reactions

    Surface boundary condition: jun17_cloudless+0.0_BC
    No Solar insolation

*** MS=   6.0000 Mj          0.00573 Msun

       t(years)   log L     R(cm)        Ts     Te   log rc log Pc log Tc     g        Uth          Ugrav     log Lnuc

   1 1.00634E+06  28.398 8.91211E+09   1678.8  815.5  1.160 14.787  5.214   9574.5  2.97285E+44 -7.44878E+44    0.000
   2 1.01268E+06  28.398 8.91204E+09   1678.7  815.4  1.160 14.787  5.214   9574.7  2.97286E+44 -7.44884E+44    0.000
   3 1.01606E+06  28.398 8.91200E+09   1678.7  815.4  1.160 14.787  5.214   9574.8  2.97287E+44 -7.44888E+44    0.000
   4 1.02034E+06  28.398 8.91195E+09   1678.6  815.4  1.160 14.787  5.214   9574.9  2.97287E+44 -7.44892E+44    0.000
   5 1.02576E+06  28.398 8.91189E+09   1678.6  815.4  1.160 14.787  5.214   9575.0  2.97288E+44 -7.44897E+44    0.000
   6 1.03263E+06  28.398 8.91181E+09   1678.5  815.3  1.160 14.787  5.214   9575.2  2.97290E+44 -7.44903E+44    0.000
   7 1.04133E+06  28.398 8.91171E+09   1678.4  815.3  1.160 14.787  5.214   9575.4  2.97291E+44 -7.44911E+44    0.000
   8 1.05235E+06  28.398 8.91159E+09   1678.3  815.2  1.160 14.787  5.214   9575.7  2.97293E+44 -7.44922E+44    0.000
   9 1.06631E+06  28.398 8.91143E+09   1678.2  815.2  1.160 14.787  5.214   9576.0  2.97296E+44 -7.44935E+44    0.000
  10 1.08400E+06  28.397 8.91123E+09   1678.0  815.1  1.161 14.787  5.214   9576.4  2.97299E+44 -7.44952E+44    0.000
  11 1.10640E+06  28.397 8.91097E+09   1677.8  814.9  1.161 14.788  5.214   9577.0  2.97304E+44 -7.44973E+44    0.000
  12 1.13477E+06  28.397 8.91065E+09   1677.6  814.8  1.161 14.788  5.214   9577.7  2.97309E+44 -7.45000E+44    0.000
  13 1.17071E+06  28.396 8.91024E+09   1677.2  814.6  1.161 14.788  5.214   9578.6  2.97316E+44 -7.45034E+44    0.000
  14 1.21623E+06  28.396 8.90972E+09   1676.8  814.4  1.161 14.788  5.214   9579.7  2.97324E+44 -7.45077E+44    0.000
  15 1.27389E+06  28.395 8.90907E+09   1676.3  814.1  1.161 14.788  5.214   9581.1  2.97335E+44 -7.45131E+44    0.000
  16 1.34693E+06  28.394 8.90824E+09   1675.6  813.7  1.161 14.788  5.214   9582.9  2.97349E+44 -7.45200E+44    0.000
  17 1.43944E+06  28.393 8.90722E+09   1674.7  813.2  1.161 14.788  5.213   9585.0  2.97366E+44 -7.45285E+44    0.000
  18 1.55662E+06  28.392 8.90591E+09   1673.7  812.6  1.161 14.789  5.213   9587.9  2.97388E+44 -7.45394E+44    0.000
  19 1.70506E+06  28.390 8.90424E+09   1672.3  811.9  1.162 14.789  5.213   9591.5  2.97415E+44 -7.45532E+44    0.000
  20 1.89307E+06  28.388 8.90215E+09   1670.6  810.9  1.162 14.789  5.213   9596.0  2.97449E+44 -7.45707E+44    0.000
  21 2.00000E+06  28.386 8.90097E+09   1669.6  810.4  1.162 14.790  5.213   9598.5  2.97469E+44 -7.45805E+44    0.000
  22 2.14257E+06  28.385 8.89939E+09   1668.3  809.7  1.162 14.790  5.213   9601.9  2.97495E+44 -7.45937E+44    0.000
  23 2.33267E+06  28.383 8.89730E+09   1666.6  808.7  1.163 14.790  5.212   9606.4  2.97530E+44 -7.46111E+44    0.000
  24 2.58612E+06  28.380 8.89453E+09   1664.4  807.5  1.163 14.791  5.212   9612.4  2.97575E+44 -7.46341E+44    0.000
  25 2.92407E+06  28.376 8.89088E+09   1661.4  805.8  1.164 14.792  5.212   9620.3  2.97636E+44 -7.46647E+44    0.000
  26 3.00000E+06  28.375 8.89006E+09   1660.7  805.4  1.164 14.792  5.212   9622.1  2.97649E+44 -7.46715E+44    0.000
  27 3.10124E+06  28.374 8.88897E+09   1659.8  804.9  1.164 14.792  5.212   9624.4  2.97667E+44 -7.46806E+44    0.000
  28 3.23623E+06  28.372 8.88753E+09   1658.6  804.3  1.164 14.792  5.211   9627.6  2.97691E+44 -7.46926E+44    0.000
  29 3.41621E+06  28.370 8.88561E+09   1657.1  803.4  1.164 14.793  5.211   9631.7  2.97723E+44 -7.47086E+44    0.000
  30 3.65619E+06  28.367 8.88307E+09   1655.0  802.2  1.165 14.793  5.211   9637.2  2.97765E+44 -7.47299E+44    0.000
  31 3.97616E+06  28.363 8.87971E+09   1652.2  800.7  1.165 14.794  5.211   9644.5  2.97820E+44 -7.47580E+44    0.000
  32 4.16230E+06  28.361 8.87778E+09   1650.7  799.8  1.166 14.794  5.210   9648.7  2.97852E+44 -7.47742E+44    0.000
  33 4.41049E+06  28.358 8.87520E+09   1648.5  798.6  1.166 14.795  5.210   9654.3  2.97895E+44 -7.47957E+44    0.000
  34 4.74140E+06  28.355 8.87181E+09   1645.8  797.1  1.166 14.795  5.210   9661.7  2.97951E+44 -7.48242E+44    0.000
  35 5.00000E+06  28.352 8.86917E+09   1643.6  795.8  1.167 14.796  5.210   9667.5  2.97995E+44 -7.48463E+44    0.000
  36 5.34480E+06  28.348 8.86569E+09   1640.8  794.2  1.167 14.797  5.209   9675.1  2.98052E+44 -7.48756E+44    0.000
  37 5.80452E+06  28.343 8.86110E+09   1637.0  792.1  1.168 14.797  5.209   9685.1  2.98128E+44 -7.49141E+44    0.000
  38 6.41749E+06  28.336 8.85506E+09   1632.1  789.3  1.169 14.799  5.208   9698.3  2.98228E+44 -7.49649E+44    0.000
  39 7.00000E+06  28.330 8.84942E+09   1627.4  786.7  1.170 14.800  5.207   9710.7  2.98321E+44 -7.50124E+44    0.000
  40 7.77668E+06  28.321 8.84204E+09   1621.4  783.2  1.171 14.801  5.207   9726.9  2.98443E+44 -7.50747E+44    0.000
  41 8.81224E+06  28.310 8.83243E+09   1613.5  778.7  1.172 14.803  5.206   9748.1  2.98603E+44 -7.51559E+44    0.000
  42 9.00000E+06  28.308 8.83072E+09   1612.1  777.9  1.173 14.804  5.205   9751.9  2.98631E+44 -7.51705E+44    0.000
  43 9.25034E+06  28.306 8.82844E+09   1610.2  776.8  1.173 14.804  5.205   9756.9  2.98669E+44 -7.51897E+44    0.000
  44 9.58413E+06  28.302 8.82544E+09   1608.0  775.4  1.173 14.805  5.205   9763.5  2.98718E+44 -7.52152E+44    0.000
  45 1.00292E+07  28.298 8.82147E+09   1604.7  773.5  1.174 14.805  5.204   9772.3  2.98784E+44 -7.52488E+44    0.000
  46 1.06226E+07  28.292 8.81624E+09   1600.4  771.0  1.175 14.806  5.204   9783.9  2.98871E+44 -7.52932E+44    0.000
  47 1.10000E+07  28.288 8.81296E+09   1597.7  769.5  1.175 14.807  5.203   9791.2  2.98925E+44 -7.53211E+44    0.000
  48 1.15032E+07  28.283 8.80863E+09   1594.2  767.4  1.176 14.808  5.203   9800.8  2.98997E+44 -7.53579E+44    0.000
  49 1.21742E+07  28.276 8.80295E+09   1589.5  764.7  1.177 14.809  5.202   9813.5  2.99091E+44 -7.54063E+44    0.000
  50 1.30688E+07  28.267 8.79551E+09   1583.4  761.1  1.178 14.811  5.202   9830.1  2.99215E+44 -7.54697E+44    0.000
  51 1.42617E+07  28.255 8.78584E+09   1575.4  756.5  1.179 14.813  5.200   9851.7  2.99375E+44 -7.55523E+44    0.000
  52 1.58521E+07  28.240 8.77337E+09   1565.2  750.4  1.181 14.815  5.199   9879.8  2.99582E+44 -7.56591E+44    0.000
  53 1.79727E+07  28.221 8.75744E+09   1552.1  742.6  1.184 14.818  5.197   9915.7  2.99848E+44 -7.57960E+44    0.000
  54 2.08002E+07  28.195 8.73734E+09   1535.5  732.8  1.187 14.822  5.195   9961.4  3.00183E+44 -7.59694E+44    0.000
  55 2.10000E+07  28.194 8.73596E+09   1534.3  732.1  1.187 14.823  5.195   9964.5  3.00205E+44 -7.59812E+44    0.000
  56 2.12664E+07  28.191 8.73414E+09   1532.8  731.2  1.187 14.823  5.194   9968.7  3.00236E+44 -7.59970E+44    0.000
  57 2.16215E+07  28.188 8.73172E+09   1530.9  730.0  1.188 14.823  5.194   9974.2  3.00276E+44 -7.60178E+44    0.000
  58 2.20951E+07  28.184 8.72853E+09   1528.2  728.4  1.188 14.824  5.194   9981.5  3.00329E+44 -7.60455E+44    0.000
  59 2.27265E+07  28.179 8.72433E+09   1524.8  726.3  1.189 14.825  5.193   9991.1  3.00399E+44 -7.60819E+44    0.000
  60 2.35683E+07  28.172 8.71880E+09   1520.2  723.6  1.190 14.826  5.193  10003.8  3.00491E+44 -7.61298E+44    0.000
  61 2.46908E+07  28.162 8.71158E+09   1514.3  720.0  1.191 14.827  5.192  10020.4  3.00612E+44 -7.61924E+44    0.000
  62 2.61874E+07  28.150 8.70221E+09   1506.6  715.3  1.192 14.829  5.191  10042.0  3.00769E+44 -7.62740E+44    0.000
  63 2.81829E+07  28.134 8.69013E+09   1496.6  709.3  1.194 14.832  5.189  10069.9  3.00971E+44 -7.63792E+44    0.000
  64 3.08436E+07  28.114 8.67473E+09   1484.0  701.6  1.196 14.835  5.187  10105.7  3.01229E+44 -7.65138E+44    0.000
  65 3.26230E+07  28.100 8.66485E+09   1475.8  696.7  1.198 14.837  5.186  10128.8  3.01394E+44 -7.66004E+44    0.000
  66 3.49956E+07  28.083 8.65214E+09   1465.4  690.3  1.200 14.840  5.184  10158.6  3.01608E+44 -7.67121E+44    0.000
  67 3.81590E+07  28.061 8.63601E+09   1452.1  682.2  1.202 14.843  5.182  10196.5  3.01879E+44 -7.68543E+44    0.000
  68 4.10000E+07  28.042 8.62225E+09   1440.7  675.3  1.205 14.846  5.181  10229.1  3.02110E+44 -7.69761E+44    0.000
  69 4.47880E+07  28.018 8.60484E+09   1426.4  666.6  1.207 14.849  5.178  10270.5  3.02404E+44 -7.71306E+44    0.000
  70 4.98386E+07  27.987 8.58314E+09   1408.5  655.6  1.211 14.854  5.175  10322.5  3.02771E+44 -7.73241E+44    0.000
  71 5.65728E+07  27.948 8.55656E+09   1386.6  642.2  1.215 14.859  5.172  10386.8  3.03221E+44 -7.75623E+44    0.000
  72 6.10000E+07  27.924 8.54037E+09   1373.5  634.1  1.217 14.862  5.169  10426.2  3.03495E+44 -7.77076E+44    0.000
  73 6.69029E+07  27.894 8.52013E+09   1356.8  623.9  1.220 14.866  5.167  10475.8  3.03839E+44 -7.78903E+44    0.000
  74 7.47735E+07  27.857 8.49529E+09   1336.4  611.5  1.224 14.872  5.163  10537.2  3.04263E+44 -7.81156E+44    0.000
  75 8.10000E+07  27.829 8.47713E+09   1321.5  602.5  1.227 14.875  5.160  10582.3  3.04572E+44 -7.82807E+44    0.000
  76 8.93020E+07  27.795 8.45467E+09   1303.0  591.5  1.230 14.880  5.157  10638.6  3.04956E+44 -7.84861E+44    0.000
  77 1.00371E+08  27.753 8.42739E+09   1280.6  578.3  1.235 14.886  5.153  10707.6  3.05425E+44 -7.87369E+44    0.000
  78 1.01000E+08  27.751 8.42592E+09   1279.4  577.6  1.235 14.886  5.153  10711.4  3.05449E+44 -7.87501E+44    0.000
  79 1.01838E+08  27.748 8.42397E+09   1277.8  576.7  1.235 14.886  5.152  10716.3  3.05482E+44 -7.87680E+44    0.000
  80 1.02956E+08  27.744 8.42140E+09   1275.6  575.5  1.236 14.887  5.152  10722.9  3.05526E+44 -7.87918E+44    0.000
  81 1.04446E+08  27.738 8.41801E+09   1272.9  573.9  1.236 14.887  5.151  10731.5  3.05585E+44 -7.88231E+44    0.000
  82 1.06433E+08  27.732 8.41355E+09   1269.2  571.7  1.237 14.888  5.151  10742.9  3.05661E+44 -7.88642E+44    0.000
  83 1.09082E+08  27.722 8.40772E+09   1264.4  569.0  1.238 14.890  5.150  10757.8  3.05762E+44 -7.89181E+44    0.000
  84 1.12615E+08  27.711 8.40015E+09   1258.2  565.4  1.239 14.891  5.148  10777.2  3.05892E+44 -7.89882E+44    0.000
  85 1.17324E+08  27.696 8.39037E+09   1250.1  560.8  1.240 14.893  5.147  10802.3  3.06061E+44 -7.90789E+44    0.000
  86 1.23604E+08  27.676 8.37787E+09   1239.9  554.9  1.242 14.896  5.145  10834.6  3.06276E+44 -7.91951E+44    0.000
  87 1.31977E+08  27.651 8.36208E+09   1226.9  547.6  1.245 14.899  5.142  10875.5  3.06550E+44 -7.93422E+44    0.000
  88 1.43141E+08  27.620 8.34241E+09   1210.7  538.5  1.248 14.903  5.139  10926.9  3.06890E+44 -7.95263E+44    0.000
  89 1.58026E+08  27.582 8.31830E+09   1190.9  527.6  1.252 14.908  5.135  10990.3  3.07309E+44 -7.97529E+44    0.000
  90 1.77873E+08  27.535 8.28931E+09   1167.1  514.5  1.256 14.914  5.130  11067.3  3.07813E+44 -8.00269E+44    0.000
  91 2.01000E+08  27.487 8.25921E+09   1142.4  501.2  1.261 14.920  5.125  11148.1  3.08337E+44 -8.03127E+44    0.000
  92 2.31837E+08  27.431 8.22384E+09   1113.4  486.4  1.266 14.928  5.118  11244.3  3.08955E+44 -8.06508E+44    0.000
  93 2.72952E+08  27.368 8.18296E+09   1080.1  470.2  1.273 14.936  5.110  11356.9  3.09673E+44 -8.10441E+44    0.000
  94 3.17230E+08  27.308 8.14500E+09   1049.1  455.4  1.279 14.944  5.103  11463.0  3.10341E+44 -8.14115E+44    0.000
  95 3.76267E+08  27.238 8.10172E+09   1014.0  438.5  1.286 14.953  5.094  11585.8  3.11103E+44 -8.18327E+44    0.000
  96 4.01000E+08  27.211 8.08557E+09   1000.9  432.2  1.288 14.957  5.091  11632.1  3.11391E+44 -8.19911E+44    0.000
  97 4.33977E+08  27.177 8.06557E+09    984.7  424.4  1.291 14.961  5.086  11689.8  3.11750E+44 -8.21880E+44    0.000
  98 4.77947E+08  27.135 8.04123E+09    965.0  414.9  1.295 14.966  5.081  11760.7  3.12189E+44 -8.24288E+44    0.000
  99 5.36573E+08  27.085 8.01219E+09    941.6  403.8  1.300 14.972  5.074  11846.2  3.12718E+44 -8.27177E+44    0.000
 100 6.01000E+08  27.036 7.98388E+09    918.8  393.3  1.304 14.978  5.068  11930.3  3.13240E+44 -8.30009E+44    0.000
 101 6.86903E+08  26.980 7.95066E+09    892.1  381.6  1.309 14.985  5.060  12030.2  3.13863E+44 -8.33357E+44    0.000
 102 8.01000E+08  26.918 7.91244E+09    861.5  369.2  1.315 14.993  5.050  12146.7  3.14596E+44 -8.37242E+44    0.000
 103 9.53130E+08  26.851 7.86875E+09    826.7  356.2  1.322 15.002  5.039  12282.0  3.15455E+44 -8.41723E+44    0.000
 104 1.00100E+09  26.832 7.85632E+09    816.9  352.6  1.324 15.005  5.036  12320.8  3.15699E+44 -8.42993E+44    0.000
 105 1.06483E+09  26.808 7.84057E+09    804.5  348.1  1.327 15.008  5.031  12370.4  3.16014E+44 -8.44616E+44    0.000
 106 1.14993E+09  26.778 7.82088E+09    789.0  342.5  1.330 15.012  5.026  12432.8  3.16411E+44 -8.46650E+44    0.000
 107 1.26340E+09  26.740 7.79668E+09    770.0  335.7  1.334 15.017  5.019  12510.1  3.16901E+44 -8.49159E+44    0.000
 108 1.41469E+09  26.695 7.76746E+09    747.2  327.6  1.338 15.024  5.011  12604.4  3.17495E+44 -8.52198E+44    0.000
 109 1.61642E+09  26.640 7.73292E+09    720.4  318.2  1.344 15.031  5.000  12717.3  3.18200E+44 -8.55812E+44    0.000
 110 1.88538E+09  26.577 7.69293E+09    689.6  307.5  1.350 15.039  4.988  12849.8  3.19017E+44 -8.60026E+44    0.000
 111 2.00100E+09  26.551 7.67748E+09    677.8  303.4  1.352 15.043  4.983  12901.5  3.19330E+44 -8.61652E+44    0.000
 112 2.15516E+09  26.519 7.65823E+09    663.1  298.2  1.356 15.047  4.976  12966.5  3.19724E+44 -8.63698E+44    0.000
 113 2.36070E+09  26.478 7.63469E+09    645.2  291.7  1.359 15.052  4.968  13046.6  3.20211E+44 -8.66210E+44    0.000
 114 2.63476E+09  26.427 7.60651E+09    623.9  283.8  1.364 15.058  4.958  13143.5  3.20799E+44 -8.69232E+44    0.000
 115 3.00018E+09  26.366 7.57354E+09    599.3  274.5  1.369 15.065  4.946  13258.2  3.21497E+44 -8.72785E+44    0.000
 116 3.16330E+09  26.340 7.56023E+09    589.5  270.8  1.371 15.068  4.941  13304.8  3.21778E+44 -8.74216E+44    0.000
 117 3.38080E+09  26.309 7.54363E+09    577.2  266.2  1.374 15.071  4.935  13363.4  3.22134E+44 -8.76015E+44    0.000
 118 3.67079E+09  26.269 7.52329E+09    562.3  260.5  1.377 15.076  4.927  13435.8  3.22574E+44 -8.78226E+44    0.000
 119 4.00100E+09  26.226 7.50229E+09    546.9  254.5  1.380 15.080  4.918  13511.1  3.23030E+44 -8.80517E+44    0.000
 120 4.44127E+09  26.173 7.47731E+09    528.7  247.3  1.384 15.085  4.908  13601.6  3.23574E+44 -8.83255E+44    0.000
 121 5.02831E+09  26.108 7.44837E+09    507.8  238.7  1.389 15.092  4.895  13707.5  3.24204E+44 -8.86440E+44    0.000
 122 5.81102E+09  26.031 7.41582E+09    484.3  228.9  1.394 15.099  4.880  13828.1  3.24910E+44 -8.90039E+44    0.000
 123 6.00100E+09  26.014 7.40876E+09    479.2  226.7  1.395 15.100  4.877  13854.4  3.25057E+44 -8.90809E+44    0.000
 124 6.25431E+09  25.993 7.39977E+09    472.8  224.0  1.397 15.102  4.873  13888.1  3.25251E+44 -8.91807E+44    0.000
 125 6.59206E+09  25.965 7.38847E+09    464.7  220.7  1.399 15.105  4.867  13930.6  3.25495E+44 -8.93064E+44    0.000
 126 7.04240E+09  25.931 7.37449E+09    454.7  216.6  1.401 15.108  4.860  13983.5  3.25798E+44 -8.94624E+44    0.000
 127 7.64284E+09  25.888 7.35750E+09    442.6  211.6  1.404 15.111  4.851  14048.2  3.26165E+44 -8.96528E+44    0.000
 128 8.00100E+09  25.864 7.34814E+09    436.0  208.8  1.405 15.113  4.847  14083.9  3.26368E+44 -8.97578E+44    0.000
 129 8.47855E+09  25.834 7.33645E+09    427.7  205.4  1.407 15.116  4.840  14128.8  3.26622E+44 -8.98896E+44    0.000
 130 9.11528E+09  25.796 7.32211E+09    417.5  201.2  1.409 15.119  4.833  14184.3  3.26934E+44 -9.00520E+44    0.000
 131 9.96425E+09  25.749 7.30486E+09    405.3  196.0  1.412 15.123  4.823  14251.3  3.27312E+44 -9.02482E+44    0.000
 132 1.00010E+10  25.747 7.30416E+09    404.8  195.8  1.412 15.123  4.822  14254.0  3.27326E+44 -9.02559E+44    0.000
 133 1.00500E+10  25.745 7.30323E+09    404.1  195.5  1.412 15.123  4.822  14257.7  3.27346E+44 -9.02666E+44    0.000
 134 1.01153E+10  25.741 7.30199E+09    403.3  195.2  1.412 15.123  4.821  14262.5  3.27373E+44 -9.02807E+44    0.000
 135 1.02024E+10  25.737 7.30036E+09    402.1  194.7  1.413 15.124  4.820  14268.9  3.27409E+44 -9.02993E+44    0.000
 136 1.03186E+10  25.731 7.29822E+09    400.6  194.0  1.413 15.124  4.819  14277.3  3.27456E+44 -9.03237E+44    0.000
 137 1.04735E+10  25.723 7.29540E+09    398.6  193.2  1.414 15.125  4.817  14288.3  3.27518E+44 -9.03559E+44    0.000
 138 1.06800E+10  25.712 7.29173E+09    396.0  192.1  1.414 15.125  4.815  14302.7  3.27598E+44 -9.03978E+44    0.000
 139 1.09553E+10  25.699 7.28698E+09    392.6  190.6  1.415 15.126  4.813  14321.4  3.27702E+44 -9.04522E+44    0.000
 140 1.13224E+10  25.681 7.28087E+09    388.3  188.8  1.416 15.128  4.809  14345.4  3.27835E+44 -9.05220E+44    0.000
 141 1.18118E+10  25.658 7.27311E+09    382.9  186.4  1.417 15.130  4.804  14376.0  3.28004E+44 -9.06109E+44    0.000
 142 1.24644E+10  25.629 7.26339E+09    376.0  183.5  1.419 15.132  4.798  14414.5  3.28216E+44 -9.07224E+44    0.000
 143 1.33346E+10  25.593 7.25140E+09    367.6  179.8  1.421 15.134  4.791  14462.2  3.28476E+44 -9.08600E+44    0.000
 144 1.44948E+10  25.547 7.23690E+09    357.4  175.3  1.423 15.137  4.782  14520.2  3.28789E+44 -9.10266E+44    0.000
 145 1.50010E+10  25.529 7.23104E+09    353.4  173.5  1.424 15.139  4.778  14543.8  3.28913E+44 -9.10938E+44    0.000
 146 1.56760E+10  25.505 7.22361E+09    348.2  171.2  1.425 15.140  4.773  14573.7  3.29071E+44 -9.11792E+44    0.000
 147 1.65759E+10  25.474 7.21432E+09    341.7  168.4  1.427 15.142  4.767  14611.3  3.29267E+44 -9.12861E+44    0.000
 148 1.77759E+10  25.436 7.20290E+09    333.8  164.9  1.429 15.145  4.759  14657.7  3.29507E+44 -9.14175E+44    0.000
 149 1.93758E+10  25.389 7.18912E+09    324.2  160.6  1.431 15.148  4.750  14713.9  3.29792E+44 -9.15760E+44    0.000
 150 2.00010E+10  25.372 7.18413E+09    320.8  159.1  1.432 15.149  4.746  14734.3  3.29894E+44 -9.16333E+44    0.000
