

                           Program bd_evol.f

       Adiabatic models with H-He envelopes and nuclear reactions

    Surface boundary condition: jun17_cloudless+0.0_BC
    No Solar insolation

*** MS=  10.0000 Mj          0.00955 Msun

       t(years)   log L     R(cm)        Ts     Te   log rc log Pc log Tc     g        Uth          Ugrav     log Lnuc

   1 1.00634E+06  28.312 8.28701E+09   1489.3  804.6  1.512 15.395  5.393  18455.8  9.06464E+44 -2.25856E+45   26.581
   2 1.01268E+06  28.312 8.28699E+09   1489.3  804.6  1.512 15.395  5.393  18455.8  9.06465E+44 -2.25857E+45   26.581
   3 1.01606E+06  28.312 8.28698E+09   1489.3  804.6  1.512 15.395  5.393  18455.9  9.06466E+44 -2.25857E+45   26.581
   4 1.02034E+06  28.312 8.28697E+09   1489.3  804.6  1.512 15.395  5.393  18456.0  9.06467E+44 -2.25858E+45   26.581
   5 1.02576E+06  28.312 8.28695E+09   1489.3  804.5  1.512 15.395  5.393  18456.0  9.06469E+44 -2.25858E+45   26.581
   6 1.03263E+06  28.312 8.28693E+09   1489.3  804.5  1.512 15.395  5.393  18456.1  9.06470E+44 -2.25859E+45   26.581
   7 1.04133E+06  28.312 8.28690E+09   1489.2  804.5  1.512 15.395  5.393  18456.3  9.06473E+44 -2.25859E+45   26.581
   8 1.05235E+06  28.312 8.28686E+09   1489.2  804.5  1.512 15.395  5.393  18456.4  9.06475E+44 -2.25860E+45   26.581
   9 1.06631E+06  28.312 8.28682E+09   1489.2  804.5  1.512 15.395  5.393  18456.6  9.06479E+44 -2.25862E+45   26.581
  10 1.08400E+06  28.312 8.28676E+09   1489.1  804.4  1.512 15.395  5.393  18456.9  9.06484E+44 -2.25863E+45   26.581
  11 1.10640E+06  28.311 8.28669E+09   1489.1  804.4  1.512 15.395  5.393  18457.2  9.06489E+44 -2.25865E+45   26.581
  12 1.13477E+06  28.311 8.28660E+09   1489.0  804.4  1.512 15.395  5.393  18457.6  9.06496E+44 -2.25868E+45   26.581
  13 1.17071E+06  28.311 8.28648E+09   1488.9  804.3  1.512 15.395  5.393  18458.1  9.06506E+44 -2.25871E+45   26.581
  14 1.21623E+06  28.311 8.28633E+09   1488.8  804.2  1.512 15.396  5.393  18458.8  9.06517E+44 -2.25875E+45   26.580
  15 1.27389E+06  28.311 8.28615E+09   1488.6  804.1  1.512 15.396  5.393  18459.6  9.06532E+44 -2.25880E+45   26.580
  16 1.34693E+06  28.310 8.28591E+09   1488.4  804.0  1.512 15.396  5.393  18460.7  9.06551E+44 -2.25887E+45   26.570
  17 1.43944E+06  28.310 8.28561E+09   1488.2  803.8  1.513 15.396  5.393  18462.0  9.06574E+44 -2.25895E+45   26.569
  18 1.55662E+06  28.310 8.28524E+09   1487.8  803.6  1.513 15.396  5.393  18463.7  9.06604E+44 -2.25905E+45   26.569
  19 1.70506E+06  28.309 8.28478E+09   1487.4  803.4  1.513 15.396  5.393  18465.7  9.06639E+44 -2.25918E+45   26.568
  20 1.89307E+06  28.308 8.28417E+09   1486.9  803.0  1.513 15.396  5.393  18468.4  9.06687E+44 -2.25934E+45   26.568
  21 2.00000E+06  28.308 8.28383E+09   1486.6  802.9  1.513 15.396  5.393  18469.9  9.06714E+44 -2.25943E+45   26.567
  22 2.14257E+06  28.307 8.28338E+09   1486.3  802.6  1.513 15.396  5.393  18472.0  9.06750E+44 -2.25956E+45   26.566
  23 2.33267E+06  28.306 8.28277E+09   1485.7  802.3  1.513 15.396  5.393  18474.7  9.06797E+44 -2.25973E+45   26.565
  24 2.58612E+06  28.305 8.28197E+09   1485.1  801.9  1.513 15.396  5.393  18478.2  9.06861E+44 -2.25995E+45   26.564
  25 2.92407E+06  28.304 8.28090E+09   1484.1  801.3  1.513 15.397  5.392  18483.0  9.06946E+44 -2.26024E+45   26.562
  26 3.00000E+06  28.304 8.28065E+09   1483.9  801.1  1.513 15.397  5.392  18484.1  9.06965E+44 -2.26031E+45   26.562
  27 3.10124E+06  28.303 8.28033E+09   1483.7  801.0  1.513 15.397  5.392  18485.5  9.06990E+44 -2.26040E+45   26.562
  28 3.23623E+06  28.303 8.27991E+09   1483.3  800.7  1.513 15.397  5.392  18487.4  9.07024E+44 -2.26051E+45   26.561
  29 3.41621E+06  28.302 8.27934E+09   1482.8  800.4  1.513 15.397  5.392  18490.0  9.07068E+44 -2.26067E+45   26.560
  30 3.65619E+06  28.301 8.27859E+09   1482.2  800.0  1.514 15.397  5.392  18493.3  9.07128E+44 -2.26088E+45   26.559
  31 3.97616E+06  28.300 8.27758E+09   1481.3  799.5  1.514 15.397  5.392  18497.8  9.07207E+44 -2.26115E+45   26.557
  32 4.16230E+06  28.299 8.27700E+09   1480.9  799.2  1.514 15.397  5.392  18500.4  9.07253E+44 -2.26131E+45   26.556
  33 4.41049E+06  28.298 8.27623E+09   1480.2  798.8  1.514 15.398  5.392  18503.9  9.07315E+44 -2.26153E+45   26.555
  34 4.74140E+06  28.297 8.27520E+09   1479.3  798.2  1.514 15.398  5.392  18508.5  9.07396E+44 -2.26181E+45   26.553
  35 5.00000E+06  28.296 8.27439E+09   1478.6  797.8  1.514 15.398  5.392  18512.1  9.07459E+44 -2.26203E+45   26.552
  36 5.34480E+06  28.294 8.27333E+09   1477.7  797.2  1.514 15.398  5.391  18516.9  9.07544E+44 -2.26232E+45   26.550
  37 5.80452E+06  28.293 8.27191E+09   1476.5  796.4  1.515 15.399  5.391  18523.2  9.07656E+44 -2.26271E+45   26.548
  38 6.41749E+06  28.290 8.27003E+09   1475.0  795.4  1.515 15.399  5.391  18531.6  9.07805E+44 -2.26323E+45   26.545
  39 7.00000E+06  28.288 8.26825E+09   1473.4  794.5  1.515 15.399  5.391  18539.6  9.07945E+44 -2.26372E+45   26.542
  40 7.77668E+06  28.285 8.26590E+09   1471.4  793.2  1.516 15.400  5.390  18550.1  9.08132E+44 -2.26437E+45   26.539
  41 8.81224E+06  28.281 8.26279E+09   1468.8  791.5  1.516 15.400  5.390  18564.1  9.08378E+44 -2.26523E+45   26.534
  42 9.00000E+06  28.280 8.26223E+09   1468.3  791.2  1.516 15.401  5.390  18566.6  9.08423E+44 -2.26538E+45   26.533
  43 9.25034E+06  28.279 8.26148E+09   1467.7  790.8  1.516 15.401  5.390  18570.0  9.08482E+44 -2.26559E+45   26.531
  44 9.58413E+06  28.278 8.26048E+09   1466.9  790.3  1.516 15.401  5.390  18574.5  9.08560E+44 -2.26586E+45   26.530
  45 1.00292E+07  28.276 8.25917E+09   1465.7  789.6  1.517 15.401  5.390  18580.4  9.08665E+44 -2.26623E+45   26.528
  46 1.06226E+07  28.274 8.25742E+09   1464.3  788.7  1.517 15.402  5.389  18588.3  9.08804E+44 -2.26671E+45   26.525
  47 1.10000E+07  28.273 8.25631E+09   1463.3  788.1  1.517 15.402  5.389  18593.3  9.08892E+44 -2.26702E+45   26.523
  48 1.15032E+07  28.271 8.25484E+09   1462.1  787.3  1.517 15.402  5.389  18599.9  9.09008E+44 -2.26742E+45   26.521
  49 1.21742E+07  28.268 8.25289E+09   1460.4  786.3  1.518 15.403  5.389  18608.7  9.09163E+44 -2.26796E+45   26.518
  50 1.30688E+07  28.265 8.25031E+09   1458.2  784.9  1.518 15.403  5.388  18620.3  9.09368E+44 -2.26868E+45   26.513
  51 1.42617E+07  28.261 8.24690E+09   1455.4  783.1  1.519 15.404  5.388  18635.7  9.09639E+44 -2.26962E+45   26.508
  52 1.58521E+07  28.255 8.24242E+09   1451.5  780.7  1.519 15.405  5.387  18656.0  9.09996E+44 -2.27086E+45   26.500
  53 1.79727E+07  28.247 8.23653E+09   1446.6  777.5  1.520 15.406  5.387  18682.7  9.10465E+44 -2.27249E+45   26.491
  54 2.08002E+07  28.237 8.22886E+09   1440.0  773.4  1.522 15.408  5.386  18717.5  9.11077E+44 -2.27463E+45   26.478
  55 2.10000E+07  28.236 8.22832E+09   1439.6  773.1  1.522 15.408  5.386  18720.0  9.11120E+44 -2.27478E+45   26.477
  56 2.12664E+07  28.235 8.22761E+09   1439.0  772.7  1.522 15.408  5.385  18723.2  9.11177E+44 -2.27497E+45   26.476
  57 2.16215E+07  28.234 8.22666E+09   1438.2  772.2  1.522 15.408  5.385  18727.5  9.11253E+44 -2.27524E+45   26.474
  58 2.20951E+07  28.233 8.22540E+09   1437.1  771.6  1.522 15.408  5.385  18733.3  9.11353E+44 -2.27559E+45   26.472
  59 2.27265E+07  28.230 8.22373E+09   1435.7  770.7  1.522 15.409  5.385  18740.9  9.11487E+44 -2.27605E+45   26.469
  60 2.35683E+07  28.227 8.22152E+09   1433.8  769.5  1.523 15.409  5.385  18751.0  9.11663E+44 -2.27667E+45   26.465
  61 2.46908E+07  28.224 8.21859E+09   1431.3  767.9  1.523 15.410  5.384  18764.3  9.11897E+44 -2.27748E+45   26.460
  62 2.61874E+07  28.218 8.21474E+09   1428.1  765.8  1.524 15.411  5.384  18781.9  9.12206E+44 -2.27856E+45   26.454
  63 2.81829E+07  28.212 8.20967E+09   1423.7  763.1  1.525 15.412  5.383  18805.1  9.12612E+44 -2.27998E+45   26.445
  64 3.08436E+07  28.203 8.20303E+09   1418.1  759.5  1.526 15.413  5.382  18835.6  9.13144E+44 -2.28183E+45   26.421
  65 3.26230E+07  28.197 8.19867E+09   1414.4  757.1  1.526 15.414  5.382  18855.6  9.13494E+44 -2.28305E+45   26.413
  66 3.49956E+07  28.189 8.19296E+09   1409.6  754.0  1.527 15.415  5.381  18881.9  9.13953E+44 -2.28465E+45   26.403
  67 3.81590E+07  28.179 8.18551E+09   1403.2  749.9  1.528 15.417  5.380  18916.3  9.14552E+44 -2.28674E+45   26.390
  68 4.10000E+07  28.170 8.17897E+09   1397.7  746.3  1.529 15.418  5.379  18946.6  9.15078E+44 -2.28857E+45   26.378
  69 4.47880E+07  28.158 8.17048E+09   1390.4  741.5  1.531 15.420  5.378  18986.0  9.15763E+44 -2.29096E+45   26.363
  70 4.98386E+07  28.142 8.15952E+09   1381.1  735.4  1.533 15.422  5.376  19037.0  9.16648E+44 -2.29405E+45   26.344
  71 5.65728E+07  28.122 8.14559E+09   1369.4  727.4  1.535 15.425  5.374  19102.2  9.17777E+44 -2.29799E+45   26.318
  72 6.10000E+07  28.109 8.13675E+09   1361.9  722.4  1.536 15.427  5.373  19143.7  9.18492E+44 -2.30049E+45   26.301
  73 6.69029E+07  28.092 8.12541E+09   1352.3  715.9  1.538 15.430  5.371  19197.1  9.19414E+44 -2.30371E+45   26.263
  74 7.47735E+07  28.070 8.11099E+09   1340.0  707.7  1.540 15.433  5.369  19265.5  9.20588E+44 -2.30782E+45   26.235
  75 8.10000E+07  28.054 8.10010E+09   1330.7  701.5  1.542 15.435  5.367  19317.3  9.21476E+44 -2.31093E+45   26.214
  76 8.93020E+07  28.033 8.08623E+09   1318.9  693.6  1.544 15.438  5.365  19383.6  9.22609E+44 -2.31490E+45   26.187
  77 1.00371E+08  28.006 8.06878E+09   1304.1  683.8  1.547 15.442  5.362  19467.6  9.24040E+44 -2.31991E+45   26.130
  78 1.01000E+08  28.005 8.06782E+09   1303.2  683.3  1.547 15.442  5.362  19472.2  9.24117E+44 -2.32018E+45   26.128
  79 1.01838E+08  28.003 8.06655E+09   1302.2  682.6  1.548 15.442  5.362  19478.3  9.24221E+44 -2.32055E+45   26.126
  80 1.02956E+08  28.000 8.06486E+09   1300.7  681.6  1.548 15.443  5.362  19486.5  9.24360E+44 -2.32103E+45   26.122
  81 1.04446E+08  27.997 8.06263E+09   1298.8  680.4  1.548 15.443  5.361  19497.3  9.24543E+44 -2.32168E+45   26.118
  82 1.06433E+08  27.992 8.05968E+09   1296.3  678.7  1.549 15.444  5.361  19511.5  9.24785E+44 -2.32253E+45   26.112
  83 1.09082E+08  27.986 8.05580E+09   1293.0  676.6  1.549 15.445  5.360  19530.3  9.25104E+44 -2.32364E+45   26.104
  84 1.12615E+08  27.978 8.05072E+09   1288.6  673.7  1.550 15.446  5.359  19555.0  9.25522E+44 -2.32511E+45   26.093
  85 1.17324E+08  27.968 8.04408E+09   1283.0  670.1  1.551 15.447  5.358  19587.3  9.26067E+44 -2.32703E+45   26.079
  86 1.23604E+08  27.955 8.03549E+09   1275.6  665.3  1.553 15.449  5.357  19629.2  9.26775E+44 -2.32952E+45   26.061
  87 1.31977E+08  27.938 8.02445E+09   1266.2  659.2  1.554 15.452  5.355  19683.3  9.27685E+44 -2.33272E+45   26.012
  88 1.43141E+08  27.916 8.01041E+09   1254.2  651.5  1.557 15.455  5.353  19752.3  9.28845E+44 -2.33680E+45   25.981
  89 1.58026E+08  27.888 7.99279E+09   1239.1  641.9  1.559 15.458  5.350  19839.5  9.30303E+44 -2.34195E+45   25.943
  90 1.77873E+08  27.853 7.97102E+09   1220.5  630.0  1.563 15.463  5.346  19948.1  9.32111E+44 -2.34833E+45   25.863
  91 2.01000E+08  27.816 7.94778E+09   1200.6  617.5  1.567 15.468  5.342  20064.9  9.34040E+44 -2.35516E+45   25.774
  92 2.31837E+08  27.770 7.91978E+09   1176.5  602.5  1.571 15.474  5.337  20207.0  9.36374E+44 -2.36345E+45   25.667
  93 2.72952E+08  27.715 7.88676E+09   1148.2  584.9  1.577 15.482  5.330  20376.6  9.39134E+44 -2.37329E+45   25.541
  94 3.17230E+08  27.662 7.85556E+09   1121.4  568.3  1.582 15.488  5.324  20538.8  9.41744E+44 -2.38264E+45   25.361
  95 3.76267E+08  27.598 7.81939E+09   1090.3  549.3  1.588 15.496  5.317  20729.3  9.44778E+44 -2.39356E+45   25.090
  96 4.01000E+08  27.574 7.80575E+09   1078.5  542.2  1.590 15.499  5.314  20801.7  9.45911E+44 -2.39767E+45   24.989
  97 4.33977E+08  27.544 7.78871E+09   1063.9  533.4  1.593 15.503  5.310  20892.8  9.47342E+44 -2.40285E+45   24.807
  98 4.77947E+08  27.507 7.76776E+09   1045.9  522.9  1.596 15.508  5.306  21005.7  9.49104E+44 -2.40924E+45   24.383
  99 5.36573E+08  27.463 7.74241E+09   1024.1  510.7  1.601 15.513  5.300  21143.5  9.51241E+44 -2.41701E+45   22.184
 100 6.01000E+08  27.419 7.71738E+09   1002.6  498.7  1.605 15.519  5.294  21280.9  9.53355E+44 -2.42472E+45    0.000
 101 6.86903E+08  27.364 7.68779E+09    977.1  484.1  1.610 15.525  5.287  21445.0  9.55863E+44 -2.43388E+45    0.000
 102 8.01000E+08  27.302 7.65374E+09    947.9  468.1  1.615 15.533  5.279  21636.2  9.58755E+44 -2.44449E+45    0.000
 103 9.53130E+08  27.229 7.61516E+09    914.8  450.0  1.622 15.541  5.269  21855.9  9.62046E+44 -2.45659E+45    0.000
 104 1.00100E+09  27.206 7.60436E+09    905.5  444.4  1.623 15.544  5.266  21918.1  9.62974E+44 -2.46000E+45    0.000
 105 1.06483E+09  27.176 7.59086E+09    894.0  437.1  1.626 15.547  5.263  21996.1  9.64136E+44 -2.46427E+45    0.000
 106 1.14993E+09  27.137 7.57431E+09    879.8  428.0  1.628 15.551  5.258  22092.4  9.65564E+44 -2.46953E+45    0.000
 107 1.26340E+09  27.093 7.55435E+09    862.7  417.7  1.632 15.555  5.253  22209.2  9.67292E+44 -2.47589E+45    0.000
 108 1.41469E+09  27.042 7.53062E+09    842.4  406.3  1.636 15.560  5.246  22349.5  9.69357E+44 -2.48350E+45    0.000
 109 1.61642E+09  26.983 7.50288E+09    818.7  393.5  1.640 15.566  5.238  22515.1  9.71778E+44 -2.49243E+45    0.000
 110 1.88538E+09  26.917 7.47104E+09    791.7  379.7  1.646 15.574  5.228  22707.3  9.74556E+44 -2.50271E+45    0.000
 111 2.00100E+09  26.894 7.45874E+09    781.2  374.9  1.648 15.576  5.224  22782.3  9.75628E+44 -2.50669E+45    0.000
 112 2.15516E+09  26.865 7.44333E+09    768.2  369.1  1.650 15.580  5.219  22876.7  9.76976E+44 -2.51170E+45    0.000
 113 2.36070E+09  26.830 7.42430E+09    752.1  362.3  1.654 15.584  5.213  22994.1  9.78643E+44 -2.51790E+45    0.000
 114 2.63476E+09  26.789 7.40116E+09    732.6  354.4  1.657 15.589  5.205  23138.2  9.80673E+44 -2.52548E+45    0.000
 115 3.00018E+09  26.740 7.37352E+09    709.4  345.1  1.662 15.595  5.196  23312.0  9.83100E+44 -2.53457E+45    0.000
 116 3.16330E+09  26.719 7.36218E+09    699.9  341.3  1.664 15.598  5.192  23383.8  9.84091E+44 -2.53830E+45    0.000
 117 3.38080E+09  26.693 7.34789E+09    687.9  336.5  1.666 15.601  5.187  23474.8  9.85347E+44 -2.54303E+45    0.000
 118 3.67079E+09  26.660 7.33015E+09    673.1  330.6  1.669 15.605  5.180  23588.6  9.86909E+44 -2.54892E+45    0.000
 119 4.00100E+09  26.626 7.31151E+09    657.6  324.5  1.672 15.609  5.173  23709.0  9.88552E+44 -2.55514E+45    0.000
 120 4.44127E+09  26.583 7.28886E+09    638.8  317.1  1.676 15.615  5.164  23856.6  9.90557E+44 -2.56271E+45    0.000
 121 5.02831E+09  26.530 7.26191E+09    616.6  308.2  1.681 15.621  5.153  24034.1  9.92955E+44 -2.57178E+45    0.000
 122 5.81102E+09  26.466 7.23062E+09    591.0  297.7  1.686 15.628  5.140  24242.6  9.95756E+44 -2.58235E+45    0.000
 123 6.00100E+09  26.451 7.22371E+09    585.4  295.3  1.687 15.629  5.137  24288.9  9.96363E+44 -2.58466E+45    0.000
 124 6.25431E+09  26.432 7.21485E+09    578.2  292.2  1.689 15.631  5.133  24348.5  9.97158E+44 -2.58766E+45    0.000
 125 6.59206E+09  26.407 7.20364E+09    569.1  288.3  1.691 15.634  5.129  24424.4  9.98165E+44 -2.59146E+45    0.000
 126 7.04240E+09  26.376 7.18967E+09    557.8  283.4  1.693 15.637  5.122  24519.4  9.99425E+44 -2.59622E+45    0.000
 127 7.64284E+09  26.337 7.17255E+09    544.0  277.4  1.696 15.641  5.114  24636.6  1.00097E+45 -2.60207E+45    0.000
 128 8.00100E+09  26.315 7.16306E+09    536.3  274.1  1.697 15.643  5.110  24701.9  1.00183E+45 -2.60531E+45    0.000
 129 8.47855E+09  26.287 7.15114E+09    526.8  270.0  1.699 15.646  5.104  24784.3  1.00291E+45 -2.60940E+45    0.000
 130 9.11528E+09  26.251 7.13641E+09    515.0  264.8  1.702 15.649  5.097  24886.8  1.00426E+45 -2.61447E+45    0.000
 131 9.96425E+09  26.208 7.11853E+09    500.7  258.5  1.705 15.653  5.088  25011.9  1.00589E+45 -2.62065E+45    0.000
 132 1.00010E+10  26.206 7.11780E+09    500.1  258.3  1.705 15.653  5.088  25017.0  1.00596E+45 -2.62089E+45    0.000
 133 1.00500E+10  26.203 7.11683E+09    499.3  257.9  1.705 15.653  5.087  25023.9  1.00604E+45 -2.62123E+45    0.000
 134 1.01153E+10  26.200 7.11554E+09    498.3  257.5  1.705 15.654  5.087  25032.9  1.00616E+45 -2.62168E+45    0.000
 135 1.02024E+10  26.196 7.11384E+09    497.0  256.9  1.706 15.654  5.086  25044.9  1.00632E+45 -2.62226E+45    0.000
 136 1.03186E+10  26.190 7.11160E+09    495.2  256.1  1.706 15.655  5.085  25060.7  1.00652E+45 -2.62304E+45    0.000
 137 1.04735E+10  26.183 7.10865E+09    492.8  255.0  1.707 15.655  5.083  25081.5  1.00679E+45 -2.62406E+45    0.000
 138 1.06800E+10  26.173 7.10481E+09    489.8  253.7  1.707 15.656  5.081  25108.6  1.00715E+45 -2.62540E+45    0.000
 139 1.09553E+10  26.160 7.09982E+09    485.8  251.9  1.708 15.657  5.079  25143.9  1.00761E+45 -2.62713E+45    0.000
 140 1.13224E+10  26.143 7.09340E+09    480.7  249.6  1.709 15.659  5.075  25189.5  1.00820E+45 -2.62936E+45    0.000
 141 1.18118E+10  26.122 7.08522E+09    474.3  246.6  1.711 15.661  5.071  25247.6  1.00896E+45 -2.63221E+45    0.000
 142 1.24644E+10  26.094 7.07494E+09    466.1  242.9  1.712 15.663  5.065  25321.1  1.00992E+45 -2.63580E+45    0.000
 143 1.33346E+10  26.058 7.06223E+09    456.1  238.2  1.714 15.666  5.058  25412.3  1.01111E+45 -2.64026E+45    0.000
 144 1.44948E+10  26.015 7.04681E+09    444.0  232.5  1.717 15.669  5.050  25523.6  1.01256E+45 -2.64569E+45    0.000
 145 1.50010E+10  25.997 7.04057E+09    439.1  230.2  1.718 15.671  5.046  25568.9  1.01315E+45 -2.64789E+45    0.000
 146 1.56760E+10  25.973 7.03264E+09    432.9  227.3  1.719 15.673  5.041  25626.6  1.01390E+45 -2.65070E+45    0.000
 147 1.65759E+10  25.944 7.02271E+09    425.1  223.7  1.721 15.675  5.036  25699.1  1.01485E+45 -2.65422E+45    0.000
 148 1.77759E+10  25.908 7.01049E+09    415.6  219.2  1.723 15.678  5.028  25788.8  1.01602E+45 -2.65857E+45    0.000
 149 1.93758E+10  25.863 6.99572E+09    404.0  213.8  1.726 15.681  5.019  25897.8  1.01744E+45 -2.66385E+45    0.000
 150 2.00010E+10  25.846 6.99037E+09    399.9  211.9  1.727 15.682  5.015  25937.5  1.01795E+45 -2.66576E+45    0.000
