

                           Program bd_evol.f

       Adiabatic models with H-He envelopes and nuclear reactions

    Surface boundary condition: jun17_cloudless+0.0_BC
    No Solar insolation

*** MS=   4.0000 Mj          0.00382 Msun

       t(years)   log L     R(cm)        Ts     Te   log rc log Pc log Tc     g        Uth          Ugrav     log Lnuc

   1 1.00634E+06  28.486 9.32775E+09   1870.5  838.5  0.902 14.338  5.089   5826.9  1.29364E+44 -3.15472E+44    0.000
   2 1.01268E+06  28.486 9.32755E+09   1870.4  838.4  0.902 14.338  5.089   5827.1  1.29365E+44 -3.15478E+44    0.000
   3 1.01606E+06  28.486 9.32745E+09   1870.3  838.4  0.902 14.338  5.089   5827.2  1.29365E+44 -3.15481E+44    0.000
   4 1.02034E+06  28.486 9.32732E+09   1870.2  838.3  0.902 14.338  5.089   5827.4  1.29366E+44 -3.15485E+44    0.000
   5 1.02576E+06  28.486 9.32715E+09   1870.0  838.3  0.902 14.339  5.089   5827.6  1.29366E+44 -3.15490E+44    0.000
   6 1.03263E+06  28.486 9.32694E+09   1869.9  838.2  0.902 14.339  5.089   5827.9  1.29367E+44 -3.15497E+44    0.000
   7 1.04133E+06  28.485 9.32667E+09   1869.7  838.1  0.903 14.339  5.089   5828.2  1.29368E+44 -3.15505E+44    0.000
   8 1.05235E+06  28.485 9.32634E+09   1869.4  837.9  0.903 14.339  5.089   5828.6  1.29369E+44 -3.15516E+44    0.000
   9 1.06631E+06  28.485 9.32591E+09   1869.0  837.8  0.903 14.339  5.089   5829.2  1.29371E+44 -3.15529E+44    0.000
  10 1.08400E+06  28.484 9.32537E+09   1868.6  837.5  0.903 14.339  5.089   5829.8  1.29373E+44 -3.15546E+44    0.000
  11 1.10640E+06  28.483 9.32468E+09   1868.0  837.3  0.903 14.339  5.089   5830.7  1.29375E+44 -3.15568E+44    0.000
  12 1.13477E+06  28.483 9.32382E+09   1867.3  836.9  0.903 14.339  5.089   5831.8  1.29378E+44 -3.15595E+44    0.000
  13 1.17071E+06  28.482 9.32273E+09   1866.5  836.4  0.903 14.339  5.088   5833.1  1.29382E+44 -3.15629E+44    0.000
  14 1.21623E+06  28.480 9.32135E+09   1865.3  835.9  0.903 14.340  5.088   5834.9  1.29387E+44 -3.15672E+44    0.000
  15 1.27389E+06  28.479 9.31961E+09   1863.9  835.2  0.904 14.340  5.088   5837.0  1.29393E+44 -3.15727E+44    0.000
  16 1.34693E+06  28.477 9.31742E+09   1862.2  834.2  0.904 14.340  5.088   5839.8  1.29401E+44 -3.15795E+44    0.000
  17 1.43944E+06  28.474 9.31465E+09   1859.9  833.1  0.904 14.341  5.088   5843.2  1.29410E+44 -3.15882E+44    0.000
  18 1.55662E+06  28.471 9.31118E+09   1857.1  831.7  0.905 14.341  5.087   5847.6  1.29422E+44 -3.15991E+44    0.000
  19 1.70506E+06  28.466 9.30682E+09   1853.6  829.8  0.905 14.342  5.087   5853.1  1.29437E+44 -3.16128E+44    0.000
  20 1.89307E+06  28.461 9.30137E+09   1849.1  827.6  0.906 14.343  5.087   5859.9  1.29456E+44 -3.16300E+44    0.000
  21 2.00000E+06  28.458 9.29830E+09   1846.7  826.3  0.906 14.344  5.086   5863.8  1.29466E+44 -3.16396E+44    0.000
  22 2.14257E+06  28.454 9.29426E+09   1843.4  824.6  0.907 14.344  5.086   5868.9  1.29480E+44 -3.16524E+44    0.000
  23 2.33267E+06  28.449 9.28891E+09   1839.0  822.4  0.908 14.345  5.086   5875.7  1.29498E+44 -3.16693E+44    0.000
  24 2.58612E+06  28.442 9.28189E+09   1833.3  819.5  0.909 14.347  5.085   5884.6  1.29522E+44 -3.16915E+44    0.000
  25 2.92407E+06  28.433 9.27272E+09   1825.9  815.6  0.910 14.348  5.084   5896.2  1.29553E+44 -3.17205E+44    0.000
  26 3.00000E+06  28.431 9.27069E+09   1824.2  814.8  0.910 14.349  5.084   5898.8  1.29560E+44 -3.17269E+44    0.000
  27 3.10124E+06  28.428 9.26800E+09   1822.0  813.7  0.911 14.349  5.084   5902.2  1.29569E+44 -3.17355E+44    0.000
  28 3.23623E+06  28.425 9.26444E+09   1819.1  812.2  0.911 14.350  5.083   5906.8  1.29580E+44 -3.17468E+44    0.000
  29 3.41621E+06  28.420 9.25974E+09   1815.3  810.2  0.912 14.351  5.083   5912.8  1.29596E+44 -3.17617E+44    0.000
  30 3.65619E+06  28.414 9.25356E+09   1810.2  807.6  0.913 14.352  5.082   5920.7  1.29616E+44 -3.17814E+44    0.000
  31 3.97616E+06  28.406 9.24548E+09   1803.6  804.2  0.914 14.353  5.082   5931.0  1.29643E+44 -3.18072E+44    0.000
  32 4.16230E+06  28.401 9.24085E+09   1799.9  802.2  0.914 14.354  5.081   5937.0  1.29658E+44 -3.18220E+44    0.000
  33 4.41049E+06  28.395 9.23476E+09   1794.9  799.7  0.915 14.355  5.081   5944.8  1.29677E+44 -3.18414E+44    0.000
  34 4.74140E+06  28.387 9.22679E+09   1788.4  796.3  0.916 14.356  5.080   5955.1  1.29703E+44 -3.18670E+44    0.000
  35 5.00000E+06  28.381 9.22071E+09   1783.4  793.7  0.917 14.358  5.080   5962.9  1.29722E+44 -3.18864E+44    0.000
  36 5.34480E+06  28.373 9.21269E+09   1776.8  790.3  0.918 14.359  5.079   5973.3  1.29747E+44 -3.19122E+44    0.000
  37 5.80452E+06  28.362 9.20226E+09   1768.3  785.9  0.920 14.361  5.078   5986.9  1.29780E+44 -3.19459E+44    0.000
  38 6.41749E+06  28.348 9.18878E+09   1757.2  780.2  0.922 14.363  5.077   6004.4  1.29821E+44 -3.19895E+44    0.000
  39 7.00000E+06  28.335 9.17641E+09   1747.1  774.9  0.923 14.366  5.075   6020.6  1.29859E+44 -3.20296E+44    0.000
  40 7.77668E+06  28.318 9.16055E+09   1734.0  768.1  0.926 14.368  5.074   6041.5  1.29906E+44 -3.20812E+44    0.000
  41 8.81224E+06  28.297 9.14039E+09   1717.4  759.4  0.929 14.372  5.072   6068.2  1.29964E+44 -3.21471E+44    0.000
  42 9.00000E+06  28.293 9.13685E+09   1714.4  757.9  0.929 14.373  5.072   6072.9  1.29974E+44 -3.21587E+44    0.000
  43 9.25034E+06  28.288 9.13219E+09   1710.6  755.9  0.930 14.374  5.071   6079.1  1.29988E+44 -3.21740E+44    0.000
  44 9.58413E+06  28.281 9.12604E+09   1705.5  753.2  0.931 14.375  5.070   6087.3  1.30005E+44 -3.21942E+44    0.000
  45 1.00292E+07  28.272 9.11804E+09   1698.9  749.8  0.932 14.376  5.070   6098.0  1.30028E+44 -3.22205E+44    0.000
  46 1.06226E+07  28.261 9.10762E+09   1690.3  745.2  0.933 14.378  5.069   6111.9  1.30056E+44 -3.22549E+44    0.000
  47 1.10000E+07  28.254 9.10115E+09   1685.0  742.4  0.934 14.379  5.068   6120.6  1.30074E+44 -3.22763E+44    0.000
  48 1.15032E+07  28.244 9.09270E+09   1678.0  738.7  0.935 14.381  5.067   6132.0  1.30097E+44 -3.23043E+44    0.000
  49 1.21742E+07  28.232 9.08178E+09   1668.9  733.9  0.937 14.383  5.066   6146.8  1.30126E+44 -3.23405E+44    0.000
  50 1.30688E+07  28.216 9.06769E+09   1657.2  727.7  0.939 14.386  5.065   6165.9  1.30163E+44 -3.23875E+44    0.000
  51 1.42617E+07  28.195 9.04975E+09   1642.3  719.7  0.942 14.389  5.063   6190.3  1.30210E+44 -3.24475E+44    0.000
  52 1.58521E+07  28.168 9.02720E+09   1623.6  709.6  0.945 14.393  5.060   6221.3  1.30266E+44 -3.25233E+44    0.000
  53 1.79727E+07  28.134 8.99933E+09   1600.6  697.0  0.949 14.398  5.057   6259.9  1.30335E+44 -3.26176E+44    0.000
  54 2.08002E+07  28.091 8.96551E+09   1572.5  681.4  0.954 14.405  5.053   6307.2  1.30416E+44 -3.27330E+44    0.000
  55 2.10000E+07  28.089 8.96325E+09   1570.6  680.3  0.954 14.405  5.053   6310.4  1.30420E+44 -3.27406E+44    0.000
  56 2.12664E+07  28.085 8.96026E+09   1568.1  679.0  0.955 14.406  5.053   6314.6  1.30427E+44 -3.27508E+44    0.000
  57 2.16215E+07  28.080 8.95632E+09   1564.9  677.1  0.955 14.406  5.052   6320.2  1.30436E+44 -3.27643E+44    0.000
  58 2.20951E+07  28.073 8.95113E+09   1560.5  674.7  0.956 14.407  5.052   6327.5  1.30448E+44 -3.27821E+44    0.000
  59 2.27265E+07  28.064 8.94435E+09   1554.9  671.6  0.957 14.409  5.051   6337.1  1.30464E+44 -3.28054E+44    0.000
  60 2.35683E+07  28.053 8.93553E+09   1547.6  667.5  0.958 14.410  5.050   6349.6  1.30484E+44 -3.28358E+44    0.000
  61 2.46908E+07  28.038 8.92415E+09   1538.1  662.2  0.960 14.412  5.049   6365.8  1.30510E+44 -3.28751E+44    0.000
  62 2.61874E+07  28.019 8.90958E+09   1525.9  655.5  0.962 14.415  5.047   6386.7  1.30543E+44 -3.29255E+44    0.000
  63 2.81829E+07  27.994 8.89115E+09   1510.6  647.0  0.965 14.419  5.045   6413.2  1.30584E+44 -3.29896E+44    0.000
  64 3.08436E+07  27.963 8.86818E+09   1491.6  636.4  0.968 14.423  5.042   6446.4  1.30635E+44 -3.30698E+44    0.000
  65 3.26230E+07  27.944 8.85372E+09   1479.6  629.8  0.970 14.426  5.040   6467.5  1.30667E+44 -3.31204E+44    0.000
  66 3.49956E+07  27.918 8.83545E+09   1464.4  621.3  0.973 14.429  5.038   6494.3  1.30706E+44 -3.31847E+44    0.000
  67 3.81590E+07  27.886 8.81281E+09   1445.6  610.5  0.976 14.434  5.035   6527.7  1.30756E+44 -3.32649E+44    0.000
  68 4.10000E+07  27.857 8.79391E+09   1430.0  601.2  0.979 14.437  5.032   6555.8  1.30796E+44 -3.33320E+44    0.000
  69 4.47880E+07  27.821 8.77062E+09   1410.7  589.4  0.982 14.442  5.029   6590.7  1.30846E+44 -3.34152E+44    0.000
  70 4.98386E+07  27.776 8.74246E+09   1387.4  575.5  0.987 14.447  5.025   6633.2  1.30906E+44 -3.35162E+44    0.000
  71 5.65728E+07  27.727 8.70892E+09   1359.9  560.4  0.992 14.454  5.021   6684.4  1.30978E+44 -3.36375E+44    0.000
  72 6.10000E+07  27.697 8.68887E+09   1343.4  551.5  0.994 14.457  5.018   6715.2  1.31020E+44 -3.37104E+44    0.000
  73 6.69029E+07  27.659 8.66423E+09   1323.1  540.3  0.998 14.462  5.014   6753.5  1.31074E+44 -3.38005E+44    0.000
  74 7.47735E+07  27.613 8.63454E+09   1298.8  527.3  1.003 14.468  5.010   6800.0  1.31138E+44 -3.39096E+44    0.000
  75 8.10000E+07  27.583 8.61309E+09   1281.2  518.8  1.006 14.472  5.007   6833.9  1.31185E+44 -3.39889E+44    0.000
  76 8.93020E+07  27.546 8.58671E+09   1259.6  508.6  1.010 14.477  5.002   6876.0  1.31245E+44 -3.40872E+44    0.000
  77 1.00371E+08  27.491 8.55514E+09   1233.8  493.6  1.015 14.483  4.997   6926.8  1.31318E+44 -3.42053E+44    0.000
  78 1.01000E+08  27.487 8.55347E+09   1232.4  492.7  1.015 14.484  4.997   6929.5  1.31321E+44 -3.42116E+44    0.000
  79 1.01838E+08  27.483 8.55128E+09   1230.6  491.4  1.015 14.484  4.997   6933.1  1.31327E+44 -3.42198E+44    0.000
  80 1.02956E+08  27.476 8.54838E+09   1228.3  489.7  1.016 14.485  4.996   6937.8  1.31333E+44 -3.42307E+44    0.000
  81 1.04446E+08  27.468 8.54459E+09   1225.2  487.4  1.016 14.486  4.996   6943.9  1.31342E+44 -3.42450E+44    0.000
  82 1.06433E+08  27.457 8.53965E+09   1221.1  484.5  1.017 14.486  4.995   6952.0  1.31354E+44 -3.42637E+44    0.000
  83 1.09082E+08  27.443 8.53326E+09   1215.9  481.0  1.018 14.488  4.994   6962.4  1.31369E+44 -3.42878E+44    0.000
  84 1.12615E+08  27.428 8.52501E+09   1209.2  476.8  1.019 14.489  4.992   6975.9  1.31389E+44 -3.43190E+44    0.000
  85 1.17324E+08  27.410 8.51446E+09   1200.6  472.2  1.021 14.491  4.991   6993.2  1.31414E+44 -3.43590E+44    0.000
  86 1.23604E+08  27.389 8.50103E+09   1189.7  467.1  1.023 14.494  4.988   7015.3  1.31446E+44 -3.44101E+44    0.000
  87 1.31977E+08  27.365 8.48405E+09   1175.9  461.1  1.025 14.497  4.986   7043.4  1.31487E+44 -3.44749E+44    0.000
  88 1.43141E+08  27.335 8.46283E+09   1158.7  453.8  1.028 14.502  4.982   7078.7  1.31540E+44 -3.45562E+44    0.000
  89 1.58026E+08  27.296 8.43678E+09   1137.6  444.3  1.032 14.507  4.977   7122.6  1.31606E+44 -3.46569E+44    0.000
  90 1.77873E+08  27.246 8.40556E+09   1112.4  432.6  1.037 14.513  4.972   7175.6  1.31685E+44 -3.47778E+44    0.000
  91 2.01000E+08  27.201 8.37309E+09   1086.4  422.2  1.042 14.519  4.965   7231.3  1.31770E+44 -3.49041E+44    0.000
  92 2.31837E+08  27.152 8.33435E+09   1055.5  411.6  1.048 14.527  4.958   7298.7  1.31878E+44 -3.50565E+44    0.000
  93 2.72952E+08  27.095 8.28880E+09   1019.3  399.2  1.055 14.536  4.949   7379.2  1.32012E+44 -3.52376E+44    0.000
  94 3.17230E+08  27.033 8.24626E+09    985.8  386.3  1.061 14.545  4.940   7455.5  1.32140E+44 -3.54071E+44    0.000
  95 3.76267E+08  26.962 8.19797E+09    948.0  371.9  1.069 14.554  4.930   7543.6  1.32300E+44 -3.56027E+44    0.000
  96 4.01000E+08  26.937 8.17990E+09    933.9  367.0  1.071 14.558  4.926   7576.9  1.32362E+44 -3.56761E+44    0.000
  97 4.33977E+08  26.906 8.15743E+09    916.4  361.0  1.075 14.563  4.921   7618.7  1.32445E+44 -3.57683E+44    0.000
  98 4.77947E+08  26.869 8.12981E+09    894.9  353.9  1.079 14.568  4.914   7670.6  1.32554E+44 -3.58825E+44    0.000
  99 5.36573E+08  26.823 8.09651E+09    869.2  345.5  1.084 14.575  4.906   7733.8  1.32695E+44 -3.60217E+44    0.000
 100 6.01000E+08  26.777 8.06367E+09    843.9  337.2  1.089 14.582  4.898   7796.9  1.32847E+44 -3.61600E+44    0.000
 101 6.86903E+08  26.722 8.02474E+09    814.3  327.4  1.095 14.590  4.888   7872.8  1.33043E+44 -3.63253E+44    0.000
 102 8.01000E+08  26.656 7.97978E+09    780.5  316.1  1.102 14.599  4.877   7961.8  1.33287E+44 -3.65174E+44    0.000
 103 9.53130E+08  26.580 7.92904E+09    742.8  303.4  1.110 14.609  4.863   8063.9  1.33572E+44 -3.67348E+44    0.000
 104 1.00100E+09  26.558 7.91481E+09    732.3  299.9  1.112 14.612  4.859   8092.9  1.33653E+44 -3.67962E+44    0.000
 105 1.06483E+09  26.530 7.89694E+09    719.1  295.5  1.115 14.616  4.854   8129.6  1.33755E+44 -3.68737E+44    0.000
 106 1.14993E+09  26.495 7.87481E+09    702.9  290.0  1.118 14.621  4.847   8175.4  1.33881E+44 -3.69698E+44    0.000
 107 1.26340E+09  26.452 7.84795E+09    683.3  283.3  1.122 14.626  4.839   8231.4  1.34031E+44 -3.70870E+44    0.000
 108 1.41469E+09  26.399 7.81598E+09    660.2  275.4  1.127 14.633  4.829   8298.9  1.34207E+44 -3.72273E+44    0.000
 109 1.61642E+09  26.335 7.77879E+09    633.5  266.2  1.133 14.640  4.817   8378.5  1.34411E+44 -3.73913E+44    0.000
 110 1.88538E+09  26.261 7.73652E+09    603.6  255.7  1.140 14.649  4.802   8470.3  1.34647E+44 -3.75789E+44    0.000
 111 2.00100E+09  26.232 7.72037E+09    592.2  251.7  1.142 14.652  4.796   8505.7  1.34736E+44 -3.76501E+44    0.000
 112 2.15516E+09  26.196 7.70039E+09    578.3  246.9  1.145 14.656  4.789   8549.9  1.34851E+44 -3.77392E+44    0.000
 113 2.36070E+09  26.151 7.67616E+09    561.6  241.0  1.149 14.661  4.780   8604.0  1.34994E+44 -3.78478E+44    0.000
 114 2.63476E+09  26.096 7.64740E+09    541.8  234.0  1.153 14.667  4.769   8668.9  1.35166E+44 -3.79772E+44    0.000
 115 3.00018E+09  26.031 7.61411E+09    519.1  225.9  1.158 14.674  4.756   8744.8  1.35369E+44 -3.81279E+44    0.000
 116 3.16330E+09  26.005 7.60077E+09    510.1  222.6  1.160 14.677  4.750   8775.5  1.35449E+44 -3.81880E+44    0.000
 117 3.38080E+09  25.971 7.58422E+09    498.9  218.5  1.163 14.680  4.744   8813.9  1.35550E+44 -3.82633E+44    0.000
 118 3.67079E+09  25.928 7.56406E+09    485.3  213.6  1.166 14.684  4.735   8860.9  1.35675E+44 -3.83552E+44    0.000
 119 4.00100E+09  25.884 7.54336E+09    471.5  208.5  1.169 14.689  4.726   8909.6  1.35802E+44 -3.84498E+44    0.000
 120 4.44127E+09  25.830 7.51886E+09    455.1  202.4  1.173 14.694  4.715   8967.8  1.35953E+44 -3.85625E+44    0.000
 121 5.02831E+09  25.765 7.49058E+09    436.3  195.3  1.177 14.700  4.702   9035.6  1.36128E+44 -3.86934E+44    0.000
 122 5.81102E+09  25.688 7.45886E+09    415.3  187.3  1.182 14.706  4.686   9112.7  1.36323E+44 -3.88415E+44    0.000
 123 6.00100E+09  25.671 7.45199E+09    410.7  185.5  1.183 14.708  4.682   9129.4  1.36363E+44 -3.88731E+44    0.000
 124 6.25431E+09  25.649 7.44326E+09    404.9  183.3  1.185 14.709  4.678   9150.8  1.36416E+44 -3.89142E+44    0.000
 125 6.59206E+09  25.621 7.43230E+09    397.7  180.5  1.186 14.712  4.672   9177.8  1.36482E+44 -3.89658E+44    0.000
 126 7.04240E+09  25.585 7.41877E+09    388.8  177.0  1.188 14.715  4.665   9211.4  1.36564E+44 -3.90297E+44    0.000
 127 7.64284E+09  25.541 7.40234E+09    378.0  172.8  1.191 14.718  4.656   9252.3  1.36663E+44 -3.91073E+44    0.000
 128 8.00100E+09  25.516 7.39331E+09    372.0  170.4  1.192 14.720  4.651   9274.9  1.36716E+44 -3.91500E+44    0.000
 129 8.47855E+09  25.485 7.38205E+09    364.7  167.5  1.194 14.722  4.644   9303.2  1.36782E+44 -3.92033E+44    0.000
 130 9.11528E+09  25.446 7.36824E+09    355.7  163.9  1.196 14.725  4.636   9338.1  1.36862E+44 -3.92687E+44    0.000
 131 9.96425E+09  25.397 7.35164E+09    344.9  159.5  1.199 14.729  4.626   9380.4  1.36956E+44 -3.93473E+44    0.000
 132 1.00010E+10  25.395 7.35096E+09    344.5  159.4  1.199 14.729  4.626   9382.1  1.36959E+44 -3.93504E+44    0.000
 133 1.00500E+10  25.392 7.35006E+09    343.9  159.1  1.199 14.729  4.625   9384.4  1.36964E+44 -3.93546E+44    0.000
 134 1.01153E+10  25.389 7.34887E+09    343.1  158.8  1.199 14.729  4.625   9387.4  1.36971E+44 -3.93602E+44    0.000
 135 1.02024E+10  25.384 7.34730E+09    342.1  158.4  1.199 14.729  4.624   9391.4  1.36980E+44 -3.93677E+44    0.000
 136 1.03186E+10  25.378 7.34524E+09    340.8  157.9  1.200 14.730  4.622   9396.7  1.36991E+44 -3.93774E+44    0.000
 137 1.04735E+10  25.370 7.34253E+09    339.0  157.2  1.200 14.730  4.621   9403.7  1.37006E+44 -3.93902E+44    0.000
 138 1.06800E+10  25.359 7.33899E+09    336.7  156.2  1.201 14.731  4.618   9412.7  1.37025E+44 -3.94069E+44    0.000
 139 1.09553E+10  25.345 7.33441E+09    333.8  155.0  1.201 14.732  4.616   9424.5  1.37050E+44 -3.94286E+44    0.000
 140 1.13224E+10  25.327 7.32853E+09    330.0  153.5  1.202 14.733  4.612   9439.6  1.37082E+44 -3.94564E+44    0.000
 141 1.18118E+10  25.304 7.32106E+09    325.2  151.5  1.203 14.735  4.607   9458.9  1.37122E+44 -3.94917E+44    0.000
 142 1.24644E+10  25.274 7.31168E+09    319.2  149.0  1.205 14.737  4.601   9483.2  1.37172E+44 -3.95360E+44    0.000
 143 1.33346E+10  25.237 7.30010E+09    311.9  146.0  1.207 14.739  4.594   9513.3  1.37232E+44 -3.95906E+44    0.000
 144 1.44948E+10  25.191 7.28608E+09    303.0  142.3  1.209 14.742  4.585   9549.9  1.37305E+44 -3.96568E+44    0.000
 145 1.50010E+10  25.172 7.28040E+09    299.4  140.8  1.210 14.743  4.581   9564.8  1.37334E+44 -3.96835E+44    0.000
 146 1.56760E+10  25.147 7.27319E+09    294.9  138.9  1.211 14.745  4.576   9583.8  1.37371E+44 -3.97174E+44    0.000
 147 1.65759E+10  25.116 7.26416E+09    289.3  136.6  1.212 14.746  4.570   9607.6  1.37418E+44 -3.97600E+44    0.000
 148 1.77759E+10  25.077 7.25305E+09    282.4  133.6  1.214 14.749  4.562   9637.1  1.37476E+44 -3.98125E+44    0.000
 149 1.93758E+10  25.029 7.23962E+09    274.1  130.1  1.216 14.751  4.552   9672.9  1.37547E+44 -3.98759E+44    0.000
 150 2.00010E+10  25.012 7.23475E+09    271.1  128.8  1.217 14.752  4.549   9685.9  1.37573E+44 -3.98988E+44    0.000
