

                           Program bd_evol.f

       Adiabatic models with H-He envelopes and nuclear reactions

    Surface boundary condition: jun17_cloudless+0.0_BC
    No Solar insolation

*** MS=   8.0000 Mj          0.00764 Msun

       t(years)   log L     R(cm)        Ts     Te   log rc log Pc log Tc     g        Uth          Ugrav     log Lnuc

   1 1.00634E+06  28.285 8.52263E+09   1524.1  781.2  1.363 15.136  5.306  13959.5  5.54927E+44 -1.39541E+45   23.818
   2 1.01268E+06  28.285 8.52259E+09   1524.0  781.2  1.363 15.136  5.306  13959.6  5.54928E+44 -1.39542E+45   23.818
   3 1.01606E+06  28.285 8.52258E+09   1524.0  781.2  1.363 15.136  5.306  13959.7  5.54929E+44 -1.39542E+45   23.818
   4 1.02034E+06  28.285 8.52256E+09   1524.0  781.2  1.363 15.136  5.306  13959.8  5.54929E+44 -1.39543E+45   23.743
   5 1.02576E+06  28.285 8.52253E+09   1524.0  781.1  1.363 15.136  5.306  13959.8  5.54930E+44 -1.39543E+45   23.743
   6 1.03263E+06  28.285 8.52250E+09   1523.9  781.1  1.363 15.136  5.306  13960.0  5.54932E+44 -1.39544E+45   23.743
   7 1.04133E+06  28.285 8.52246E+09   1523.9  781.1  1.363 15.136  5.306  13960.1  5.54934E+44 -1.39544E+45   23.743
   8 1.05235E+06  28.285 8.52240E+09   1523.9  781.1  1.363 15.136  5.306  13960.3  5.54936E+44 -1.39545E+45   23.743
   9 1.06631E+06  28.285 8.52233E+09   1523.8  781.0  1.364 15.136  5.306  13960.5  5.54939E+44 -1.39546E+45   23.743
  10 1.08400E+06  28.284 8.52225E+09   1523.8  781.0  1.364 15.136  5.306  13960.8  5.54942E+44 -1.39548E+45   23.742
  11 1.10640E+06  28.284 8.52214E+09   1523.7  780.9  1.364 15.136  5.306  13961.1  5.54947E+44 -1.39549E+45   23.742
  12 1.13477E+06  28.284 8.52200E+09   1523.6  780.9  1.364 15.136  5.306  13961.6  5.54953E+44 -1.39552E+45   23.742
  13 1.17071E+06  28.284 8.52183E+09   1523.4  780.8  1.364 15.136  5.306  13962.2  5.54960E+44 -1.39555E+45   23.742
  14 1.21623E+06  28.284 8.52160E+09   1523.2  780.7  1.364 15.136  5.306  13962.9  5.54969E+44 -1.39558E+45   23.742
  15 1.27389E+06  28.283 8.52132E+09   1523.0  780.5  1.364 15.136  5.306  13963.8  5.54981E+44 -1.39563E+45   23.741
  16 1.34693E+06  28.283 8.52097E+09   1522.7  780.4  1.364 15.136  5.306  13965.0  5.54995E+44 -1.39569E+45   23.741
  17 1.43944E+06  28.282 8.52052E+09   1522.3  780.1  1.364 15.136  5.306  13966.4  5.55014E+44 -1.39576E+45   23.740
  18 1.55662E+06  28.282 8.51996E+09   1521.9  779.9  1.364 15.136  5.306  13968.3  5.55038E+44 -1.39586E+45   23.739
  19 1.70506E+06  28.281 8.51924E+09   1521.3  779.5  1.364 15.136  5.306  13970.6  5.55067E+44 -1.39597E+45   23.738
  20 1.89307E+06  28.280 8.51833E+09   1520.5  779.0  1.364 15.137  5.306  13973.6  5.55105E+44 -1.39612E+45   23.737
  21 2.00000E+06  28.279 8.51782E+09   1520.1  778.8  1.364 15.137  5.306  13975.3  5.55126E+44 -1.39621E+45   23.736
  22 2.14257E+06  28.278 8.51713E+09   1519.5  778.4  1.364 15.137  5.306  13977.5  5.55155E+44 -1.39632E+45   23.735
  23 2.33267E+06  28.277 8.51623E+09   1518.8  778.0  1.364 15.137  5.306  13980.5  5.55193E+44 -1.39647E+45   23.734
  24 2.58612E+06  28.276 8.51502E+09   1517.8  777.4  1.365 15.137  5.305  13984.5  5.55243E+44 -1.39667E+45   23.656
  25 2.92407E+06  28.274 8.51341E+09   1516.4  776.6  1.365 15.138  5.305  13989.8  5.55310E+44 -1.39694E+45   23.654
  26 3.00000E+06  28.273 8.51305E+09   1516.1  776.4  1.365 15.138  5.305  13991.0  5.55325E+44 -1.39699E+45   23.653
  27 3.10124E+06  28.273 8.51257E+09   1515.7  776.1  1.365 15.138  5.305  13992.5  5.55345E+44 -1.39707E+45   23.652
  28 3.23623E+06  28.272 8.51193E+09   1515.2  775.8  1.365 15.138  5.305  13994.6  5.55371E+44 -1.39718E+45   23.652
  29 3.41621E+06  28.271 8.51109E+09   1514.5  775.4  1.365 15.138  5.305  13997.4  5.55407E+44 -1.39732E+45   23.650
  30 3.65619E+06  28.269 8.50996E+09   1513.6  774.8  1.365 15.138  5.305  14001.1  5.55453E+44 -1.39751E+45   23.572
  31 3.97616E+06  28.268 8.50846E+09   1512.3  774.1  1.366 15.139  5.305  14006.0  5.55516E+44 -1.39775E+45   23.569
  32 4.16230E+06  28.266 8.50759E+09   1511.6  773.6  1.366 15.139  5.305  14008.9  5.55552E+44 -1.39790E+45   23.568
  33 4.41049E+06  28.265 8.50644E+09   1510.6  773.0  1.366 15.139  5.304  14012.7  5.55600E+44 -1.39809E+45   23.567
  34 4.74140E+06  28.263 8.50491E+09   1509.4  772.3  1.366 15.139  5.304  14017.7  5.55664E+44 -1.39834E+45   23.486
  35 5.00000E+06  28.262 8.50372E+09   1508.4  771.7  1.366 15.140  5.304  14021.7  5.55714E+44 -1.39854E+45   23.485
  36 5.34480E+06  28.260 8.50213E+09   1507.1  770.9  1.367 15.140  5.304  14026.9  5.55780E+44 -1.39880E+45   23.482
  37 5.80452E+06  28.257 8.50004E+09   1505.3  769.8  1.367 15.140  5.304  14033.8  5.55867E+44 -1.39915E+45   23.401
  38 6.41749E+06  28.254 8.49726E+09   1503.0  768.4  1.367 15.141  5.303  14043.0  5.55983E+44 -1.39961E+45   23.317
  39 7.00000E+06  28.250 8.49464E+09   1500.8  767.1  1.368 15.142  5.303  14051.7  5.56092E+44 -1.40004E+45   23.314
  40 7.77668E+06  28.246 8.49118E+09   1498.0  765.3  1.368 15.142  5.303  14063.1  5.56237E+44 -1.40061E+45   23.148
  41 8.81224E+06  28.240 8.48663E+09   1494.2  763.0  1.369 15.143  5.302  14078.2  5.56427E+44 -1.40137E+45   23.061
  42 9.00000E+06  28.239 8.48582E+09   1493.5  762.6  1.369 15.143  5.302  14080.9  5.56461E+44 -1.40151E+45   22.978
  43 9.25034E+06  28.238 8.48473E+09   1492.6  762.0  1.369 15.144  5.302  14084.5  5.56506E+44 -1.40169E+45   22.977
  44 9.58413E+06  28.236 8.48328E+09   1491.4  761.3  1.370 15.144  5.302  14089.3  5.56567E+44 -1.40193E+45   22.893
  45 1.00292E+07  28.234 8.48137E+09   1489.8  760.3  1.370 15.144  5.301  14095.7  5.56647E+44 -1.40224E+45   22.726
  46 1.06226E+07  28.230 8.47883E+09   1487.7  759.0  1.370 15.145  5.301  14104.1  5.56753E+44 -1.40267E+45   22.558
  47 1.10000E+07  28.228 8.47723E+09   1486.4  758.2  1.371 15.145  5.301  14109.5  5.56820E+44 -1.40293E+45   22.473
  48 1.15032E+07  28.226 8.47510E+09   1484.6  757.1  1.371 15.146  5.301  14116.5  5.56909E+44 -1.40329E+45   22.220
  49 1.21742E+07  28.222 8.47229E+09   1482.3  755.6  1.371 15.146  5.300  14125.9  5.57027E+44 -1.40376E+45   21.548
  50 1.30688E+07  28.217 8.46858E+09   1479.2  753.7  1.372 15.147  5.300  14138.3  5.57183E+44 -1.40437E+45    0.000
  51 1.42617E+07  28.211 8.46370E+09   1475.1  751.2  1.373 15.148  5.299  14154.6  5.57387E+44 -1.40519E+45    0.000
  52 1.58521E+07  28.202 8.45731E+09   1469.8  747.8  1.374 15.149  5.298  14176.0  5.57656E+44 -1.40626E+45    0.000
  53 1.79727E+07  28.191 8.44898E+09   1462.9  743.5  1.375 15.151  5.297  14203.9  5.58005E+44 -1.40765E+45    0.000
  54 2.08002E+07  28.177 8.43824E+09   1453.9  737.8  1.377 15.153  5.296  14240.1  5.58458E+44 -1.40945E+45    0.000
  55 2.10000E+07  28.176 8.43749E+09   1453.3  737.4  1.377 15.153  5.296  14242.7  5.58489E+44 -1.40957E+45    0.000
  56 2.12664E+07  28.175 8.43650E+09   1452.5  736.9  1.377 15.154  5.296  14246.0  5.58531E+44 -1.40974E+45    0.000
  57 2.16215E+07  28.173 8.43519E+09   1451.4  736.2  1.377 15.154  5.295  14250.4  5.58586E+44 -1.40996E+45    0.000
  58 2.20951E+07  28.171 8.43345E+09   1450.0  735.3  1.377 15.154  5.295  14256.3  5.58660E+44 -1.41025E+45    0.000
  59 2.27265E+07  28.167 8.43114E+09   1448.0  734.0  1.378 15.155  5.295  14264.1  5.58758E+44 -1.41064E+45    0.000
  60 2.35683E+07  28.163 8.42808E+09   1445.5  732.4  1.378 15.155  5.295  14274.5  5.58886E+44 -1.41116E+45    0.000
  61 2.46908E+07  28.158 8.42406E+09   1442.1  730.2  1.379 15.156  5.294  14288.1  5.59056E+44 -1.41183E+45    0.000
  62 2.61874E+07  28.150 8.41878E+09   1437.7  727.4  1.380 15.157  5.293  14306.0  5.59279E+44 -1.41272E+45    0.000
  63 2.81829E+07  28.141 8.41188E+09   1432.0  723.7  1.381 15.159  5.292  14329.5  5.59571E+44 -1.41388E+45    0.000
  64 3.08436E+07  28.128 8.40294E+09   1424.5  718.9  1.382 15.161  5.291  14360.0  5.59950E+44 -1.41540E+45    0.000
  65 3.26230E+07  28.120 8.39710E+09   1419.7  715.7  1.383 15.162  5.290  14380.0  5.60198E+44 -1.41638E+45    0.000
  66 3.49956E+07  28.109 8.38950E+09   1413.3  711.6  1.384 15.163  5.289  14406.1  5.60520E+44 -1.41767E+45    0.000
  67 3.81590E+07  28.095 8.37967E+09   1405.1  706.3  1.386 15.166  5.288  14439.9  5.60938E+44 -1.41934E+45    0.000
  68 4.10000E+07  28.083 8.37112E+09   1398.0  701.7  1.387 15.167  5.287  14469.4  5.61302E+44 -1.42079E+45    0.000
  69 4.47880E+07  28.067 8.36011E+09   1388.8  695.8  1.389 15.170  5.285  14507.5  5.61771E+44 -1.42267E+45    0.000
  70 4.98386E+07  28.047 8.34606E+09   1377.1  688.3  1.391 15.173  5.283  14556.4  5.62371E+44 -1.42507E+45    0.000
  71 5.65728E+07  28.021 8.32837E+09   1362.5  678.8  1.394 15.176  5.281  14618.3  5.63128E+44 -1.42810E+45    0.000
  72 6.10000E+07  28.005 8.31732E+09   1353.3  672.9  1.396 15.179  5.279  14657.2  5.63601E+44 -1.43000E+45    0.000
  73 6.69029E+07  27.984 8.30324E+09   1341.6  665.5  1.398 15.182  5.277  14707.0  5.64205E+44 -1.43242E+45    0.000
  74 7.47735E+07  27.957 8.28553E+09   1326.8  656.1  1.401 15.185  5.274  14769.9  5.64967E+44 -1.43548E+45    0.000
  75 8.10000E+07  27.937 8.27229E+09   1315.8  649.1  1.403 15.188  5.272  14817.2  5.65537E+44 -1.43777E+45    0.000
  76 8.93020E+07  27.912 8.25560E+09   1301.8  640.3  1.405 15.192  5.270  14877.2  5.66257E+44 -1.44068E+45    0.000
  77 1.00371E+08  27.880 8.23485E+09   1284.5  629.4  1.409 15.196  5.267  14952.3  5.67155E+44 -1.44430E+45    0.000
  78 1.01000E+08  27.878 8.23372E+09   1283.5  628.8  1.409 15.196  5.266  14956.3  5.67203E+44 -1.44450E+45    0.000
  79 1.01838E+08  27.876 8.23222E+09   1282.3  628.1  1.409 15.197  5.266  14961.8  5.67268E+44 -1.44476E+45    0.000
  80 1.02956E+08  27.873 8.23023E+09   1280.6  627.0  1.409 15.197  5.266  14969.0  5.67354E+44 -1.44511E+45    0.000
  81 1.04446E+08  27.869 8.22761E+09   1278.4  625.6  1.410 15.198  5.265  14978.6  5.67467E+44 -1.44557E+45    0.000
  82 1.06433E+08  27.863 8.22415E+09   1275.5  623.8  1.410 15.198  5.265  14991.2  5.67617E+44 -1.44618E+45    0.000
  83 1.09082E+08  27.856 8.21960E+09   1271.7  621.5  1.411 15.199  5.264  15007.8  5.67814E+44 -1.44697E+45    0.000
  84 1.12615E+08  27.847 8.21366E+09   1266.8  618.4  1.412 15.201  5.263  15029.5  5.68072E+44 -1.44802E+45    0.000
  85 1.17324E+08  27.835 8.20594E+09   1260.3  614.4  1.413 15.202  5.262  15057.8  5.68407E+44 -1.44937E+45    0.000
  86 1.23604E+08  27.819 8.19600E+09   1252.0  609.3  1.415 15.204  5.260  15094.3  5.68839E+44 -1.45113E+45    0.000
  87 1.31977E+08  27.799 8.18330E+09   1241.4  602.8  1.417 15.207  5.258  15141.2  5.69391E+44 -1.45337E+45    0.000
  88 1.43141E+08  27.774 8.16729E+09   1228.0  594.6  1.419 15.210  5.255  15200.6  5.70088E+44 -1.45620E+45    0.000
  89 1.58026E+08  27.742 8.14739E+09   1211.3  584.5  1.423 15.215  5.252  15275.0  5.70956E+44 -1.45974E+45    0.000
  90 1.77873E+08  27.702 8.12306E+09   1190.9  572.2  1.427 15.220  5.248  15366.6  5.72019E+44 -1.46409E+45    0.000
  91 2.01000E+08  27.660 8.09741E+09   1169.4  559.4  1.431 15.225  5.243  15464.1  5.73140E+44 -1.46869E+45    0.000
  92 2.31837E+08  27.610 8.06689E+09   1143.8  544.3  1.436 15.232  5.238  15581.4  5.74478E+44 -1.47420E+45    0.000
  93 2.72952E+08  27.551 8.03127E+09   1113.9  527.3  1.441 15.239  5.231  15720.0  5.76042E+44 -1.48067E+45    0.000
  94 3.17230E+08  27.495 7.99789E+09   1086.0  511.7  1.447 15.247  5.224  15851.4  5.77507E+44 -1.48676E+45    0.000
  95 3.76267E+08  27.430 7.95946E+09   1053.8  494.2  1.453 15.255  5.216  16004.9  5.79200E+44 -1.49382E+45    0.000
  96 4.01000E+08  27.406 7.94500E+09   1041.7  487.7  1.455 15.258  5.213  16063.1  5.79830E+44 -1.49647E+45    0.000
  97 4.33977E+08  27.375 7.92695E+09   1026.6  479.9  1.458 15.262  5.210  16136.4  5.80627E+44 -1.49981E+45    0.000
  98 4.77947E+08  27.339 7.90477E+09   1008.1  470.5  1.462 15.267  5.205  16227.0  5.81609E+44 -1.50394E+45    0.000
  99 5.36573E+08  27.294 7.87798E+09    985.7  459.2  1.466 15.272  5.199  16337.6  5.82799E+44 -1.50894E+45    0.000
 100 6.01000E+08  27.246 7.85165E+09    963.8  447.5  1.470 15.278  5.193  16447.4  5.83974E+44 -1.51389E+45    0.000
 101 6.86903E+08  27.182 7.82099E+09    938.3  432.3  1.475 15.285  5.185  16576.7  5.85349E+44 -1.51968E+45    0.000
 102 8.01000E+08  27.113 7.78641E+09    909.5  416.2  1.481 15.292  5.177  16724.1  5.86900E+44 -1.52624E+45    0.000
 103 9.53130E+08  27.039 7.74758E+09    877.2  400.0  1.487 15.301  5.167  16892.3  5.88674E+44 -1.53370E+45    0.000
 104 1.00100E+09  27.018 7.73668E+09    868.2  395.4  1.489 15.303  5.164  16939.8  5.89163E+44 -1.53577E+45    0.000
 105 1.06483E+09  26.992 7.72296E+09    856.8  389.8  1.491 15.306  5.160  17000.1  5.89794E+44 -1.53843E+45    0.000
 106 1.14993E+09  26.959 7.70591E+09    842.7  383.0  1.494 15.310  5.156  17075.4  5.90579E+44 -1.54173E+45    0.000
 107 1.26340E+09  26.922 7.68499E+09    825.5  375.5  1.497 15.314  5.150  17168.5  5.91546E+44 -1.54579E+45    0.000
 108 1.41469E+09  26.881 7.65959E+09    804.6  367.3  1.501 15.320  5.143  17282.5  5.92725E+44 -1.55074E+45    0.000
 109 1.61642E+09  26.834 7.62913E+09    779.6  358.2  1.506 15.326  5.134  17420.8  5.94144E+44 -1.55671E+45    0.000
 110 1.88538E+09  26.778 7.59324E+09    750.4  347.7  1.512 15.334  5.123  17585.9  5.95821E+44 -1.56378E+45    0.000
 111 2.00100E+09  26.756 7.57922E+09    739.0  343.5  1.514 15.337  5.118  17651.0  5.96470E+44 -1.56654E+45    0.000
 112 2.15516E+09  26.727 7.56165E+09    724.7  338.2  1.517 15.341  5.112  17733.1  5.97290E+44 -1.57002E+45    0.000
 113 2.36070E+09  26.690 7.54002E+09    707.2  331.6  1.521 15.346  5.105  17835.0  5.98302E+44 -1.57432E+45    0.000
 114 2.63476E+09  26.646 7.51387E+09    686.2  323.8  1.525 15.351  5.096  17959.4  5.99526E+44 -1.57954E+45    0.000
 115 3.00018E+09  26.593 7.48285E+09    661.3  314.7  1.530 15.358  5.086  18108.6  6.00986E+44 -1.58578E+45    0.000
 116 3.16330E+09  26.571 7.47018E+09    651.2  311.0  1.532 15.361  5.081  18170.0  6.01581E+44 -1.58833E+45    0.000
 117 3.38080E+09  26.542 7.45426E+09    638.6  306.3  1.535 15.365  5.075  18247.7  6.02336E+44 -1.59155E+45    0.000
 118 3.67079E+09  26.506 7.43458E+09    623.0  300.4  1.538 15.369  5.068  18344.5  6.03275E+44 -1.59554E+45    0.000
 119 4.00100E+09  26.467 7.41407E+09    606.9  294.1  1.541 15.373  5.060  18446.1  6.04259E+44 -1.59972E+45    0.000
 120 4.44127E+09  26.417 7.38945E+09    587.7  286.2  1.545 15.379  5.050  18569.2  6.05450E+44 -1.60475E+45    0.000
 121 5.02831E+09  26.356 7.36066E+09    565.4  276.9  1.550 15.385  5.038  18714.8  6.06853E+44 -1.61067E+45    0.000
 122 5.81102E+09  26.285 7.32788E+09    540.1  266.4  1.556 15.392  5.024  18882.7  6.08465E+44 -1.61744E+45    0.000
 123 6.00100E+09  26.269 7.32071E+09    534.6  264.1  1.557 15.394  5.021  18919.6  6.08811E+44 -1.61891E+45    0.000
 124 6.25431E+09  26.248 7.31155E+09    527.6  261.1  1.558 15.396  5.017  18967.0  6.09263E+44 -1.62081E+45    0.000
 125 6.59206E+09  26.221 7.30002E+09    518.8  257.3  1.560 15.398  5.011  19027.0  6.09834E+44 -1.62321E+45    0.000
 126 7.04240E+09  26.188 7.28570E+09    507.8  252.6  1.562 15.402  5.005  19101.8  6.10543E+44 -1.62619E+45    0.000
 127 7.64284E+09  26.144 7.26829E+09    494.6  246.7  1.565 15.405  4.996  19193.5  6.11410E+44 -1.62983E+45    0.000
 128 8.00100E+09  26.120 7.25871E+09    487.3  243.4  1.567 15.408  4.992  19244.1  6.11886E+44 -1.63184E+45    0.000
 129 8.47855E+09  26.088 7.24677E+09    478.3  239.2  1.569 15.410  4.986  19307.6  6.12484E+44 -1.63435E+45    0.000
 130 9.11528E+09  26.049 7.23214E+09    467.3  234.1  1.571 15.414  4.978  19385.8  6.13220E+44 -1.63744E+45    0.000
 131 9.96425E+09  26.001 7.21457E+09    454.0  228.0  1.574 15.417  4.969  19480.3  6.14109E+44 -1.64116E+45    0.000
 132 1.00010E+10  25.999 7.21386E+09    453.5  227.7  1.574 15.418  4.969  19484.2  6.14144E+44 -1.64131E+45    0.000
 133 1.00500E+10  25.996 7.21291E+09    452.8  227.4  1.574 15.418  4.968  19489.3  6.14192E+44 -1.64151E+45    0.000
 134 1.01153E+10  25.993 7.21165E+09    451.9  227.0  1.575 15.418  4.967  19496.1  6.14255E+44 -1.64178E+45    0.000
 135 1.02024E+10  25.988 7.20999E+09    450.6  226.4  1.575 15.418  4.966  19505.1  6.14340E+44 -1.64213E+45    0.000
 136 1.03186E+10  25.982 7.20781E+09    449.0  225.6  1.575 15.419  4.965  19516.9  6.14451E+44 -1.64260E+45    0.000
 137 1.04735E+10  25.974 7.20494E+09    446.8  224.7  1.576 15.420  4.964  19532.5  6.14596E+44 -1.64321E+45    0.000
 138 1.06800E+10  25.964 7.20120E+09    444.0  223.4  1.576 15.420  4.962  19552.7  6.14787E+44 -1.64400E+45    0.000
 139 1.09553E+10  25.950 7.19636E+09    440.4  221.7  1.577 15.421  4.959  19579.1  6.15034E+44 -1.64504E+45    0.000
 140 1.13224E+10  25.933 7.19014E+09    435.7  219.6  1.578 15.423  4.956  19613.0  6.15351E+44 -1.64637E+45    0.000
 141 1.18118E+10  25.911 7.18223E+09    429.8  217.0  1.580 15.425  4.951  19656.2  6.15757E+44 -1.64806E+45    0.000
 142 1.24644E+10  25.883 7.17229E+09    422.4  213.7  1.581 15.427  4.945  19710.7  6.16266E+44 -1.65019E+45    0.000
 143 1.33346E+10  25.848 7.16002E+09    413.2  209.6  1.583 15.430  4.938  19778.3  6.16898E+44 -1.65283E+45    0.000
 144 1.44948E+10  25.805 7.14514E+09    402.1  204.7  1.586 15.433  4.929  19860.8  6.17667E+44 -1.65605E+45    0.000
 145 1.50010E+10  25.787 7.13910E+09    397.6  202.7  1.587 15.434  4.925  19894.4  6.17977E+44 -1.65736E+45    0.000
 146 1.56760E+10  25.764 7.13144E+09    391.9  200.1  1.588 15.436  4.921  19937.1  6.18372E+44 -1.65902E+45    0.000
 147 1.65759E+10  25.735 7.12185E+09    384.8  196.9  1.590 15.438  4.915  19990.9  6.18866E+44 -1.66110E+45    0.000
 148 1.77759E+10  25.698 7.11005E+09    376.0  192.9  1.592 15.441  4.907  20057.3  6.19472E+44 -1.66367E+45    0.000
 149 1.93758E+10  25.652 7.09580E+09    365.4  188.1  1.594 15.444  4.898  20138.0  6.20200E+44 -1.66678E+45    0.000
 150 2.00010E+10  25.635 7.09063E+09    361.6  186.3  1.595 15.445  4.894  20167.3  6.20462E+44 -1.66790E+45    0.000
