

                           Program bd_evol.f

       Adiabatic models with H-He envelopes and nuclear reactions

    Surface boundary condition: jun17_cloudless+0.0_BC
    No Solar insolation

*** MS=   1.0000 Mj          0.00095 Msun

       t(years)   log L     R(cm)        Ts     Te   log rc log Pc log Tc     g        Uth          Ugrav     log Lnuc

   1 1.00634E+06  28.846 1.13336E+10   2627.1  935.6  0.182 12.998  4.708    986.7  1.06536E+43 -1.82892E+43    0.000
   2 1.01268E+06  28.842 1.13248E+10   2623.9  934.1  0.183 12.999  4.708    988.2  1.06530E+43 -1.82988E+43    0.000
   3 1.01606E+06  28.840 1.13202E+10   2622.1  933.2  0.183 13.000  4.708    989.1  1.06527E+43 -1.83038E+43    0.000
   4 1.02034E+06  28.838 1.13143E+10   2620.0  932.2  0.183 13.000  4.708    990.1  1.06523E+43 -1.83102E+43    0.000
   5 1.02576E+06  28.835 1.13070E+10   2617.2  930.9  0.184 13.001  4.708    991.4  1.06518E+43 -1.83182E+43    0.000
   6 1.03263E+06  28.831 1.12977E+10   2613.8  929.3  0.185 13.002  4.707    993.0  1.06511E+43 -1.83282E+43    0.000
   7 1.04133E+06  28.827 1.12862E+10   2609.4  927.2  0.185 13.003  4.707    995.0  1.06503E+43 -1.83408E+43    0.000
   8 1.05235E+06  28.821 1.12718E+10   2604.0  924.6  0.187 13.005  4.707    997.6  1.06492E+43 -1.83565E+43    0.000
   9 1.06631E+06  28.813 1.12538E+10   2597.2  921.3  0.188 13.006  4.707   1000.8  1.06478E+43 -1.83762E+43    0.000
  10 1.08400E+06  28.804 1.12317E+10   2588.7  917.3  0.189 13.009  4.706   1004.7  1.06460E+43 -1.84005E+43    0.000
  11 1.10640E+06  28.792 1.12044E+10   2578.2  912.3  0.191 13.011  4.706   1009.6  1.06437E+43 -1.84305E+43    0.000
  12 1.13477E+06  28.778 1.11711E+10   2565.1  906.1  0.194 13.015  4.705   1015.6  1.06407E+43 -1.84674E+43    0.000
  13 1.17071E+06  28.760 1.11308E+10   2549.1  898.6  0.197 13.019  4.704   1023.0  1.06368E+43 -1.85124E+43    0.000
  14 1.21623E+06  28.739 1.10824E+10   2529.6  889.6  0.200 13.024  4.703   1031.9  1.06318E+43 -1.85667E+43    0.000
  15 1.27389E+06  28.713 1.10251E+10   2505.9  878.8  0.205 13.030  4.702   1042.7  1.06253E+43 -1.86316E+43    0.000
  16 1.34693E+06  28.682 1.09581E+10   2477.5  865.9  0.210 13.037  4.701   1055.5  1.06170E+43 -1.87081E+43    0.000
  17 1.43944E+06  28.645 1.08810E+10   2443.8  850.5  0.215 13.045  4.699   1070.5  1.06060E+43 -1.87970E+43    0.000
  18 1.55662E+06  28.600 1.07940E+10   2404.5  832.2  0.222 13.054  4.697   1087.8  1.05918E+43 -1.88982E+43    0.000
  19 1.70506E+06  28.548 1.06977E+10   2359.6  811.5  0.229 13.064  4.694   1107.5  1.05734E+43 -1.90111E+43    0.000
  20 1.89307E+06  28.492 1.05929E+10   2308.7  789.5  0.237 13.075  4.691   1129.5  1.05497E+43 -1.91352E+43    0.000
  21 2.00000E+06  28.464 1.05398E+10   2282.3  778.6  0.241 13.080  4.689   1140.9  1.05361E+43 -1.91982E+43    0.000
  22 2.14257E+06  28.428 1.04751E+10   2249.4  765.2  0.246 13.087  4.687   1155.1  1.05181E+43 -1.92757E+43    0.000
  23 2.33267E+06  28.384 1.03979E+10   2209.3  748.6  0.252 13.095  4.684   1172.3  1.04942E+43 -1.93690E+43    0.000
  24 2.58612E+06  28.328 1.03082E+10   2161.5  728.1  0.259 13.105  4.681   1192.8  1.04626E+43 -1.94776E+43    0.000
  25 2.92407E+06  28.261 1.02070E+10   2106.1  704.1  0.268 13.116  4.677   1216.6  1.04217E+43 -1.96017E+43    0.000
  26 3.00000E+06  28.247 1.01866E+10   2094.8  699.2  0.270 13.118  4.676   1221.4  1.04127E+43 -1.96269E+43    0.000
  27 3.10124E+06  28.230 1.01605E+10   2080.2  693.0  0.272 13.121  4.674   1227.7  1.04009E+43 -1.96590E+43    0.000
  28 3.23623E+06  28.207 1.01276E+10   2061.7  685.2  0.275 13.125  4.673   1235.7  1.03853E+43 -1.96999E+43    0.000
  29 3.41621E+06  28.179 1.00866E+10   2038.4  675.4  0.278 13.129  4.671   1245.8  1.03648E+43 -1.97509E+43    0.000
  30 3.65619E+06  28.143 1.00364E+10   2009.6  663.4  0.283 13.135  4.668   1258.3  1.03381E+43 -1.98138E+43    0.000
  31 3.97616E+06  28.099 9.97622E+09   1974.7  648.7  0.288 13.141  4.665   1273.5  1.03037E+43 -1.98897E+43    0.000
  32 4.16230E+06  28.075 9.94423E+09   1955.9  640.8  0.291 13.145  4.664   1281.7  1.02843E+43 -1.99302E+43    0.000
  33 4.41049E+06  28.044 9.90447E+09   1932.5  630.9  0.294 13.150  4.661   1292.0  1.02595E+43 -1.99811E+43    0.000
  34 4.74140E+06  28.007 9.85599E+09   1903.8  618.9  0.299 13.155  4.659   1304.8  1.02281E+43 -2.00437E+43    0.000
  35 5.00000E+06  27.979 9.82111E+09   1883.0  610.3  0.302 13.159  4.657   1314.0  1.02049E+43 -2.00891E+43    0.000
  36 5.34480E+06  27.945 9.77815E+09   1857.3  599.8  0.306 13.165  4.654   1325.6  1.01756E+43 -2.01456E+43    0.000
  37 5.80452E+06  27.904 9.72612E+09   1825.9  587.3  0.311 13.171  4.651   1339.8  1.01389E+43 -2.02148E+43    0.000
  38 6.41749E+06  27.854 9.66453E+09   1788.5  572.5  0.317 13.178  4.647   1357.0  1.00941E+43 -2.02977E+43    0.000
  39 7.00000E+06  27.811 9.61273E+09   1756.8  559.8  0.321 13.184  4.644   1371.6  1.00547E+43 -2.03680E+43    0.000
  40 7.77668E+06  27.757 9.55192E+09   1719.1  544.7  0.327 13.192  4.640   1389.2  1.00066E+43 -2.04515E+43    0.000
  41 8.81224E+06  27.693 9.48243E+09   1675.6  526.9  0.333 13.200  4.636   1409.6  9.94869E+42 -2.05473E+43    0.000
  42 9.00000E+06  27.682 9.47098E+09   1668.4  523.9  0.334 13.202  4.635   1413.0  9.93874E+42 -2.05632E+43    0.000
  43 9.25034E+06  27.668 9.45623E+09   1659.1  520.0  0.336 13.204  4.634   1417.4  9.92593E+42 -2.05837E+43    0.000
  44 9.58413E+06  27.650 9.43740E+09   1647.2  515.0  0.337 13.206  4.632   1423.1  9.90933E+42 -2.06100E+43    0.000
  45 1.00292E+07  27.626 9.41361E+09   1632.1  508.6  0.340 13.209  4.631   1430.3  9.88794E+42 -2.06431E+43    0.000
  46 1.06226E+07  27.596 9.38405E+09   1613.3  500.6  0.342 13.212  4.629   1439.3  9.86087E+42 -2.06844E+43    0.000
  47 1.10000E+07  27.577 9.36640E+09   1602.2  495.9  0.344 13.215  4.627   1444.7  9.84434E+42 -2.07091E+43    0.000
  48 1.15032E+07  27.554 9.34407E+09   1587.8  489.9  0.346 13.217  4.626   1451.6  9.82309E+42 -2.07403E+43    0.000
  49 1.21742E+07  27.525 9.31625E+09   1569.9  482.3  0.349 13.221  4.623   1460.3  9.79603E+42 -2.07792E+43    0.000
  50 1.30688E+07  27.488 9.28215E+09   1547.8  473.1  0.352 13.225  4.621   1471.1  9.76196E+42 -2.08270E+43    0.000
  51 1.42617E+07  27.443 9.24117E+09   1521.2  462.0  0.355 13.230  4.617   1484.1  9.71983E+42 -2.08843E+43    0.000
  52 1.58521E+07  27.389 9.19288E+09   1489.7  449.0  0.360 13.235  4.613   1499.8  9.66836E+42 -2.09518E+43    0.000
  53 1.79727E+07  27.326 9.13743E+09   1453.3  434.4  0.365 13.242  4.608   1518.0  9.60600E+42 -2.10290E+43    0.000
  54 2.08002E+07  27.259 9.07486E+09   1411.9  419.5  0.371 13.249  4.602   1539.0  9.53087E+42 -2.11152E+43    0.000
  55 2.10000E+07  27.255 9.07082E+09   1409.2  418.6  0.371 13.249  4.601   1540.4  9.52583E+42 -2.11206E+43    0.000
  56 2.12664E+07  27.250 9.06547E+09   1405.7  417.4  0.372 13.250  4.601   1542.2  9.51919E+42 -2.11280E+43    0.000
  57 2.16215E+07  27.243 9.05846E+09   1401.0  415.9  0.372 13.251  4.600   1544.6  9.51044E+42 -2.11376E+43    0.000
  58 2.20951E+07  27.234 9.04930E+09   1395.0  414.0  0.373 13.252  4.599   1547.7  9.49894E+42 -2.11502E+43    0.000
  59 2.27265E+07  27.222 9.03741E+09   1387.1  411.5  0.374 13.253  4.598   1551.8  9.48390E+42 -2.11666E+43    0.000
  60 2.35683E+07  27.207 9.02207E+09   1376.9  408.3  0.376 13.255  4.596   1557.1  9.46428E+42 -2.11877E+43    0.000
  61 2.46908E+07  27.189 9.00245E+09   1364.0  404.4  0.378 13.257  4.594   1563.9  9.43893E+42 -2.12147E+43    0.000
  62 2.61874E+07  27.166 8.97765E+09   1347.5  399.6  0.380 13.260  4.591   1572.5  9.40641E+42 -2.12489E+43    0.000
  63 2.81829E+07  27.137 8.94669E+09   1326.9  393.7  0.383 13.264  4.588   1583.4  9.36511E+42 -2.12917E+43    0.000
  64 3.08436E+07  27.102 8.90855E+09   1301.4  386.8  0.387 13.268  4.583   1597.0  9.31331E+42 -2.13445E+43    0.000
  65 3.26230E+07  27.081 8.88474E+09   1285.5  382.6  0.390 13.271  4.580   1605.6  9.28050E+42 -2.13776E+43    0.000
  66 3.49956E+07  27.055 8.85489E+09   1265.6  377.5  0.393 13.275  4.577   1616.4  9.23887E+42 -2.14192E+43    0.000
  67 3.81590E+07  27.023 8.81790E+09   1240.8  371.4  0.396 13.279  4.572   1630.0  9.18671E+42 -2.14711E+43    0.000
  68 4.10000E+07  26.996 8.78708E+09   1220.2  366.4  0.400 13.283  4.568   1641.5  9.14296E+42 -2.15146E+43    0.000
  69 4.47880E+07  26.963 8.74880E+09   1194.6  360.3  0.404 13.287  4.563   1655.9  9.08823E+42 -2.15692E+43    0.000
  70 4.98386E+07  26.923 8.70222E+09   1163.5  353.0  0.408 13.293  4.557   1673.7  9.02197E+42 -2.16365E+43    0.000
  71 5.65728E+07  26.874 8.64640E+09   1126.5  344.2  0.414 13.300  4.549   1695.3  8.94481E+42 -2.17191E+43    0.000
  72 6.10000E+07  26.843 8.61282E+09   1104.5  338.9  0.418 13.304  4.545   1708.6  8.90062E+42 -2.17699E+43    0.000
  73 6.69029E+07  26.805 8.57129E+09   1077.6  332.3  0.422 13.310  4.539   1725.2  8.84886E+42 -2.18344E+43    0.000
  74 7.47735E+07  26.758 8.52102E+09   1045.4  324.5  0.427 13.316  4.532   1745.6  8.78930E+42 -2.19140E+43    0.000
  75 8.10000E+07  26.724 8.48475E+09   1022.3  318.9  0.430 13.321  4.527   1760.6  8.74780E+42 -2.19723E+43    0.000
  76 8.93020E+07  26.682 8.44063E+09    994.4  312.0  0.434 13.326  4.520   1779.0  8.69841E+42 -2.20440E+43    0.000
  77 1.00371E+08  26.631 8.38805E+09    961.3  304.0  0.439 13.333  4.512   1801.4  8.63956E+42 -2.21303E+43    0.000
  78 1.01000E+08  26.629 8.38526E+09    959.6  303.6  0.439 13.333  4.512   1802.6  8.63634E+42 -2.21347E+43    0.000
  79 1.01838E+08  26.625 8.38157E+09    957.2  303.0  0.440 13.333  4.511   1804.2  8.63215E+42 -2.21408E+43    0.000
  80 1.02956E+08  26.620 8.37670E+09    954.2  302.2  0.440 13.334  4.510   1806.3  8.62660E+42 -2.21488E+43    0.000
  81 1.04446E+08  26.614 8.37032E+09    950.1  301.2  0.441 13.335  4.509   1809.0  8.61929E+42 -2.21592E+43    0.000
  82 1.06433E+08  26.606 8.36195E+09    944.9  299.9  0.442 13.336  4.508   1812.6  8.60965E+42 -2.21730E+43    0.000
  83 1.09082E+08  26.595 8.35107E+09    938.0  298.3  0.443 13.337  4.506   1817.4  8.59698E+42 -2.21909E+43    0.000
  84 1.12615E+08  26.580 8.33705E+09    929.1  296.1  0.444 13.339  4.504   1823.5  8.58043E+42 -2.22140E+43    0.000
  85 1.17324E+08  26.562 8.31915E+09    917.8  293.3  0.446 13.341  4.500   1831.3  8.55887E+42 -2.22434E+43    0.000
  86 1.23604E+08  26.538 8.29656E+09    903.4  289.7  0.448 13.344  4.496   1841.3  8.53085E+42 -2.22806E+43    0.000
  87 1.31977E+08  26.508 8.26857E+09    885.6  285.2  0.450 13.347  4.491   1853.8  8.49478E+42 -2.23268E+43    0.000
  88 1.43141E+08  26.471 8.23449E+09    863.7  279.7  0.454 13.352  4.484   1869.2  8.44901E+42 -2.23830E+43    0.000
  89 1.58026E+08  26.425 8.19352E+09    837.4  273.1  0.458 13.357  4.476   1887.9  8.39300E+42 -2.24514E+43    0.000
  90 1.77873E+08  26.370 8.14483E+09    806.6  265.4  0.463 13.363  4.465   1910.6  8.32872E+42 -2.25348E+43    0.000
  91 2.01000E+08  26.312 8.09461E+09    775.6  257.4  0.468 13.370  4.454   1934.4  8.26684E+42 -2.26236E+43    0.000
  92 2.31837E+08  26.243 8.03628E+09    740.3  248.3  0.475 13.378  4.440   1962.6  8.20001E+42 -2.27298E+43    0.000
  93 2.72952E+08  26.162 7.97051E+09    701.4  238.0  0.482 13.388  4.425   1995.1  8.12737E+42 -2.28515E+43    0.000
  94 3.17230E+08  26.087 7.91145E+09    667.0  228.8  0.488 13.396  4.410   2025.0  8.06161E+42 -2.29621E+43    0.000
  95 3.76267E+08  26.000 7.84621E+09    629.6  218.5  0.495 13.405  4.393   2058.8  7.98831E+42 -2.30848E+43    0.000
  96 4.01000E+08  25.968 7.82235E+09    616.1  214.8  0.498 13.408  4.387   2071.4  7.96182E+42 -2.31300E+43    0.000
  97 4.33977E+08  25.927 7.79310E+09    599.8  210.2  0.501 13.412  4.379   2086.9  7.92973E+42 -2.31856E+43    0.000
  98 4.77947E+08  25.877 7.75797E+09    580.3  204.7  0.504 13.417  4.369   2105.9  7.89153E+42 -2.32529E+43    0.000
  99 5.36573E+08  25.816 7.71688E+09    557.7  198.2  0.509 13.423  4.357   2128.4  7.84702E+42 -2.33322E+43    0.000
 100 6.01000E+08  25.755 7.67776E+09    536.4  191.9  0.513 13.428  4.345   2150.1  7.80426E+42 -2.34084E+43    0.000
 101 6.86903E+08  25.683 7.63312E+09    512.4  184.6  0.518 13.435  4.331   2175.3  7.75565E+42 -2.34970E+43    0.000
 102 8.01000E+08  25.599 7.58340E+09    486.1  176.5  0.523 13.442  4.314   2203.9  7.70477E+42 -2.35981E+43    0.000
 103 9.53130E+08  25.504 7.52942E+09    458.1  167.7  0.530 13.450  4.296   2235.7  7.65354E+42 -2.37115E+43    0.000
 104 1.00100E+09  25.477 7.51470E+09    450.5  165.3  0.531 13.452  4.291   2244.4  7.63983E+42 -2.37428E+43    0.000
 105 1.06483E+09  25.443 7.49649E+09    441.1  162.3  0.533 13.455  4.284   2255.3  7.62274E+42 -2.37817E+43    0.000
 106 1.14993E+09  25.401 7.47441E+09    429.8  158.6  0.536 13.458  4.276   2268.7  7.60153E+42 -2.38290E+43    0.000
 107 1.26340E+09  25.350 7.44829E+09    416.3  154.3  0.539 13.462  4.266   2284.6  7.57523E+42 -2.38849E+43    0.000
 108 1.41469E+09  25.288 7.41818E+09    400.6  149.1  0.542 13.467  4.254   2303.2  7.54296E+42 -2.39492E+43    0.000
 109 1.61642E+09  25.215 7.38416E+09    383.0  143.3  0.546 13.472  4.240   2324.5  7.50535E+42 -2.40223E+43    0.000
 110 1.88538E+09  25.130 7.34638E+09    363.6  136.8  0.551 13.477  4.224   2348.5  7.46474E+42 -2.41049E+43    0.000
 111 2.00100E+09  25.097 7.33212E+09    356.4  134.4  0.552 13.480  4.218   2357.6  7.45006E+42 -2.41362E+43    0.000
 112 2.15516E+09  25.056 7.31456E+09    347.6  131.4  0.554 13.482  4.210   2368.9  7.43306E+42 -2.41759E+43    0.000
 113 2.36070E+09  25.006 7.29331E+09    337.2  127.9  0.557 13.486  4.200   2382.8  7.41413E+42 -2.42250E+43    0.000
 114 2.63476E+09  24.945 7.26805E+09    325.0  123.7  0.560 13.490  4.189   2399.3  7.39438E+42 -2.42850E+43    0.000
 115 3.00018E+09  24.873 7.23860E+09    311.2  118.9  0.564 13.495  4.175   2418.9  7.37614E+42 -2.43578E+43    0.000
 116 3.16330E+09  24.844 7.22671E+09    305.8  117.0  0.565 13.497  4.170   2426.9  7.37012E+42 -2.43876E+43    0.000
 117 3.38080E+09  24.807 7.21191E+09    299.1  114.7  0.567 13.499  4.163   2436.8  7.36381E+42 -2.44258E+43    0.000
 118 3.67079E+09  24.761 7.19378E+09    291.0  111.8  0.570 13.503  4.155   2449.1  7.35758E+42 -2.44735E+43    0.000
 119 4.00100E+09  24.713 7.17508E+09    282.8  109.0  0.572 13.506  4.146   2461.9  7.35264E+42 -2.45235E+43    0.000
 120 4.44127E+09  24.656 7.15284E+09    273.2  105.5  0.575 13.510  4.136   2477.3  7.34843E+42 -2.45841E+43    0.000
 121 5.02831E+09  24.587 7.12710E+09    262.2  101.6  0.578 13.515  4.123   2495.2  7.34515E+42 -2.46553E+43    0.000
 122 5.81102E+09  24.506 7.09819E+09    250.0   97.2  0.582 13.521  4.109   2515.6  7.34262E+42 -2.47364E+43    0.000
 123 6.00100E+09  24.489 7.09192E+09    247.3   96.3  0.583 13.522  4.106   2520.0  7.34202E+42 -2.47537E+43    0.000
 124 6.25431E+09  24.466 7.08396E+09    244.0   95.1  0.584 13.523  4.101   2525.7  7.34146E+42 -2.47761E+43    0.000
 125 6.59206E+09  24.436 7.07397E+09    239.8   93.6  0.585 13.525  4.096   2532.8  7.34081E+42 -2.48044E+43    0.000
 126 7.04240E+09  24.400 7.06164E+09    234.6   91.7  0.587 13.528  4.089   2541.7  7.34003E+42 -2.48394E+43    0.000
 127 7.64284E+09  24.354 7.04673E+09    228.4   89.4  0.589 13.531  4.081   2552.4  7.33908E+42 -2.48819E+43    0.000
 128 8.00100E+09  24.329 7.03856E+09    225.0   88.2  0.590 13.532  4.076   2558.4  7.33851E+42 -2.49051E+43    0.000
 129 8.47855E+09  24.297 7.02838E+09    220.7   86.6  0.592 13.534  4.070   2565.8  7.33774E+42 -2.49341E+43    0.000
 130 9.11528E+09  24.256 7.01595E+09    215.5   84.7  0.593 13.537  4.063   2574.9  7.33667E+42 -2.49695E+43    0.000
 131 9.96425E+09  24.207 7.00109E+09    209.3   82.4  0.596 13.540  4.054   2585.8  7.33506E+42 -2.50118E+43    0.000
 132 1.00010E+10  24.205 7.00049E+09    209.1   82.3  0.596 13.540  4.053   2586.3  7.33496E+42 -2.50134E+43    0.000
 133 1.00500E+10  24.202 6.99969E+09    208.7   82.2  0.596 13.540  4.053   2586.8  7.33486E+42 -2.50157E+43    0.000
 134 1.01153E+10  24.199 6.99863E+09    208.3   82.0  0.596 13.540  4.052   2587.6  7.33472E+42 -2.50187E+43    0.000
 135 1.02024E+10  24.194 6.99723E+09    207.7   81.8  0.596 13.540  4.051   2588.7  7.33454E+42 -2.50227E+43    0.000
 136 1.03186E+10  24.188 6.99539E+09    206.9   81.5  0.596 13.541  4.050   2590.0  7.33429E+42 -2.50279E+43    0.000
 137 1.04735E+10  24.179 6.99298E+09    205.9   81.2  0.597 13.541  4.049   2591.8  7.33395E+42 -2.50347E+43    0.000
 138 1.06800E+10  24.168 6.98985E+09    204.6   80.7  0.597 13.542  4.047   2594.1  7.33348E+42 -2.50436E+43    0.000
 139 1.09553E+10  24.154 6.98580E+09    202.9   80.0  0.598 13.543  4.044   2597.1  7.33284E+42 -2.50551E+43    0.000
 140 1.13224E+10  24.136 6.98062E+09    200.7   79.2  0.598 13.544  4.041   2601.0  7.33195E+42 -2.50697E+43    0.000
 141 1.18118E+10  24.113 6.97406E+09    198.0   78.2  0.599 13.545  4.036   2605.9  7.33072E+42 -2.50882E+43    0.000
 142 1.24644E+10  24.083 6.96588E+09    194.5   76.9  0.600 13.546  4.031   2612.0  7.32902E+42 -2.51113E+43    0.000
 143 1.33346E+10  24.045 6.95584E+09    190.3   75.3  0.602 13.548  4.024   2619.6  7.32669E+42 -2.51396E+43    0.000
 144 1.44948E+10  23.999 6.94376E+09    185.1   73.4  0.604 13.551  4.015   2628.7  7.32358E+42 -2.51736E+43    0.000
 145 1.50010E+10  23.980 6.93890E+09    183.1   72.6  0.604 13.552  4.012   2632.4  7.32221E+42 -2.51872E+43    0.000
 146 1.56760E+10  23.955 6.93277E+09    180.4   71.6  0.605 13.553  4.007   2637.0  7.32042E+42 -2.52044E+43    0.000
 147 1.65759E+10  23.924 6.92513E+09    177.2   70.4  0.606 13.554  4.002   2642.8  7.31806E+42 -2.52259E+43    0.000
 148 1.77759E+10  23.886 6.91580E+09    173.2   68.9  0.607 13.556  3.995   2650.0  7.31501E+42 -2.52521E+43    0.000
 149 1.93758E+10  23.838 6.90463E+09    168.4   67.1  0.609 13.558  3.986   2658.6  7.31112E+42 -2.52836E+43    0.000
 150 2.00010E+10  23.820 6.90060E+09    166.7   66.4  0.610 13.559  3.983   2661.7  7.30963E+42 -2.52949E+43    0.000
