

                           Program bd_evol.f

       Adiabatic models with H-He envelopes and nuclear reactions

    Surface boundary condition: jun17_cloudless+0.0_BC
    No Solar insolation

*** MS=   2.0000 Mj          0.00191 Msun

       t(years)   log L     R(cm)        Ts     Te   log rc log Pc log Tc     g        Uth          Ugrav     log Lnuc

   1 1.00634E+06  28.762 1.01924E+10   2354.1  939.9  0.512 13.629  4.882   2440.1  3.48957E+43 -7.45674E+43    0.000
   2 1.01268E+06  28.761 1.01909E+10   2353.1  939.5  0.512 13.630  4.882   2440.8  3.48961E+43 -7.45764E+43    0.000
   3 1.01606E+06  28.760 1.01901E+10   2352.6  939.2  0.512 13.630  4.882   2441.2  3.48964E+43 -7.45812E+43    0.000
   4 1.02034E+06  28.759 1.01890E+10   2351.9  938.9  0.512 13.630  4.882   2441.7  3.48966E+43 -7.45872E+43    0.000
   5 1.02576E+06  28.759 1.01877E+10   2351.1  938.5  0.512 13.630  4.882   2442.3  3.48970E+43 -7.45949E+43    0.000
   6 1.03263E+06  28.758 1.01860E+10   2350.1  938.0  0.512 13.630  4.882   2443.1  3.48974E+43 -7.46045E+43    0.000
   7 1.04133E+06  28.756 1.01839E+10   2348.7  937.3  0.512 13.630  4.882   2444.2  3.48980E+43 -7.46166E+43    0.000
   8 1.05235E+06  28.754 1.01812E+10   2347.1  936.5  0.513 13.631  4.882   2445.4  3.48987E+43 -7.46321E+43    0.000
   9 1.06631E+06  28.752 1.01779E+10   2345.0  935.5  0.513 13.631  4.881   2447.0  3.48995E+43 -7.46515E+43    0.000
  10 1.08400E+06  28.749 1.01737E+10   2342.3  934.2  0.513 13.632  4.881   2449.1  3.49005E+43 -7.46760E+43    0.000
  11 1.10640E+06  28.746 1.01684E+10   2339.0  932.6  0.514 13.633  4.881   2451.6  3.49018E+43 -7.47067E+43    0.000
  12 1.13477E+06  28.742 1.01617E+10   2334.8  930.6  0.515 13.633  4.881   2454.8  3.49032E+43 -7.47452E+43    0.000
  13 1.17071E+06  28.736 1.01534E+10   2329.5  928.0  0.515 13.635  4.880   2458.9  3.49050E+43 -7.47934E+43    0.000
  14 1.21623E+06  28.729 1.01431E+10   2322.9  924.9  0.516 13.636  4.880   2463.9  3.49069E+43 -7.48535E+43    0.000
  15 1.27389E+06  28.721 1.01303E+10   2314.7  920.9  0.518 13.638  4.879   2470.1  3.49091E+43 -7.49283E+43    0.000
  16 1.34693E+06  28.710 1.01144E+10   2304.5  916.1  0.519 13.640  4.879   2477.8  3.49112E+43 -7.50206E+43    0.000
  17 1.43944E+06  28.697 1.00950E+10   2292.0  910.1  0.521 13.642  4.878   2487.4  3.49133E+43 -7.51343E+43    0.000
  18 1.55662E+06  28.681 1.00714E+10   2276.5  902.8  0.524 13.646  4.877   2499.1  3.49147E+43 -7.52729E+43    0.000
  19 1.70506E+06  28.662 1.00428E+10   2257.7  893.9  0.527 13.649  4.875   2513.3  3.49150E+43 -7.54407E+43    0.000
  20 1.89307E+06  28.638 1.00089E+10   2235.0  883.2  0.530 13.654  4.874   2530.4  3.49131E+43 -7.56409E+43    0.000
  21 2.00000E+06  28.625 9.99044E+09   2222.5  877.3  0.532 13.656  4.873   2539.7  3.49111E+43 -7.57499E+43    0.000
  22 2.14257E+06  28.608 9.96687E+09   2206.5  869.9  0.534 13.660  4.871   2551.8  3.49077E+43 -7.58900E+43    0.000
  23 2.33267E+06  28.586 9.93702E+09   2186.1  860.4  0.537 13.664  4.870   2567.1  3.49018E+43 -7.60681E+43    0.000
  24 2.58612E+06  28.559 9.89975E+09   2160.3  848.6  0.541 13.669  4.868   2586.5  3.48921E+43 -7.62916E+43    0.000
  25 2.92407E+06  28.525 9.85393E+09   2128.2  834.3  0.546 13.675  4.865   2610.6  3.48766E+43 -7.65684E+43    0.000
  26 3.00000E+06  28.518 9.84418E+09   2121.3  831.3  0.547 13.676  4.864   2615.8  3.48727E+43 -7.66273E+43    0.000
  27 3.10124E+06  28.509 9.83146E+09   2112.3  827.3  0.548 13.678  4.864   2622.5  3.48675E+43 -7.67046E+43    0.000
  28 3.23623E+06  28.496 9.81500E+09   2100.6  822.1  0.550 13.680  4.863   2631.3  3.48603E+43 -7.68050E+43    0.000
  29 3.41621E+06  28.480 9.79388E+09   2085.5  815.4  0.552 13.683  4.861   2642.7  3.48504E+43 -7.69341E+43    0.000
  30 3.65619E+06  28.459 9.76705E+09   2066.3  806.8  0.555 13.687  4.860   2657.2  3.48366E+43 -7.70988E+43    0.000
  31 3.97616E+06  28.433 9.73344E+09   2042.0  795.8  0.558 13.691  4.857   2675.6  3.48175E+43 -7.73064E+43    0.000
  32 4.16230E+06  28.417 9.71495E+09   2028.5  789.6  0.560 13.694  4.856   2685.8  3.48061E+43 -7.74210E+43    0.000
  33 4.41049E+06  28.398 9.69139E+09   2011.3  781.6  0.563 13.697  4.854   2698.9  3.47908E+43 -7.75677E+43    0.000
  34 4.74140E+06  28.372 9.66179E+09   1989.5  771.4  0.566 13.701  4.852   2715.5  3.47702E+43 -7.77531E+43    0.000
  35 5.00000E+06  28.353 9.63993E+09   1973.4  763.8  0.568 13.704  4.851   2727.8  3.47542E+43 -7.78910E+43    0.000
  36 5.34480E+06  28.328 9.61245E+09   1953.0  754.2  0.571 13.708  4.849   2743.4  3.47330E+43 -7.80649E+43    0.000
  37 5.80452E+06  28.298 9.57833E+09   1927.6  742.3  0.575 13.713  4.846   2763.0  3.47053E+43 -7.82825E+43    0.000
  38 6.41749E+06  28.260 9.53664E+09   1896.3  727.9  0.580 13.719  4.843   2787.2  3.46697E+43 -7.85505E+43    0.000
  39 7.00000E+06  28.226 9.50045E+09   1869.1  715.4  0.584 13.724  4.840   2808.5  3.46374E+43 -7.87852E+43    0.000
  40 7.77668E+06  28.185 9.45663E+09   1835.9  700.1  0.589 13.731  4.836   2834.6  3.45967E+43 -7.90723E+43    0.000
  41 8.81224E+06  28.134 9.40471E+09   1796.4  681.7  0.595 13.738  4.832   2866.0  3.45460E+43 -7.94165E+43    0.000
  42 9.00000E+06  28.125 9.39599E+09   1789.8  678.6  0.596 13.739  4.832   2871.3  3.45368E+43 -7.94737E+43    0.000
  43 9.25034E+06  28.114 9.38466E+09   1781.1  674.5  0.597 13.741  4.831   2878.2  3.45252E+43 -7.95494E+43    0.000
  44 9.58413E+06  28.099 9.37006E+09   1769.9  669.3  0.598 13.743  4.829   2887.2  3.45100E+43 -7.96474E+43    0.000
  45 1.00292E+07  28.079 9.35143E+09   1755.7  662.5  0.601 13.746  4.828   2898.7  3.44902E+43 -7.97731E+43    0.000
  46 1.06226E+07  28.055 9.32794E+09   1737.6  654.0  0.603 13.750  4.826   2913.3  3.44647E+43 -7.99325E+43    0.000
  47 1.10000E+07  28.039 9.31373E+09   1726.6  648.8  0.605 13.752  4.825   2922.2  3.44489E+43 -8.00293E+43    0.000
  48 1.15032E+07  28.020 9.29559E+09   1712.7  642.2  0.607 13.754  4.823   2933.6  3.44284E+43 -8.01536E+43    0.000
  49 1.21742E+07  27.995 9.27273E+09   1695.0  633.8  0.609 13.758  4.821   2948.1  3.44018E+43 -8.03113E+43    0.000
  50 1.30688E+07  27.964 9.24435E+09   1673.0  623.4  0.613 13.762  4.819   2966.2  3.43678E+43 -8.05081E+43    0.000
  51 1.42617E+07  27.924 9.20971E+09   1646.1  610.6  0.617 13.767  4.816   2988.6  3.43242E+43 -8.07506E+43    0.000
  52 1.58521E+07  27.876 9.16833E+09   1614.0  595.1  0.621 13.774  4.813   3015.6  3.42696E+43 -8.10432E+43    0.000
  53 1.79727E+07  27.816 9.12011E+09   1576.6  576.6  0.627 13.781  4.809   3047.6  3.42020E+43 -8.13881E+43    0.000
  54 2.08002E+07  27.746 9.06531E+09   1533.7  555.5  0.633 13.790  4.805   3084.6  3.41190E+43 -8.17824E+43    0.000
  55 2.10000E+07  27.742 9.06177E+09   1530.9  554.1  0.633 13.790  4.804   3087.0  3.41135E+43 -8.18081E+43    0.000
  56 2.12664E+07  27.736 9.05712E+09   1527.3  552.3  0.634 13.791  4.804   3090.1  3.41063E+43 -8.18419E+43    0.000
  57 2.16215E+07  27.728 9.05102E+09   1522.6  550.0  0.635 13.792  4.803   3094.3  3.40967E+43 -8.18863E+43    0.000
  58 2.20951E+07  27.717 9.04306E+09   1516.3  547.0  0.636 13.793  4.803   3099.7  3.40840E+43 -8.19443E+43    0.000
  59 2.27265E+07  27.704 9.03275E+09   1508.3  543.0  0.637 13.795  4.802   3106.8  3.40675E+43 -8.20196E+43    0.000
  60 2.35683E+07  27.686 9.01952E+09   1498.0  538.0  0.638 13.797  4.801   3115.9  3.40460E+43 -8.21164E+43    0.000
  61 2.46908E+07  27.664 9.00272E+09   1484.8  531.6  0.640 13.799  4.799   3127.6  3.40181E+43 -8.22397E+43    0.000
  62 2.61874E+07  27.636 8.98166E+09   1468.4  523.7  0.643 13.803  4.798   3142.3  3.39824E+43 -8.23948E+43    0.000
  63 2.81829E+07  27.601 8.95570E+09   1448.1  514.0  0.646 13.807  4.795   3160.5  3.39370E+43 -8.25870E+43    0.000
  64 3.08436E+07  27.558 8.92425E+09   1423.5  502.4  0.649 13.812  4.792   3182.8  3.38799E+43 -8.28210E+43    0.000
  65 3.26230E+07  27.532 8.90491E+09   1408.3  495.3  0.651 13.815  4.790   3196.7  3.38437E+43 -8.29652E+43    0.000
  66 3.49956E+07  27.498 8.88095E+09   1389.6  486.5  0.654 13.818  4.788   3213.9  3.37984E+43 -8.31449E+43    0.000
  67 3.81590E+07  27.456 8.85180E+09   1367.0  475.8  0.658 13.823  4.785   3235.2  3.37423E+43 -8.33649E+43    0.000
  68 4.10000E+07  27.422 8.82792E+09   1348.4  467.2  0.661 13.827  4.783   3252.7  3.36955E+43 -8.35458E+43    0.000
  69 4.47880E+07  27.380 8.79890E+09   1325.8  456.8  0.664 13.831  4.780   3274.2  3.36381E+43 -8.37672E+43    0.000
  70 4.98386E+07  27.329 8.76436E+09   1298.8  444.3  0.668 13.837  4.776   3300.0  3.35690E+43 -8.40324E+43    0.000
  71 5.65728E+07  27.269 8.72421E+09   1267.5  430.3  0.673 13.843  4.771   3330.5  3.34877E+43 -8.43424E+43    0.000
  72 6.10000E+07  27.236 8.70064E+09   1249.2  422.8  0.676 13.847  4.768   3348.5  3.34397E+43 -8.45253E+43    0.000
  73 6.69029E+07  27.199 8.67178E+09   1226.7  414.5  0.680 13.852  4.764   3370.9  3.33816E+43 -8.47515E+43    0.000
  74 7.47735E+07  27.157 8.63688E+09   1199.5  405.3  0.684 13.858  4.759   3398.2  3.33119E+43 -8.50274E+43    0.000
  75 8.10000E+07  27.127 8.61160E+09   1179.9  399.0  0.687 13.862  4.756   3418.1  3.32619E+43 -8.52287E+43    0.000
  76 8.93020E+07  27.090 8.58054E+09   1155.8  391.3  0.691 13.867  4.751   3442.9  3.32018E+43 -8.54783E+43    0.000
  77 1.00371E+08  27.046 8.54294E+09   1126.8  382.5  0.696 13.873  4.746   3473.3  3.31314E+43 -8.57833E+43    0.000
  78 1.01000E+08  27.044 8.54091E+09   1125.2  382.0  0.696 13.874  4.745   3475.0  3.31276E+43 -8.57995E+43    0.000
  79 1.01838E+08  27.041 8.53823E+09   1123.2  381.4  0.697 13.874  4.745   3477.1  3.31227E+43 -8.58214E+43    0.000
  80 1.02956E+08  27.037 8.53468E+09   1120.5  380.6  0.697 13.875  4.744   3480.0  3.31163E+43 -8.58504E+43    0.000
  81 1.04446E+08  27.032 8.53000E+09   1116.9  379.5  0.698 13.876  4.744   3483.9  3.31079E+43 -8.58886E+43    0.000
  82 1.06433E+08  27.025 8.52385E+09   1112.1  378.1  0.698 13.877  4.743   3488.9  3.30969E+43 -8.59389E+43    0.000
  83 1.09082E+08  27.016 8.51580E+09   1106.0  376.4  0.700 13.878  4.741   3495.5  3.30828E+43 -8.60049E+43    0.000
  84 1.12615E+08  27.004 8.50532E+09   1098.0  374.1  0.701 13.880  4.740   3504.1  3.30645E+43 -8.60910E+43    0.000
  85 1.17324E+08  26.989 8.49177E+09   1087.7  371.2  0.703 13.882  4.737   3515.3  3.30414E+43 -8.62026E+43    0.000
  86 1.23604E+08  26.970 8.47440E+09   1074.5  367.6  0.705 13.885  4.735   3529.7  3.30123E+43 -8.63462E+43    0.000
  87 1.31977E+08  26.947 8.45240E+09   1057.8  363.1  0.708 13.889  4.731   3548.1  3.29761E+43 -8.65290E+43    0.000
  88 1.43141E+08  26.918 8.42483E+09   1037.0  357.6  0.711 13.894  4.726   3571.4  3.29317E+43 -8.67593E+43    0.000
  89 1.58026E+08  26.881 8.39088E+09   1011.5  350.9  0.716 13.899  4.720   3600.3  3.28783E+43 -8.70450E+43    0.000
  90 1.77873E+08  26.836 8.34982E+09    980.9  342.7  0.721 13.907  4.713   3635.8  3.28147E+43 -8.73935E+43    0.000
  91 2.01000E+08  26.787 8.30717E+09    949.2  334.1  0.727 13.914  4.705   3673.3  3.27481E+43 -8.77590E+43    0.000
  92 2.31837E+08  26.728 8.25746E+09    912.3  323.9  0.734 13.923  4.695   3717.6  3.26681E+43 -8.81903E+43    0.000
  93 2.72952E+08  26.659 8.20109E+09    870.5  312.3  0.741 13.933  4.683   3768.9  3.25727E+43 -8.86859E+43    0.000
  94 3.17230E+08  26.593 8.14962E+09    832.6  301.6  0.749 13.942  4.671   3816.7  3.24866E+43 -8.91487E+43    0.000
  95 3.76267E+08  26.516 8.09123E+09    790.5  289.5  0.757 13.953  4.657   3871.9  3.23966E+43 -8.96776E+43    0.000
  96 4.01000E+08  26.486 8.06949E+09    775.0  285.1  0.760 13.957  4.652   3892.8  3.23661E+43 -8.98767E+43    0.000
  97 4.33977E+08  26.450 8.04260E+09    756.1  279.6  0.763 13.961  4.645   3918.9  3.23299E+43 -9.01242E+43    0.000
  98 4.77947E+08  26.404 8.00996E+09    733.3  272.9  0.768 13.967  4.636   3950.9  3.22879E+43 -9.04262E+43    0.000
  99 5.36573E+08  26.349 7.97120E+09    706.6  265.1  0.773 13.974  4.626   3989.4  3.22397E+43 -9.07872E+43    0.000
 100 6.01000E+08  26.294 7.93376E+09    681.0  257.4  0.779 13.981  4.615   4027.2  3.21936E+43 -9.11381E+43    0.000
 101 6.86903E+08  26.229 7.89034E+09    651.7  248.5  0.785 13.989  4.603   4071.6  3.21414E+43 -9.15487E+43    0.000
 102 8.01000E+08  26.152 7.84130E+09    619.2  238.5  0.792 13.998  4.588   4122.7  3.20865E+43 -9.20154E+43    0.000
 103 9.53130E+08  26.063 7.78686E+09    584.0  227.4  0.799 14.008  4.570   4180.5  3.20371E+43 -9.25429E+43    0.000
 104 1.00100E+09  26.038 7.77176E+09    574.4  224.4  0.802 14.011  4.565   4196.8  3.20254E+43 -9.26909E+43    0.000
 105 1.06483E+09  26.006 7.75289E+09    562.5  220.6  0.804 14.015  4.559   4217.3  3.20119E+43 -9.28769E+43    0.000
 106 1.14993E+09  25.966 7.72971E+09    547.9  215.9  0.808 14.019  4.551   4242.6  3.19966E+43 -9.31068E+43    0.000
 107 1.26340E+09  25.917 7.70184E+09    530.6  210.2  0.812 14.025  4.541   4273.4  3.19796E+43 -9.33852E+43    0.000
 108 1.41469E+09  25.857 7.66907E+09    510.4  203.6  0.816 14.031  4.529   4310.0  3.19614E+43 -9.37151E+43    0.000
 109 1.61642E+09  25.786 7.63150E+09    487.5  195.9  0.822 14.038  4.515   4352.5  3.19434E+43 -9.40963E+43    0.000
 110 1.88538E+09  25.703 7.58973E+09    462.3  187.3  0.828 14.046  4.498   4400.5  3.19237E+43 -9.45206E+43    0.000
 111 2.00100E+09  25.671 7.57408E+09    452.9  184.0  0.830 14.049  4.492   4418.7  3.19165E+43 -9.46811E+43    0.000
 112 2.15516E+09  25.631 7.55496E+09    441.5  180.1  0.833 14.052  4.484   4441.1  3.19076E+43 -9.48778E+43    0.000
 113 2.36070E+09  25.582 7.53213E+09    427.8  175.3  0.836 14.057  4.474   4468.1  3.18963E+43 -9.51141E+43    0.000
 114 2.63476E+09  25.522 7.50551E+09    411.9  169.7  0.840 14.062  4.462   4499.9  3.18823E+43 -9.53917E+43    0.000
 115 3.00018E+09  25.452 7.47521E+09    393.8  163.3  0.844 14.068  4.447   4536.4  3.18661E+43 -9.57109E+43    0.000
 116 3.16330E+09  25.424 7.46316E+09    386.7  160.8  0.846 14.070  4.441   4551.1  3.18598E+43 -9.58374E+43    0.000
 117 3.38080E+09  25.388 7.44823E+09    377.9  157.6  0.848 14.073  4.434   4569.3  3.18534E+43 -9.59963E+43    0.000
 118 3.67079E+09  25.343 7.43006E+09    367.3  153.8  0.851 14.077  4.425   4591.7  3.18470E+43 -9.61906E+43    0.000
 119 4.00100E+09  25.296 7.41140E+09    356.5  149.9  0.853 14.080  4.416   4614.9  3.18418E+43 -9.63911E+43    0.000
 120 4.44127E+09  25.239 7.38922E+09    343.8  145.3  0.857 14.085  4.404   4642.6  3.18379E+43 -9.66305E+43    0.000
 121 5.02831E+09  25.172 7.36348E+09    329.3  140.0  0.860 14.089  4.391   4675.1  3.18359E+43 -9.69097E+43    0.000
 122 5.81102E+09  25.093 7.33427E+09    313.1  134.1  0.864 14.095  4.375   4712.5  3.18370E+43 -9.72275E+43    0.000
 123 6.00100E+09  25.075 7.32789E+09    309.6  132.8  0.865 14.096  4.371   4720.6  3.18371E+43 -9.72953E+43    0.000
 124 6.25431E+09  25.052 7.31976E+09    305.2  131.1  0.866 14.098  4.367   4731.1  3.18381E+43 -9.73838E+43    0.000
 125 6.59206E+09  25.023 7.30951E+09    299.7  129.0  0.868 14.100  4.361   4744.4  3.18396E+43 -9.74954E+43    0.000
 126 7.04240E+09  24.987 7.29680E+09    292.9  126.5  0.870 14.102  4.354   4760.9  3.18420E+43 -9.76340E+43    0.000
 127 7.64284E+09  24.942 7.28131E+09    284.6  123.4  0.872 14.105  4.345   4781.2  3.18459E+43 -9.78034E+43    0.000
 128 8.00100E+09  24.917 7.27276E+09    280.1  121.7  0.873 14.107  4.340   4792.5  3.18484E+43 -9.78968E+43    0.000
 129 8.47855E+09  24.885 7.26206E+09    274.5  119.5  0.874 14.109  4.333   4806.6  3.18522E+43 -9.80142E+43    0.000
 130 9.11528E+09  24.845 7.24890E+09    267.7  116.9  0.876 14.111  4.325   4824.1  3.18578E+43 -9.81592E+43    0.000
 131 9.96425E+09  24.796 7.23302E+09    259.5  113.8  0.878 14.114  4.315   4845.3  3.18659E+43 -9.83351E+43    0.000
 132 1.00010E+10  24.794 7.23237E+09    259.2  113.7  0.878 14.114  4.315   4846.1  3.18661E+43 -9.83420E+43    0.000
 133 1.00500E+10  24.791 7.23151E+09    258.7  113.5  0.879 14.115  4.315   4847.3  3.18666E+43 -9.83516E+43    0.000
 134 1.01153E+10  24.787 7.23037E+09    258.1  113.3  0.879 14.115  4.314   4848.8  3.18673E+43 -9.83642E+43    0.000
 135 1.02024E+10  24.783 7.22886E+09    257.4  113.0  0.879 14.115  4.313   4850.8  3.18682E+43 -9.83810E+43    0.000
 136 1.03186E+10  24.776 7.22688E+09    256.3  112.6  0.879 14.115  4.312   4853.5  3.18693E+43 -9.84030E+43    0.000
 137 1.04735E+10  24.768 7.22428E+09    255.0  112.1  0.879 14.116  4.310   4857.0  3.18709E+43 -9.84320E+43    0.000
 138 1.06800E+10  24.757 7.22088E+09    253.3  111.4  0.880 14.117  4.308   4861.6  3.18731E+43 -9.84698E+43    0.000
 139 1.09553E+10  24.743 7.21648E+09    251.0  110.5  0.881 14.117  4.305   4867.5  3.18760E+43 -9.85190E+43    0.000
 140 1.13224E+10  24.725 7.21081E+09    248.2  109.4  0.881 14.118  4.301   4875.2  3.18800E+43 -9.85823E+43    0.000
 141 1.18118E+10  24.701 7.20360E+09    244.5  108.0  0.882 14.120  4.297   4884.9  3.18855E+43 -9.86632E+43    0.000
 142 1.24644E+10  24.671 7.19455E+09    240.0  106.2  0.884 14.122  4.291   4897.2  3.18931E+43 -9.87652E+43    0.000
 143 1.33346E+10  24.634 7.18336E+09    234.4  104.0  0.885 14.124  4.284   4912.5  3.19033E+43 -9.88918E+43    0.000
 144 1.44948E+10  24.587 7.16981E+09    227.6  101.4  0.887 14.126  4.275   4931.1  3.19165E+43 -9.90457E+43    0.000
 145 1.50010E+10  24.568 7.16433E+09    224.9  100.3  0.888 14.127  4.271   4938.6  3.19220E+43 -9.91079E+43    0.000
 146 1.56760E+10  24.543 7.15739E+09    221.5   98.9  0.889 14.129  4.266   4948.2  3.19291E+43 -9.91871E+43    0.000
 147 1.65759E+10  24.512 7.14872E+09    217.2   97.2  0.890 14.130  4.260   4960.2  3.19380E+43 -9.92862E+43    0.000
 148 1.77759E+10  24.473 7.13810E+09    211.9   95.1  0.891 14.132  4.253   4975.0  3.19488E+43 -9.94078E+43    0.000
 149 1.93758E+10  24.425 7.12537E+09    205.6   92.6  0.893 14.135  4.243   4992.8  3.19612E+43 -9.95538E+43    0.000
 150 2.00010E+10  24.407 7.12079E+09    203.4   91.7  0.894 14.136  4.240   4999.2  3.19654E+43 -9.96062E+43    0.000
