

                           Program bd_evol.f

       Adiabatic models with H-He envelopes and nuclear reactions

    Surface boundary condition: jun17_cloudless+0.0_BC
    No Solar insolation

*** MS=   8.0000 Mj          0.00764 Msun

       t(years)   log L     R(cm)        Ts     Te   log rc log Pc log Tc     g        Uth          Ugrav     log Lnuc

   1 1.00634E+06  30.773 1.76039E+10   3996.7 2276.0  0.473 13.958  5.381   3271.9  3.49482E+44 -7.12424E+44   24.251
   2 1.01268E+06  30.770 1.75630E+10   3993.9 2274.6  0.476 13.962  5.382   3287.2  3.49931E+44 -7.13852E+44   24.264
   3 1.01606E+06  30.768 1.75413E+10   3992.4 2273.9  0.477 13.964  5.382   3295.3  3.50169E+44 -7.14609E+44   24.270
   4 1.02034E+06  30.766 1.75141E+10   3990.5 2272.9  0.479 13.966  5.382   3305.5  3.50469E+44 -7.15564E+44   24.279
   5 1.02576E+06  30.763 1.74799E+10   3988.1 2271.7  0.481 13.969  5.383   3318.5  3.50848E+44 -7.16767E+44   24.289
   6 1.03263E+06  30.760 1.74371E+10   3985.1 2270.2  0.484 13.973  5.383   3334.8  3.51326E+44 -7.18281E+44   24.302
   7 1.04133E+06  30.756 1.73836E+10   3981.4 2268.2  0.487 13.977  5.384   3355.4  3.51927E+44 -7.20184E+44   24.318
   8 1.05235E+06  30.751 1.73170E+10   3976.7 2265.8  0.491 13.983  5.384   3381.2  3.52682E+44 -7.22569E+44   24.339
   9 1.06631E+06  30.744 1.72345E+10   3970.8 2262.7  0.497 13.990  5.385   3413.7  3.53627E+44 -7.25550E+44   24.364
  10 1.08400E+06  30.736 1.71329E+10   3963.4 2258.9  0.503 13.999  5.386   3454.3  3.54809E+44 -7.29263E+44   24.395
  11 1.10640E+06  30.726 1.70084E+10   3954.3 2254.1  0.512 14.010  5.388   3505.0  3.56281E+44 -7.33870E+44   24.433
  12 1.13477E+06  30.714 1.68572E+10   3943.0 2248.1  0.522 14.023  5.389   3568.2  3.58107E+44 -7.39560E+44   24.479
  13 1.17071E+06  30.698 1.66753E+10   3929.1 2240.6  0.534 14.040  5.391   3646.4  3.60362E+44 -7.46544E+44   24.535
  14 1.21623E+06  30.680 1.64589E+10   3912.1 2231.3  0.549 14.059  5.394   3743.0  3.63129E+44 -7.55058E+44   24.601
  15 1.27389E+06  30.657 1.62047E+10   3891.4 2219.9  0.567 14.083  5.396   3861.3  3.66500E+44 -7.65351E+44   24.679
  16 1.34693E+06  30.630 1.59106E+10   3866.5 2205.7  0.587 14.111  5.399   4005.4  3.70568E+44 -7.77686E+44   24.769
  17 1.43944E+06  30.598 1.55760E+10   3836.7 2188.3  0.612 14.143  5.403   4179.3  3.75416E+44 -7.92278E+44   24.871
  18 1.55662E+06  30.560 1.52024E+10   3801.4 2166.9  0.640 14.180  5.407   4387.2  3.81136E+44 -8.09352E+44   24.978
  19 1.70506E+06  30.515 1.47937E+10   3760.0 2140.7  0.671 14.222  5.410   4633.0  3.87769E+44 -8.29037E+44   25.100
  20 1.89307E+06  30.463 1.43561E+10   3711.9 2108.8  0.706 14.268  5.414   4919.7  3.95321E+44 -8.51368E+44   25.228
  21 2.00000E+06  30.435 1.41390E+10   3686.4 2091.4  0.724 14.292  5.416   5072.0  3.99252E+44 -8.62976E+44   25.290
  22 2.14257E+06  30.401 1.38785E+10   3654.1 2069.1  0.746 14.320  5.418   5264.2  4.04119E+44 -8.77371E+44   25.363
  23 2.33267E+06  30.357 1.35735E+10   3613.9 2040.7  0.772 14.355  5.420   5503.4  4.10046E+44 -8.94945E+44   25.446
  24 2.58612E+06  30.304 1.32266E+10   3564.2 2005.0  0.802 14.395  5.422   5795.9  4.17092E+44 -9.15937E+44   25.533
  25 2.92407E+06  30.240 1.28442E+10   3504.0 1960.8  0.837 14.441  5.424   6146.2  4.25245E+44 -9.40431E+44   25.628
  26 3.00000E+06  30.226 1.27683E+10   3491.3 1951.4  0.844 14.451  5.425   6219.4  4.26913E+44 -9.45473E+44   25.646
  27 3.10124E+06  30.209 1.26720E+10   3474.7 1939.2  0.853 14.463  5.425   6314.3  4.29053E+44 -9.51965E+44   25.668
  28 3.23623E+06  30.186 1.25515E+10   3453.3 1923.5  0.865 14.478  5.425   6436.1  4.31771E+44 -9.60239E+44   25.695
  29 3.41621E+06  30.158 1.24033E+10   3425.8 1903.4  0.879 14.497  5.426   6590.9  4.35174E+44 -9.70653E+44   25.728
  30 3.65619E+06  30.122 1.22247E+10   3390.8 1878.1  0.897 14.520  5.426   6784.9  4.39365E+44 -9.83566E+44   25.765
  31 3.97616E+06  30.078 1.20147E+10   3346.8 1846.4  0.918 14.548  5.426   7024.1  4.44408E+44 -9.99267E+44   25.803
  32 4.16230E+06  30.053 1.19049E+10   3322.4 1829.0  0.929 14.562  5.426   7154.3  4.47106E+44 -1.00774E+45   25.823
  33 4.41049E+06  30.022 1.17705E+10   3291.1 1806.6  0.943 14.581  5.426   7318.6  4.50461E+44 -1.01834E+45   25.847
  34 4.74140E+06  29.982 1.16097E+10   3251.4 1778.2  0.960 14.603  5.426   7522.7  4.54548E+44 -1.03137E+45   25.872
  35 5.00000E+06  29.953 1.14965E+10   3221.8 1757.1  0.972 14.619  5.425   7671.7  4.57487E+44 -1.04081E+45   25.888
  36 5.34480E+06  29.916 1.13599E+10   3184.1 1730.3  0.987 14.639  5.425   7857.3  4.61093E+44 -1.05249E+45   25.902
  37 5.80452E+06  29.869 1.11991E+10   3136.6 1696.6  1.005 14.662  5.424   8084.5  4.65411E+44 -1.06665E+45   25.919
  38 6.41749E+06  29.812 1.10152E+10   3077.7 1654.8  1.026 14.690  5.422   8356.6  4.70475E+44 -1.08344E+45   25.934
  39 7.00000E+06  29.761 1.08660E+10   3025.7 1618.3  1.044 14.713  5.421   8587.7  4.74680E+44 -1.09757E+45   25.941
  40 7.77668E+06  29.699 1.06967E+10   2961.6 1574.0  1.064 14.739  5.418   8861.8  4.79558E+44 -1.11416E+45   25.940
  41 8.81224E+06  29.626 1.05103E+10   2884.1 1522.4  1.087 14.769  5.415   9178.8  4.85060E+44 -1.13316E+45   25.935
  42 9.00000E+06  29.614 1.04803E+10   2870.8 1513.9  1.090 14.774  5.415   9231.4  4.85958E+44 -1.13629E+45   25.934
  43 9.25034E+06  29.598 1.04419E+10   2853.4 1503.0  1.095 14.780  5.414   9299.5  4.87116E+44 -1.14033E+45   25.931
  44 9.58413E+06  29.578 1.03931E+10   2830.9 1489.1  1.101 14.788  5.413   9386.9  4.88593E+44 -1.14551E+45   25.922
  45 1.00292E+07  29.552 1.03322E+10   2801.9 1471.6  1.109 14.798  5.412   9498.1  4.90456E+44 -1.15207E+45   25.917
  46 1.06226E+07  29.520 1.02571E+10   2764.7 1449.8  1.118 14.811  5.410   9637.7  4.92773E+44 -1.16027E+45   25.909
  47 1.10000E+07  29.501 1.02126E+10   2742.0 1436.8  1.124 14.818  5.409   9721.8  4.94153E+44 -1.16519E+45   25.903
  48 1.15032E+07  29.476 1.01568E+10   2712.7 1420.1  1.131 14.828  5.407   9828.9  4.95902E+44 -1.17143E+45   25.894
  49 1.21742E+07  29.444 1.00879E+10   2675.3 1399.2  1.140 14.840  5.406   9963.6  4.98078E+44 -1.17923E+45   25.882
  50 1.30688E+07  29.404 1.00047E+10   2628.1 1373.3  1.151 14.854  5.403  10130.1  5.00740E+44 -1.18884E+45   25.859
  51 1.42617E+07  29.355 9.90638E+09   2569.7 1341.7  1.164 14.871  5.400  10332.1  5.03916E+44 -1.20041E+45   25.835
  52 1.58521E+07  29.296 9.79325E+09   2498.9 1304.3  1.179 14.891  5.396  10572.2  5.07637E+44 -1.21407E+45   25.803
  53 1.79727E+07  29.226 9.66663E+09   2415.0 1261.1  1.196 14.914  5.391  10850.9  5.11881E+44 -1.22980E+45   25.750
  54 2.08002E+07  29.145 9.52890E+09   2318.7 1212.0  1.215 14.939  5.385  11166.9  5.16601E+44 -1.24746E+45   25.681
  55 2.10000E+07  29.139 9.52022E+09   2312.5 1208.8  1.216 14.940  5.384  11187.3  5.16901E+44 -1.24859E+45   25.677
  56 2.12664E+07  29.132 9.50884E+09   2304.3 1204.6  1.218 14.943  5.384  11214.1  5.17296E+44 -1.25008E+45   25.672
  57 2.16215E+07  29.123 9.49395E+09   2293.5 1199.1  1.220 14.945  5.383  11249.3  5.17814E+44 -1.25203E+45   25.665
  58 2.20951E+07  29.111 9.47470E+09   2279.5 1192.0  1.223 14.949  5.382  11295.0  5.18486E+44 -1.25456E+45   25.655
  59 2.27265E+07  29.095 9.44997E+09   2261.4 1182.7  1.226 14.953  5.381  11354.2  5.19353E+44 -1.25784E+45   25.643
  60 2.35683E+07  29.075 9.41855E+09   2238.2 1170.7  1.231 14.959  5.379  11430.1  5.20461E+44 -1.26203E+45   25.626
  61 2.46908E+07  29.048 9.37912E+09   2208.8 1155.6  1.236 14.967  5.377  11526.4  5.21860E+44 -1.26733E+45   25.590
  62 2.61874E+07  29.015 9.33048E+09   2172.1 1136.7  1.243 14.976  5.374  11646.9  5.23600E+44 -1.27393E+45   25.562
  63 2.81829E+07  28.974 9.27154E+09   2127.1 1113.5  1.252 14.987  5.371  11795.5  5.25732E+44 -1.28204E+45   25.526
  64 3.08436E+07  28.923 9.20177E+09   2073.2 1085.8  1.262 15.000  5.367  11975.1  5.28289E+44 -1.29179E+45   25.462
  65 3.26230E+07  28.892 9.15977E+09   2040.4 1068.9  1.268 15.008  5.364  12085.1  5.29837E+44 -1.29772E+45   25.432
  66 3.49956E+07  28.853 9.10859E+09   2000.2 1048.1  1.275 15.018  5.360  12221.3  5.31750E+44 -1.30504E+45   25.372
  67 3.81590E+07  28.805 9.04759E+09   1951.9 1023.0  1.284 15.030  5.356  12386.7  5.34056E+44 -1.31388E+45   25.324
  68 4.10000E+07  28.765 8.99866E+09   1912.9 1002.5  1.291 15.040  5.352  12521.7  5.35919E+44 -1.32105E+45   25.256
  69 4.47880E+07  28.716 8.94045E+09   1866.2  977.6  1.300 15.051  5.348  12685.3  5.38164E+44 -1.32971E+45   25.174
  70 4.98386E+07  28.656 8.87299E+09   1811.7  948.0  1.310 15.065  5.342  12878.9  5.40785E+44 -1.33987E+45   25.074
  71 5.65728E+07  28.584 8.79696E+09   1749.9  913.5  1.321 15.080  5.335  13102.5  5.43784E+44 -1.35153E+45   24.956
  72 6.10000E+07  28.541 8.75381E+09   1714.6  893.5  1.328 15.088  5.331  13232.0  5.45506E+44 -1.35826E+45   24.865
  73 6.69029E+07  28.489 8.70268E+09   1672.7  869.5  1.336 15.099  5.326  13388.0  5.47564E+44 -1.36632E+45   24.758
  74 7.47735E+07  28.426 8.64378E+09   1624.2  841.3  1.345 15.111  5.320  13570.9  5.49943E+44 -1.37570E+45   24.523
  75 8.10000E+07  28.380 8.60312E+09   1590.8  821.4  1.351 15.119  5.316  13699.6  5.51608E+44 -1.38227E+45   24.411
  76 8.93020E+07  28.324 8.55536E+09   1551.2  797.6  1.358 15.129  5.310  13853.0  5.53578E+44 -1.39006E+45   24.081
  77 1.00371E+08  28.258 8.50063E+09   1505.8  770.1  1.367 15.140  5.304  14031.9  5.55842E+44 -1.39905E+45   23.402
  78 1.01000E+08  28.254 8.49778E+09   1503.4  768.7  1.367 15.141  5.303  14041.3  5.55961E+44 -1.39952E+45   23.397
  79 1.01838E+08  28.250 8.49401E+09   1500.3  766.7  1.368 15.142  5.303  14053.7  5.56119E+44 -1.40015E+45   23.233
  80 1.02956E+08  28.243 8.48906E+09   1496.2  764.2  1.369 15.143  5.302  14070.1  5.56325E+44 -1.40097E+45   23.145
  81 1.04446E+08  28.235 8.48257E+09   1490.8  760.9  1.370 15.144  5.301  14091.7  5.56596E+44 -1.40204E+45   22.810
  82 1.06433E+08  28.224 8.47412E+09   1483.8  756.6  1.371 15.146  5.300  14119.8  5.56950E+44 -1.40345E+45   22.052
  83 1.09082E+08  28.210 8.46320E+09   1474.7  750.9  1.373 15.148  5.299  14156.3  5.57408E+44 -1.40527E+45    0.000
  84 1.12615E+08  28.192 8.44920E+09   1463.1  743.6  1.375 15.151  5.297  14203.2  5.57997E+44 -1.40761E+45    0.000
  85 1.17324E+08  28.168 8.43150E+09   1448.3  734.2  1.378 15.155  5.295  14262.9  5.58743E+44 -1.41058E+45    0.000
  86 1.23604E+08  28.137 8.40942E+09   1429.9  722.4  1.381 15.159  5.292  14337.9  5.59677E+44 -1.41430E+45    0.000
  87 1.31977E+08  28.099 8.38237E+09   1407.4  707.8  1.385 15.165  5.288  14430.6  5.60825E+44 -1.41889E+45    0.000
  88 1.43141E+08  28.052 8.34985E+09   1380.3  690.3  1.391 15.172  5.284  14543.2  5.62212E+44 -1.42443E+45    0.000
  89 1.58026E+08  27.996 8.31167E+09   1348.6  669.9  1.397 15.180  5.278  14677.2  5.63849E+44 -1.43098E+45    0.000
  90 1.77873E+08  27.930 8.26782E+09   1312.0  646.7  1.403 15.189  5.272  14833.4  5.65740E+44 -1.43858E+45    0.000
  91 2.01000E+08  27.864 8.22436E+09   1275.7  624.0  1.410 15.198  5.265  14990.5  5.67619E+44 -1.44616E+45    0.000
  92 2.31837E+08  27.787 8.17578E+09   1235.1  598.9  1.418 15.209  5.257  15169.1  5.69718E+44 -1.45470E+45    0.000
  93 2.72952E+08  27.702 8.12262E+09   1190.5  572.0  1.427 15.220  5.248  15368.3  5.72037E+44 -1.46416E+45    0.000
  94 3.17230E+08  27.624 8.07571E+09   1151.2  548.6  1.434 15.230  5.239  15547.3  5.74088E+44 -1.47260E+45    0.000
  95 3.76267E+08  27.539 8.02441E+09   1108.2  524.1  1.442 15.241  5.229  15746.8  5.76338E+44 -1.48190E+45    0.000
  96 4.01000E+08  27.508 8.00572E+09   1092.5  515.3  1.445 15.245  5.226  15820.4  5.77159E+44 -1.48531E+45    0.000
  97 4.33977E+08  27.469 7.98283E+09   1073.4  504.7  1.449 15.250  5.221  15911.3  5.78166E+44 -1.48951E+45    0.000
  98 4.77947E+08  27.423 7.95529E+09   1050.3  492.3  1.453 15.256  5.216  16021.6  5.79379E+44 -1.49458E+45    0.000
  99 5.36573E+08  27.369 7.92282E+09   1023.2  478.1  1.459 15.263  5.209  16153.2  5.80813E+44 -1.50059E+45    0.000
 100 6.01000E+08  27.317 7.89145E+09    997.0  464.9  1.464 15.269  5.202  16281.9  5.82202E+44 -1.50643E+45    0.000
 101 6.86903E+08  27.252 7.85507E+09    966.6  449.1  1.470 15.277  5.193  16433.0  5.83815E+44 -1.51323E+45    0.000
 102 8.01000E+08  27.169 7.81468E+09    933.0  429.2  1.476 15.286  5.184  16603.3  5.85623E+44 -1.52086E+45    0.000
 103 9.53130E+08  27.083 7.77092E+09    896.6  409.7  1.483 15.295  5.173  16790.9  5.87608E+44 -1.52921E+45    0.000
 104 1.00100E+09  27.061 7.75881E+09    886.6  404.6  1.485 15.298  5.170  16843.3  5.88151E+44 -1.53151E+45    0.000
 105 1.06483E+09  27.032 7.74365E+09    874.0  398.3  1.488 15.301  5.166  16909.3  5.88845E+44 -1.53443E+45    0.000
 106 1.14993E+09  26.995 7.72496E+09    858.5  390.6  1.491 15.305  5.161  16991.2  5.89702E+44 -1.53804E+45    0.000
 107 1.26340E+09  26.953 7.70231E+09    839.8  381.7  1.494 15.310  5.155  17091.3  5.90746E+44 -1.54243E+45    0.000
 108 1.41469E+09  26.906 7.67519E+09    817.4  372.2  1.499 15.316  5.147  17212.3  5.92000E+44 -1.54770E+45    0.000
 109 1.61642E+09  26.856 7.64300E+09    791.0  362.3  1.504 15.323  5.138  17357.6  5.93497E+44 -1.55399E+45    0.000
 110 1.88538E+09  26.798 7.60533E+09    760.2  351.3  1.510 15.332  5.126  17530.1  5.95256E+44 -1.56140E+45    0.000
 111 2.00100E+09  26.774 7.59065E+09    748.3  346.9  1.513 15.335  5.122  17597.9  5.95937E+44 -1.56428E+45    0.000
 112 2.15516E+09  26.744 7.57229E+09    733.3  341.4  1.516 15.339  5.116  17683.3  5.96794E+44 -1.56791E+45    0.000
 113 2.36070E+09  26.706 7.54975E+09    715.1  334.6  1.519 15.344  5.109  17789.1  5.97847E+44 -1.57238E+45    0.000
 114 2.63476E+09  26.660 7.52259E+09    693.2  326.4  1.524 15.350  5.099  17917.8  5.99118E+44 -1.57780E+45    0.000
 115 3.00018E+09  26.606 7.49051E+09    667.5  316.9  1.529 15.357  5.088  18071.6  6.00625E+44 -1.58424E+45    0.000
 116 3.16330E+09  26.583 7.47745E+09    657.0  313.1  1.531 15.359  5.084  18134.7  6.01237E+44 -1.58686E+45    0.000
 117 3.38080E+09  26.554 7.46106E+09    644.0  308.3  1.534 15.363  5.078  18214.5  6.02013E+44 -1.59017E+45    0.000
 118 3.67079E+09  26.518 7.44082E+09    628.0  302.3  1.537 15.368  5.070  18313.7  6.02977E+44 -1.59428E+45    0.000
 119 4.00100E+09  26.478 7.41976E+09    611.4  295.9  1.540 15.372  5.062  18417.8  6.03986E+44 -1.59856E+45    0.000
 120 4.44127E+09  26.427 7.39451E+09    591.6  287.9  1.545 15.378  5.052  18543.9  6.05205E+44 -1.60372E+45    0.000
 121 5.02831E+09  26.365 7.36503E+09    568.7  278.3  1.549 15.384  5.040  18692.6  6.06640E+44 -1.60977E+45    0.000
 122 5.81102E+09  26.293 7.33156E+09    542.9  267.6  1.555 15.392  5.026  18863.7  6.08284E+44 -1.61668E+45    0.000
 123 6.00100E+09  26.277 7.32425E+09    537.3  265.2  1.556 15.393  5.022  18901.3  6.08636E+44 -1.61817E+45    0.000
 124 6.25431E+09  26.256 7.31492E+09    530.2  262.2  1.558 15.395  5.018  18949.5  6.09096E+44 -1.62011E+45    0.000
 125 6.59206E+09  26.229 7.30318E+09    521.2  258.4  1.560 15.398  5.013  19010.5  6.09677E+44 -1.62255E+45    0.000
 126 7.04240E+09  26.195 7.28862E+09    510.1  253.6  1.562 15.401  5.006  19086.6  6.10399E+44 -1.62558E+45    0.000
 127 7.64284E+09  26.151 7.27092E+09    496.6  247.6  1.565 15.405  4.998  19179.6  6.11279E+44 -1.62928E+45    0.000
 128 8.00100E+09  26.126 7.26119E+09    489.2  244.3  1.566 15.407  4.993  19231.0  6.11763E+44 -1.63132E+45    0.000
 129 8.47855E+09  26.095 7.24907E+09    480.0  240.0  1.568 15.410  4.987  19295.4  6.12369E+44 -1.63387E+45    0.000
 130 9.11528E+09  26.055 7.23423E+09    468.8  234.8  1.571 15.413  4.979  19374.6  6.13115E+44 -1.63700E+45    0.000
 131 9.96425E+09  26.006 7.21644E+09    455.4  228.6  1.574 15.417  4.970  19470.3  6.14015E+44 -1.64077E+45    0.000
 132 1.00010E+10  26.004 7.21571E+09    454.9  228.4  1.574 15.417  4.970  19474.2  6.14050E+44 -1.64092E+45    0.000
 133 1.00500E+10  26.001 7.21475E+09    454.2  228.0  1.574 15.417  4.969  19479.4  6.14098E+44 -1.64112E+45    0.000
 134 1.01153E+10  25.998 7.21348E+09    453.2  227.6  1.574 15.418  4.968  19486.3  6.14163E+44 -1.64139E+45    0.000
 135 1.02024E+10  25.993 7.21180E+09    452.0  227.0  1.575 15.418  4.967  19495.3  6.14248E+44 -1.64175E+45    0.000
 136 1.03186E+10  25.987 7.20959E+09    450.3  226.3  1.575 15.419  4.966  19507.3  6.14360E+44 -1.64222E+45    0.000
 137 1.04735E+10  25.979 7.20669E+09    448.1  225.3  1.575 15.419  4.965  19523.0  6.14508E+44 -1.64283E+45    0.000
 138 1.06800E+10  25.968 7.20291E+09    445.3  224.0  1.576 15.420  4.963  19543.5  6.14700E+44 -1.64364E+45    0.000
 139 1.09553E+10  25.955 7.19801E+09    441.6  222.3  1.577 15.421  4.960  19570.1  6.14950E+44 -1.64468E+45    0.000
 140 1.13224E+10  25.938 7.19172E+09    436.9  220.2  1.578 15.423  4.956  19604.3  6.15271E+44 -1.64603E+45    0.000
 141 1.18118E+10  25.915 7.18372E+09    430.9  217.5  1.579 15.424  4.952  19648.0  6.15680E+44 -1.64774E+45    0.000
 142 1.24644E+10  25.887 7.17369E+09    423.4  214.2  1.581 15.427  4.946  19703.0  6.16195E+44 -1.64989E+45    0.000
 143 1.33346E+10  25.852 7.16131E+09    414.2  210.1  1.583 15.429  4.939  19771.2  6.16832E+44 -1.65256E+45    0.000
 144 1.44948E+10  25.809 7.14629E+09    403.0  205.1  1.586 15.433  4.930  19854.4  6.17607E+44 -1.65580E+45    0.000
 145 1.50010E+10  25.791 7.14021E+09    398.4  203.1  1.587 15.434  4.926  19888.2  6.17920E+44 -1.65712E+45    0.000
 146 1.56760E+10  25.768 7.13249E+09    392.7  200.5  1.588 15.436  4.921  19931.3  6.18318E+44 -1.65879E+45    0.000
 147 1.65759E+10  25.738 7.12283E+09    385.5  197.2  1.590 15.438  4.915  19985.4  6.18815E+44 -1.66089E+45    0.000
 148 1.77759E+10  25.701 7.11094E+09    376.7  193.2  1.592 15.441  4.908  20052.3  6.19426E+44 -1.66348E+45    0.000
 149 1.93758E+10  25.655 7.09660E+09    366.0  188.3  1.594 15.444  4.898  20133.4  6.20160E+44 -1.66660E+45    0.000
 150 2.00010E+10  25.638 7.09140E+09    362.2  186.6  1.595 15.445  4.895  20162.9  6.20422E+44 -1.66773E+45    0.000
