

                           Program bd_evol.f

       Adiabatic models with H-He envelopes and nuclear reactions

    Surface boundary condition: jun17_cloudless+0.0_BC
    No Solar insolation

*** MS=   2.0000 Mj          0.00191 Msun

       t(years)   log L     R(cm)        Ts     Te   log rc log Pc log Tc     g        Uth          Ugrav     log Lnuc

   1 1.00634E+06  29.827 1.31575E+10   3321.0 1527.9  0.255 13.288  4.939   1464.2  3.28093E+43 -6.11975E+43    0.000
   2 1.01268E+06  29.820 1.31221E+10   3315.4 1523.6  0.257 13.292  4.939   1472.1  3.28305E+43 -6.13203E+43    0.000
   3 1.01606E+06  29.816 1.31035E+10   3312.4 1521.3  0.258 13.293  4.939   1476.3  3.28417E+43 -6.13851E+43    0.000
   4 1.02034E+06  29.812 1.30803E+10   3308.7 1518.5  0.260 13.296  4.939   1481.6  3.28559E+43 -6.14663E+43    0.000
   5 1.02576E+06  29.806 1.30514E+10   3304.0 1514.9  0.262 13.298  4.939   1488.1  3.28735E+43 -6.15679E+43    0.000
   6 1.03263E+06  29.798 1.30155E+10   3298.2 1510.4  0.265 13.302  4.939   1496.4  3.28956E+43 -6.16944E+43    0.000
   7 1.04133E+06  29.789 1.29713E+10   3290.9 1504.9  0.268 13.306  4.939   1506.6  3.29231E+43 -6.18514E+43    0.000
   8 1.05235E+06  29.777 1.29172E+10   3281.8 1497.9  0.272 13.312  4.939   1519.2  3.29571E+43 -6.20452E+43    0.000
   9 1.06631E+06  29.763 1.28515E+10   3270.4 1489.3  0.277 13.318  4.938   1534.8  3.29990E+43 -6.22830E+43    0.000
  10 1.08400E+06  29.745 1.27724E+10   3256.5 1478.7  0.282 13.326  4.938   1553.9  3.30502E+43 -6.25725E+43    0.000
  11 1.10640E+06  29.723 1.26782E+10   3239.3 1465.9  0.289 13.335  4.938   1577.0  3.31124E+43 -6.29225E+43    0.000
  12 1.13477E+06  29.697 1.25677E+10   3218.4 1450.3  0.298 13.347  4.937   1604.9  3.31870E+43 -6.33402E+43    0.000
  13 1.17071E+06  29.666 1.24399E+10   3193.0 1431.6  0.307 13.360  4.936   1638.0  3.32755E+43 -6.38330E+43    0.000
  14 1.21623E+06  29.628 1.22948E+10   3162.5 1409.5  0.319 13.375  4.935   1676.9  3.33789E+43 -6.44064E+43    0.000
  15 1.27389E+06  29.585 1.21329E+10   3126.1 1383.6  0.331 13.392  4.934   1722.0  3.34970E+43 -6.50625E+43    0.000
  16 1.34693E+06  29.534 1.19558E+10   3083.3 1353.6  0.346 13.412  4.932   1773.4  3.36298E+43 -6.58018E+43    0.000
  17 1.43944E+06  29.475 1.17666E+10   3033.3 1319.0  0.361 13.433  4.930   1830.9  3.37751E+43 -6.66175E+43    0.000
  18 1.55662E+06  29.409 1.15684E+10   2975.6 1280.5  0.378 13.455  4.927   1894.1  3.39297E+43 -6.75006E+43    0.000
  19 1.70506E+06  29.336 1.13650E+10   2909.9 1238.5  0.396 13.479  4.923   1962.5  3.40895E+43 -6.84385E+43    0.000
  20 1.89307E+06  29.256 1.11601E+10   2836.0 1194.0  0.415 13.504  4.918   2035.3  3.42470E+43 -6.94139E+43    0.000
  21 2.00000E+06  29.216 1.10622E+10   2797.5 1172.0  0.424 13.516  4.915   2071.5  3.43226E+43 -6.98925E+43    0.000
  22 2.14257E+06  29.167 1.09473E+10   2749.6 1145.4  0.435 13.530  4.911   2115.2  3.44115E+43 -7.04646E+43    0.000
  23 2.33267E+06  29.108 1.08155E+10   2691.1 1113.8  0.448 13.547  4.907   2167.0  3.45138E+43 -7.11386E+43    0.000
  24 2.58612E+06  29.038 1.06690E+10   2620.9 1076.8  0.463 13.566  4.901   2227.0  3.46250E+43 -7.19105E+43    0.000
  25 2.92407E+06  28.955 1.05108E+10   2539.2 1034.3  0.479 13.587  4.895   2294.5  3.47365E+43 -7.27688E+43    0.000
  26 3.00000E+06  28.937 1.04798E+10   2522.4 1025.7  0.482 13.591  4.894   2308.1  3.47567E+43 -7.29399E+43    0.000
  27 3.10124E+06  28.915 1.04407E+10   2500.9 1014.5  0.486 13.596  4.892   2325.4  3.47812E+43 -7.31574E+43    0.000
  28 3.23623E+06  28.887 1.03920E+10   2473.4 1000.4  0.491 13.603  4.890   2347.3  3.48098E+43 -7.34299E+43    0.000
  29 3.41621E+06  28.851 1.03326E+10   2439.1  982.7  0.497 13.611  4.888   2374.3  3.48414E+43 -7.37660E+43    0.000
  30 3.65619E+06  28.806 1.02618E+10   2396.8  961.2  0.505 13.620  4.885   2407.2  3.48728E+43 -7.41694E+43    0.000
  31 3.97616E+06  28.753 1.01793E+10   2345.8  935.9  0.513 13.631  4.882   2446.4  3.48997E+43 -7.46448E+43    0.000
  32 4.16230E+06  28.725 1.01363E+10   2318.6  922.8  0.517 13.637  4.880   2467.2  3.49082E+43 -7.48934E+43    0.000
  33 4.41049E+06  28.690 1.00837E+10   2284.6  906.6  0.522 13.644  4.877   2493.0  3.49142E+43 -7.52009E+43    0.000
  34 4.74140E+06  28.646 1.00208E+10   2243.0  886.9  0.529 13.652  4.874   2524.4  3.49143E+43 -7.55711E+43    0.000
  35 5.00000E+06  28.614 9.97636E+09   2213.0  872.9  0.533 13.658  4.872   2546.9  3.49093E+43 -7.58337E+43    0.000
  36 5.34480E+06  28.575 9.92250E+09   2176.1  855.8  0.539 13.666  4.869   2574.6  3.48985E+43 -7.61553E+43    0.000
  37 5.80452E+06  28.529 9.85850E+09   2131.4  835.7  0.545 13.674  4.865   2608.2  3.48785E+43 -7.65411E+43    0.000
  38 6.41749E+06  28.473 9.78411E+09   2078.6  812.3  0.553 13.684  4.861   2648.0  3.48455E+43 -7.69940E+43    0.000
  39 7.00000E+06  28.424 9.72260E+09   2034.1  792.2  0.560 13.693  4.857   2681.6  3.48114E+43 -7.73746E+43    0.000
  40 7.77668E+06  28.363 9.65151E+09   1982.0  767.9  0.567 13.703  4.852   2721.2  3.47628E+43 -7.78180E+43    0.000
  41 8.81224E+06  28.292 9.57180E+09   1922.7  740.1  0.576 13.714  4.846   2766.8  3.46998E+43 -7.83241E+43    0.000
  42 9.00000E+06  28.280 9.55880E+09   1913.0  735.6  0.577 13.716  4.845   2774.3  3.46887E+43 -7.84075E+43    0.000
  43 9.25034E+06  28.265 9.54204E+09   1900.4  729.8  0.579 13.718  4.843   2784.0  3.46743E+43 -7.85153E+43    0.000
  44 9.58413E+06  28.245 9.52067E+09   1884.3  722.4  0.582 13.721  4.842   2796.5  3.46555E+43 -7.86535E+43    0.000
  45 1.00292E+07  28.220 9.49374E+09   1864.0  713.1  0.585 13.725  4.839   2812.4  3.46312E+43 -7.88287E+43    0.000
  46 1.06226E+07  28.189 9.46038E+09   1838.8  701.5  0.588 13.730  4.837   2832.3  3.46002E+43 -7.90474E+43    0.000
  47 1.10000E+07  28.169 9.44047E+09   1823.7  694.4  0.591 13.733  4.835   2844.3  3.45809E+43 -7.91783E+43    0.000
  48 1.15032E+07  28.145 9.41541E+09   1804.6  685.5  0.593 13.737  4.833   2859.4  3.45563E+43 -7.93444E+43    0.000
  49 1.21742E+07  28.113 9.38430E+09   1780.8  674.4  0.597 13.741  4.831   2878.4  3.45249E+43 -7.95521E+43    0.000
  50 1.30688E+07  28.074 9.34640E+09   1751.8  660.7  0.601 13.747  4.828   2901.8  3.44850E+43 -7.98075E+43    0.000
  51 1.42617E+07  28.026 9.30117E+09   1717.0  644.2  0.606 13.754  4.824   2930.1  3.44350E+43 -8.01161E+43    0.000
  52 1.58521E+07  27.968 9.24839E+09   1676.2  624.9  0.612 13.762  4.820   2963.7  3.43732E+43 -8.04813E+43    0.000
  53 1.79727E+07  27.899 9.18839E+09   1629.6  602.6  0.619 13.771  4.815   3002.5  3.42962E+43 -8.09005E+43    0.000
  54 2.08002E+07  27.819 9.12198E+09   1578.0  577.3  0.627 13.781  4.809   3046.3  3.42042E+43 -8.13733E+43    0.000
  55 2.10000E+07  27.813 9.11776E+09   1574.7  575.7  0.627 13.781  4.809   3049.2  3.41980E+43 -8.14036E+43    0.000
  56 2.12664E+07  27.806 9.11222E+09   1570.4  573.6  0.628 13.782  4.809   3052.9  3.41899E+43 -8.14434E+43    0.000
  57 2.16215E+07  27.797 9.10497E+09   1564.7  570.8  0.629 13.783  4.808   3057.7  3.41792E+43 -8.14955E+43    0.000
  58 2.20951E+07  27.785 9.09556E+09   1557.4  567.1  0.630 13.785  4.807   3064.1  3.41652E+43 -8.15634E+43    0.000
  59 2.27265E+07  27.770 9.08343E+09   1547.9  562.4  0.631 13.787  4.806   3072.3  3.41469E+43 -8.16511E+43    0.000
  60 2.35683E+07  27.750 9.06795E+09   1535.8  556.5  0.633 13.789  4.805   3082.8  3.41231E+43 -8.17633E+43    0.000
  61 2.46908E+07  27.724 9.04842E+09   1520.5  549.0  0.635 13.792  4.803   3096.1  3.40926E+43 -8.19054E+43    0.000
  62 2.61874E+07  27.692 9.02412E+09   1501.6  539.7  0.638 13.796  4.801   3112.8  3.40536E+43 -8.20829E+43    0.000
  63 2.81829E+07  27.653 8.99444E+09   1478.4  528.5  0.641 13.801  4.799   3133.4  3.40043E+43 -8.23009E+43    0.000
  64 3.08436E+07  27.605 8.95890E+09   1450.6  515.2  0.645 13.806  4.795   3158.3  3.39428E+43 -8.25637E+43    0.000
  65 3.26230E+07  27.576 8.93727E+09   1433.7  507.2  0.648 13.809  4.793   3173.6  3.39037E+43 -8.27238E+43    0.000
  66 3.49956E+07  27.540 8.91067E+09   1412.9  497.4  0.651 13.814  4.791   3192.5  3.38546E+43 -8.29222E+43    0.000
  67 3.81590E+07  27.495 8.87856E+09   1387.7  485.6  0.655 13.819  4.788   3215.7  3.37939E+43 -8.31632E+43    0.000
  68 4.10000E+07  27.457 8.85246E+09   1367.5  476.0  0.658 13.823  4.785   3234.7  3.37435E+43 -8.33599E+43    0.000
  69 4.47880E+07  27.412 8.82097E+09   1343.0  464.7  0.661 13.828  4.782   3257.8  3.36819E+43 -8.35989E+43    0.000
  70 4.98386E+07  27.358 8.78377E+09   1314.0  451.4  0.666 13.834  4.778   3285.5  3.36081E+43 -8.38835E+43    0.000
  71 5.65728E+07  27.294 8.74087E+09   1280.5  436.0  0.671 13.841  4.773   3317.8  3.35217E+43 -8.42140E+43    0.000
  72 6.10000E+07  27.258 8.71595E+09   1261.1  427.6  0.674 13.845  4.770   3336.8  3.34707E+43 -8.44060E+43    0.000
  73 6.69029E+07  27.217 8.68570E+09   1237.5  418.4  0.678 13.850  4.766   3360.1  3.34096E+43 -8.46422E+43    0.000
  74 7.47735E+07  27.172 8.64939E+09   1209.2  408.6  0.682 13.856  4.761   3388.3  3.33368E+43 -8.49283E+43    0.000
  75 8.10000E+07  27.140 8.62321E+09   1188.9  401.9  0.686 13.860  4.758   3408.9  3.32848E+43 -8.51361E+43    0.000
  76 8.93020E+07  27.102 8.59114E+09   1164.0  393.9  0.690 13.865  4.753   3434.4  3.32222E+43 -8.53930E+43    0.000
  77 1.00371E+08  27.057 8.55247E+09   1134.1  384.7  0.695 13.872  4.747   3465.6  3.31489E+43 -8.57057E+43    0.000
  78 1.01000E+08  27.055 8.55039E+09   1132.5  384.2  0.695 13.872  4.747   3467.3  3.31450E+43 -8.57223E+43    0.000
  79 1.01838E+08  27.052 8.54764E+09   1130.4  383.5  0.695 13.873  4.746   3469.5  3.31399E+43 -8.57447E+43    0.000
  80 1.02956E+08  27.048 8.54401E+09   1127.6  382.7  0.696 13.873  4.746   3472.4  3.31333E+43 -8.57743E+43    0.000
  81 1.04446E+08  27.042 8.53921E+09   1123.9  381.6  0.696 13.874  4.745   3476.3  3.31245E+43 -8.58134E+43    0.000
  82 1.06433E+08  27.035 8.53291E+09   1119.1  380.2  0.697 13.875  4.744   3481.5  3.31131E+43 -8.58648E+43    0.000
  83 1.09082E+08  27.026 8.52467E+09   1112.8  378.3  0.698 13.876  4.743   3488.2  3.30984E+43 -8.59322E+43    0.000
  84 1.12615E+08  27.014 8.51395E+09   1104.6  376.0  0.700 13.878  4.741   3497.0  3.30795E+43 -8.60201E+43    0.000
  85 1.17324E+08  26.998 8.50010E+09   1094.0  373.0  0.702 13.881  4.739   3508.4  3.30555E+43 -8.61339E+43    0.000
  86 1.23604E+08  26.979 8.48237E+09   1080.5  369.2  0.704 13.884  4.736   3523.1  3.30255E+43 -8.62803E+43    0.000
  87 1.31977E+08  26.955 8.45993E+09   1063.5  364.6  0.707 13.888  4.732   3541.8  3.29885E+43 -8.64664E+43    0.000
  88 1.43141E+08  26.925 8.43185E+09   1042.3  359.0  0.711 13.892  4.727   3565.4  3.29429E+43 -8.67005E+43    0.000
  89 1.58026E+08  26.888 8.39730E+09   1016.3  352.2  0.715 13.898  4.721   3594.8  3.28883E+43 -8.69908E+43    0.000
  90 1.77873E+08  26.842 8.35558E+09    985.1  343.9  0.721 13.906  4.714   3630.8  3.28237E+43 -8.73446E+43    0.000
  91 2.01000E+08  26.793 8.31226E+09    952.9  335.1  0.726 13.913  4.706   3668.8  3.27561E+43 -8.77152E+43    0.000
  92 2.31837E+08  26.733 8.26186E+09    915.5  324.8  0.733 13.922  4.696   3713.7  3.26754E+43 -8.81520E+43    0.000
  93 2.72952E+08  26.663 8.20478E+09    873.2  313.0  0.741 13.932  4.684   3765.5  3.25791E+43 -8.86531E+43    0.000
  94 3.17230E+08  26.597 8.15278E+09    834.9  302.2  0.748 13.942  4.672   3813.7  3.24917E+43 -8.91203E+43    0.000
  95 3.76267E+08  26.519 8.09389E+09    792.4  290.1  0.756 13.952  4.658   3869.4  3.24005E+43 -8.96533E+43    0.000
  96 4.01000E+08  26.490 8.07198E+09    776.8  285.6  0.759 13.956  4.652   3890.4  3.23695E+43 -8.98539E+43    0.000
  97 4.33977E+08  26.453 8.04489E+09    757.7  280.1  0.763 13.961  4.646   3916.7  3.23329E+43 -9.01031E+43    0.000
  98 4.77947E+08  26.407 8.01202E+09    734.7  273.4  0.768 13.967  4.637   3948.9  3.22906E+43 -9.04071E+43    0.000
  99 5.36573E+08  26.352 7.97301E+09    707.8  265.4  0.773 13.974  4.626   3987.6  3.22419E+43 -9.07703E+43    0.000
 100 6.01000E+08  26.297 7.93535E+09    682.1  257.8  0.778 13.981  4.616   4025.6  3.21956E+43 -9.11231E+43    0.000
 101 6.86903E+08  26.231 7.89171E+09    652.6  248.8  0.785 13.989  4.603   4070.2  3.21430E+43 -9.15358E+43    0.000
 102 8.01000E+08  26.153 7.84245E+09    620.0  238.7  0.792 13.998  4.588   4121.5  3.20877E+43 -9.20043E+43    0.000
 103 9.53130E+08  26.065 7.78781E+09    584.6  227.6  0.799 14.008  4.571   4179.5  3.20378E+43 -9.25336E+43    0.000
 104 1.00100E+09  26.039 7.77265E+09    575.0  224.6  0.801 14.011  4.566   4195.8  3.20261E+43 -9.26821E+43    0.000
 105 1.06483E+09  26.007 7.75372E+09    563.0  220.7  0.804 14.015  4.559   4216.4  3.20125E+43 -9.28687E+43    0.000
 106 1.14993E+09  25.967 7.73047E+09    548.4  216.0  0.807 14.019  4.551   4241.8  3.19971E+43 -9.30992E+43    0.000
 107 1.26340E+09  25.918 7.70251E+09    531.0  210.4  0.811 14.024  4.541   4272.6  3.19800E+43 -9.33784E+43    0.000
 108 1.41469E+09  25.858 7.66966E+09    510.8  203.7  0.816 14.031  4.529   4309.3  3.19617E+43 -9.37091E+43    0.000
 109 1.61642E+09  25.787 7.63200E+09    487.8  196.0  0.822 14.038  4.515   4352.0  3.19436E+43 -9.40913E+43    0.000
 110 1.88538E+09  25.704 7.59014E+09    462.6  187.4  0.828 14.046  4.498   4400.1  3.19239E+43 -9.45164E+43    0.000
 111 2.00100E+09  25.672 7.57446E+09    453.2  184.1  0.830 14.049  4.492   4418.3  3.19167E+43 -9.46772E+43    0.000
 112 2.15516E+09  25.632 7.55531E+09    441.7  180.1  0.833 14.052  4.484   4440.7  3.19077E+43 -9.48742E+43    0.000
 113 2.36070E+09  25.582 7.53244E+09    428.0  175.4  0.836 14.057  4.474   4467.7  3.18965E+43 -9.51110E+43    0.000
 114 2.63476E+09  25.523 7.50578E+09    412.1  169.8  0.840 14.062  4.462   4499.5  3.18825E+43 -9.53890E+43    0.000
 115 3.00018E+09  25.453 7.47543E+09    394.0  163.4  0.844 14.068  4.447   4536.2  3.18662E+43 -9.57085E+43    0.000
 116 3.16330E+09  25.424 7.46337E+09    386.8  160.8  0.846 14.070  4.442   4550.8  3.18599E+43 -9.58352E+43    0.000
 117 3.38080E+09  25.388 7.44842E+09    378.0  157.7  0.848 14.073  4.434   4569.1  3.18535E+43 -9.59943E+43    0.000
 118 3.67079E+09  25.343 7.43024E+09    367.4  153.9  0.851 14.077  4.425   4591.5  3.18470E+43 -9.61888E+43    0.000
 119 4.00100E+09  25.297 7.41155E+09    356.6  150.0  0.853 14.080  4.416   4614.7  3.18419E+43 -9.63895E+43    0.000
 120 4.44127E+09  25.240 7.38936E+09    343.9  145.4  0.857 14.084  4.404   4642.4  3.18379E+43 -9.66290E+43    0.000
 121 5.02831E+09  25.172 7.36360E+09    329.3  140.0  0.860 14.089  4.391   4675.0  3.18359E+43 -9.69084E+43    0.000
 122 5.81102E+09  25.093 7.33437E+09    313.2  134.1  0.864 14.095  4.375   4712.3  3.18370E+43 -9.72264E+43    0.000
 123 6.00100E+09  25.075 7.32799E+09    309.7  132.8  0.865 14.096  4.371   4720.5  3.18371E+43 -9.72943E+43    0.000
 124 6.25431E+09  25.053 7.31985E+09    305.3  131.1  0.866 14.098  4.367   4731.0  3.18381E+43 -9.73828E+43    0.000
 125 6.59206E+09  25.024 7.30960E+09    299.7  129.1  0.868 14.100  4.361   4744.3  3.18396E+43 -9.74945E+43    0.000
 126 7.04240E+09  24.987 7.29688E+09    292.9  126.5  0.870 14.102  4.354   4760.8  3.18420E+43 -9.76332E+43    0.000
 127 7.64284E+09  24.942 7.28138E+09    284.7  123.4  0.872 14.105  4.345   4781.1  3.18459E+43 -9.78026E+43    0.000
 128 8.00100E+09  24.917 7.27283E+09    280.2  121.7  0.873 14.107  4.340   4792.4  3.18484E+43 -9.78960E+43    0.000
 129 8.47855E+09  24.885 7.26213E+09    274.6  119.6  0.874 14.109  4.333   4806.5  3.18522E+43 -9.80135E+43    0.000
 130 9.11528E+09  24.845 7.24896E+09    267.7  116.9  0.876 14.111  4.325   4824.0  3.18578E+43 -9.81586E+43    0.000
 131 9.96425E+09  24.796 7.23307E+09    259.5  113.8  0.878 14.114  4.315   4845.2  3.18659E+43 -9.83345E+43    0.000
 132 1.00010E+10  24.794 7.23242E+09    259.2  113.7  0.878 14.114  4.315   4846.1  3.18661E+43 -9.83414E+43    0.000
 133 1.00500E+10  24.791 7.23156E+09    258.7  113.5  0.878 14.115  4.315   4847.2  3.18666E+43 -9.83510E+43    0.000
 134 1.01153E+10  24.787 7.23042E+09    258.2  113.3  0.879 14.115  4.314   4848.8  3.18673E+43 -9.83637E+43    0.000
 135 1.02024E+10  24.783 7.22891E+09    257.4  113.0  0.879 14.115  4.313   4850.8  3.18681E+43 -9.83804E+43    0.000
 136 1.03186E+10  24.776 7.22693E+09    256.4  112.6  0.879 14.115  4.312   4853.4  3.18693E+43 -9.84025E+43    0.000
 137 1.04735E+10  24.768 7.22433E+09    255.0  112.1  0.879 14.116  4.310   4856.9  3.18709E+43 -9.84314E+43    0.000
 138 1.06800E+10  24.757 7.22093E+09    253.3  111.4  0.880 14.117  4.308   4861.5  3.18730E+43 -9.84693E+43    0.000
 139 1.09553E+10  24.743 7.21652E+09    251.1  110.5  0.881 14.117  4.305   4867.5  3.18760E+43 -9.85185E+43    0.000
 140 1.13224E+10  24.725 7.21086E+09    248.2  109.4  0.881 14.118  4.301   4875.1  3.18800E+43 -9.85818E+43    0.000
 141 1.18118E+10  24.701 7.20365E+09    244.5  108.0  0.882 14.120  4.297   4884.9  3.18855E+43 -9.86628E+43    0.000
 142 1.24644E+10  24.671 7.19459E+09    240.0  106.2  0.884 14.122  4.291   4897.2  3.18931E+43 -9.87648E+43    0.000
 143 1.33346E+10  24.634 7.18340E+09    234.4  104.0  0.885 14.124  4.284   4912.4  3.19032E+43 -9.88914E+43    0.000
 144 1.44948E+10  24.587 7.16985E+09    227.6  101.4  0.887 14.126  4.275   4931.0  3.19165E+43 -9.90454E+43    0.000
 145 1.50010E+10  24.568 7.16436E+09    224.9  100.3  0.888 14.127  4.271   4938.6  3.19219E+43 -9.91076E+43    0.000
 146 1.56760E+10  24.543 7.15742E+09    221.5   98.9  0.889 14.129  4.266   4948.2  3.19290E+43 -9.91868E+43    0.000
 147 1.65759E+10  24.512 7.14875E+09    217.2   97.2  0.890 14.130  4.260   4960.2  3.19380E+43 -9.92859E+43    0.000
 148 1.77759E+10  24.473 7.13813E+09    211.9   95.1  0.891 14.132  4.253   4975.0  3.19488E+43 -9.94075E+43    0.000
 149 1.93758E+10  24.425 7.12539E+09    205.6   92.6  0.893 14.135  4.243   4992.8  3.19612E+43 -9.95536E+43    0.000
 150 2.00010E+10  24.407 7.12081E+09    203.4   91.7  0.894 14.136  4.240   4999.2  3.19653E+43 -9.96059E+43    0.000
