

                           Program bd_evol.f

       Adiabatic models with H-He envelopes and nuclear reactions

    Surface boundary condition: jun17_cloudless+0.0_BC
    No Solar insolation

*** MS=   6.0000 Mj          0.00573 Msun

       t(years)   log L     R(cm)        Ts     Te   log rc log Pc log Tc     g        Uth          Ugrav     log Lnuc

   1 1.00634E+06  30.598 1.63571E+10   3860.4 2135.7  0.437 13.831  5.290   2842.3  2.12222E+44 -4.31246E+44    0.000
   2 1.01268E+06  30.595 1.63163E+10   3857.1 2133.8  0.439 13.835  5.291   2856.5  2.12468E+44 -4.32147E+44    0.000
   3 1.01606E+06  30.593 1.62947E+10   3855.3 2132.8  0.441 13.837  5.291   2864.1  2.12599E+44 -4.32624E+44    0.000
   4 1.02034E+06  30.590 1.62677E+10   3853.1 2131.5  0.443 13.839  5.291   2873.6  2.12764E+44 -4.33225E+44    0.000
   5 1.02576E+06  30.587 1.62338E+10   3850.3 2129.9  0.445 13.842  5.291   2885.6  2.12972E+44 -4.33982E+44    0.000
   6 1.03263E+06  30.583 1.61913E+10   3846.8 2127.8  0.448 13.846  5.292   2900.8  2.13233E+44 -4.34934E+44    0.000
   7 1.04133E+06  30.578 1.61385E+10   3842.4 2125.3  0.451 13.851  5.292   2919.8  2.13562E+44 -4.36127E+44    0.000
   8 1.05235E+06  30.572 1.60728E+10   3836.9 2122.0  0.456 13.857  5.293   2943.7  2.13974E+44 -4.37619E+44    0.000
   9 1.06631E+06  30.564 1.59917E+10   3829.9 2117.9  0.461 13.864  5.294   2973.6  2.14490E+44 -4.39479E+44    0.000
  10 1.08400E+06  30.555 1.58922E+10   3821.3 2112.8  0.468 13.873  5.294   3011.0  2.15134E+44 -4.41788E+44    0.000
  11 1.10640E+06  30.543 1.57708E+10   3810.6 2106.4  0.476 13.884  5.296   3057.5  2.15934E+44 -4.44643E+44    0.000
  12 1.13477E+06  30.528 1.56243E+10   3797.4 2098.3  0.487 13.898  5.297   3115.1  2.16925E+44 -4.48150E+44    0.000
  13 1.17071E+06  30.510 1.54492E+10   3781.2 2088.2  0.499 13.914  5.298   3186.1  2.18143E+44 -4.52428E+44    0.000
  14 1.21623E+06  30.487 1.52426E+10   3761.4 2075.6  0.514 13.934  5.300   3273.1  2.19632E+44 -4.57604E+44   19.167
  15 1.27389E+06  30.461 1.50024E+10   3737.4 2060.1  0.531 13.957  5.302   3378.8  2.21437E+44 -4.63804E+44   21.163
  16 1.34693E+06  30.428 1.47275E+10   3708.5 2041.0  0.552 13.984  5.304   3506.1  2.23601E+44 -4.71151E+44   21.657
  17 1.43944E+06  30.390 1.44189E+10   3674.1 2017.7  0.575 14.016  5.307   3657.8  2.26158E+44 -4.79724E+44   22.067
  18 1.55662E+06  30.345 1.40791E+10   3633.5 1989.7  0.602 14.051  5.309   3836.4  2.29148E+44 -4.89608E+44   22.325
  19 1.70506E+06  30.293 1.37130E+10   3586.1 1956.3  0.631 14.090  5.311   4044.0  2.32576E+44 -5.00810E+44   22.513
  20 1.89307E+06  30.233 1.33272E+10   3531.2 1916.9  0.663 14.133  5.313   4281.5  2.36426E+44 -5.13283E+44   22.699
  21 2.00000E+06  30.201 1.31382E+10   3502.2 1895.8  0.679 14.154  5.314   4405.6  2.38407E+44 -5.19673E+44   22.756
  22 2.14257E+06  30.161 1.29135E+10   3465.7 1869.1  0.699 14.180  5.315   4560.3  2.40836E+44 -5.27504E+44   22.820
  23 2.33267E+06  30.112 1.26534E+10   3420.1 1835.7  0.722 14.211  5.316   4749.7  2.43759E+44 -5.36946E+44   22.892
  24 2.58612E+06  30.053 1.23613E+10   3364.0 1794.5  0.749 14.247  5.316   4976.8  2.47177E+44 -5.48050E+44   22.967
  25 2.92407E+06  29.981 1.20440E+10   3296.1 1744.3  0.779 14.286  5.315   5242.5  2.51052E+44 -5.60769E+44   23.040
  26 3.00000E+06  29.966 1.19817E+10   3281.7 1733.8  0.785 14.294  5.315   5297.2  2.51834E+44 -5.63355E+44   22.991
  27 3.10124E+06  29.946 1.19029E+10   3263.1 1720.1  0.793 14.305  5.315   5367.6  2.52831E+44 -5.66670E+44   23.007
  28 3.23623E+06  29.921 1.18047E+10   3238.9 1702.5  0.802 14.317  5.315   5457.2  2.54088E+44 -5.70870E+44   23.027
  29 3.41621E+06  29.889 1.16846E+10   3208.0 1680.3  0.814 14.333  5.314   5570.0  2.55648E+44 -5.76115E+44   23.049
  30 3.65619E+06  29.850 1.15410E+10   3168.8 1652.3  0.829 14.353  5.313   5709.5  2.57546E+44 -5.82555E+44   23.010
  31 3.97616E+06  29.800 1.13736E+10   3119.6 1617.6  0.847 14.376  5.312   5878.7  2.59794E+44 -5.90281E+44   22.969
  32 4.16230E+06  29.773 1.12867E+10   3092.5 1598.7  0.856 14.388  5.311   5969.6  2.60982E+44 -5.94405E+44   22.913
  33 4.41049E+06  29.738 1.11810E+10   3057.8 1574.6  0.867 14.403  5.310   6083.1  2.62443E+44 -5.99526E+44   22.856
  34 4.74140E+06  29.695 1.10552E+10   3013.9 1544.5  0.881 14.421  5.309   6222.2  2.64199E+44 -6.05761E+44   22.797
  35 5.00000E+06  29.663 1.09670E+10   2981.5 1522.5  0.891 14.434  5.307   6322.8  2.65449E+44 -6.10244E+44   22.732
  36 5.34480E+06  29.623 1.08610E+10   2940.2 1495.0  0.903 14.450  5.306   6446.8  2.66965E+44 -6.15743E+44   22.590
  37 5.80452E+06  29.574 1.07366E+10   2888.9 1461.4  0.917 14.469  5.304   6597.0  2.68759E+44 -6.22345E+44   22.286
  38 6.41749E+06  29.514 1.05945E+10   2825.4 1421.5  0.934 14.490  5.301   6775.2  2.70835E+44 -6.30126E+44   21.311
  39 7.00000E+06  29.463 1.04786E+10   2769.7 1387.8  0.948 14.509  5.298   6925.9  2.72550E+44 -6.36651E+44    0.000
  40 7.77668E+06  29.401 1.03462E+10   2701.7 1348.1  0.964 14.530  5.295   7104.2  2.74532E+44 -6.44318E+44    0.000
  41 8.81224E+06  29.329 1.01992E+10   2620.0 1302.5  0.982 14.554  5.291   7310.5  2.76756E+44 -6.53104E+44    0.000
  42 9.00000E+06  29.317 1.01755E+10   2606.2 1295.0  0.985 14.558  5.290   7344.7  2.77118E+44 -6.54552E+44    0.000
  43 9.25034E+06  29.301 1.01450E+10   2588.2 1285.3  0.989 14.563  5.289   7388.9  2.77584E+44 -6.56424E+44    0.000
  44 9.58413E+06  29.281 1.01062E+10   2565.0 1272.9  0.994 14.569  5.288   7445.6  2.78176E+44 -6.58819E+44    0.000
  45 1.00292E+07  29.255 1.00577E+10   2535.2 1257.2  1.000 14.577  5.286   7517.7  2.78921E+44 -6.61851E+44    0.000
  46 1.06226E+07  29.223 9.99795E+09   2497.6 1237.6  1.008 14.587  5.284   7607.8  2.79841E+44 -6.65633E+44    0.000
  47 1.10000E+07  29.203 9.96256E+09   2474.7 1225.8  1.013 14.593  5.282   7661.9  2.80387E+44 -6.67895E+44    0.000
  48 1.15032E+07  29.178 9.91816E+09   2445.5 1210.7  1.018 14.601  5.281   7730.7  2.81075E+44 -6.70765E+44    0.000
  49 1.21742E+07  29.146 9.86337E+09   2408.7 1191.9  1.026 14.610  5.278   7816.8  2.81927E+44 -6.74351E+44    0.000
  50 1.30688E+07  29.106 9.79712E+09   2363.0 1168.5  1.034 14.622  5.275   7922.9  2.82962E+44 -6.78754E+44    0.000
  51 1.42617E+07  29.056 9.71869E+09   2307.5 1140.3  1.045 14.636  5.272   8051.3  2.84193E+44 -6.84063E+44    0.000
  52 1.58521E+07  28.996 9.62813E+09   2241.5 1107.0  1.057 14.652  5.267   8203.4  2.85615E+44 -6.90304E+44    0.000
  53 1.79727E+07  28.926 9.52623E+09   2165.3 1068.9  1.071 14.670  5.261   8379.9  2.87235E+44 -6.97505E+44    0.000
  54 2.08002E+07  28.845 9.41441E+09   2079.7 1026.1  1.087 14.691  5.255   8580.1  2.89035E+44 -7.05613E+44    0.000
  55 2.10000E+07  28.840 9.40734E+09   2074.3 1023.4  1.088 14.692  5.254   8593.0  2.89149E+44 -7.06133E+44    0.000
  56 2.12664E+07  28.833 9.39806E+09   2067.1 1019.8  1.089 14.694  5.254   8610.0  2.89300E+44 -7.06817E+44    0.000
  57 2.16215E+07  28.824 9.38594E+09   2057.7 1015.0  1.091 14.696  5.253   8632.2  2.89496E+44 -7.07712E+44    0.000
  58 2.20951E+07  28.811 9.37022E+09   2045.4 1008.8  1.093 14.699  5.252   8661.2  2.89752E+44 -7.08878E+44    0.000
  59 2.27265E+07  28.796 9.34999E+09   2029.7 1000.8  1.096 14.703  5.250   8698.7  2.90081E+44 -7.10384E+44    0.000
  60 2.35683E+07  28.775 9.32425E+09   2009.5  990.5  1.100 14.708  5.249   8746.8  2.90501E+44 -7.12313E+44    0.000
  61 2.46908E+07  28.749 9.29190E+09   1984.1  977.4  1.105 14.714  5.246   8807.9  2.91030E+44 -7.14752E+44    0.000
  62 2.61874E+07  28.716 9.25195E+09   1952.5  961.0  1.110 14.721  5.243   8884.1  2.91685E+44 -7.17793E+44    0.000
  63 2.81829E+07  28.675 9.20352E+09   1914.0  941.0  1.117 14.731  5.240   8977.9  2.92481E+44 -7.21520E+44    0.000
  64 3.08436E+07  28.625 9.14601E+09   1868.1  917.0  1.126 14.742  5.235   9091.1  2.93428E+44 -7.26004E+44    0.000
  65 3.26230E+07  28.594 9.11137E+09   1840.3  902.5  1.131 14.748  5.232   9160.3  2.93995E+44 -7.28726E+44    0.000
  66 3.49956E+07  28.555 9.06919E+09   1806.3  884.4  1.137 14.756  5.229   9245.8  2.94691E+44 -7.32079E+44    0.000
  67 3.81590E+07  28.506 9.01875E+09   1765.5  862.7  1.144 14.766  5.224   9349.5  2.95526E+44 -7.36142E+44    0.000
  68 4.10000E+07  28.466 8.97827E+09   1732.7  844.9  1.150 14.774  5.220   9434.0  2.96193E+44 -7.39431E+44    0.000
  69 4.47880E+07  28.417 8.93006E+09   1693.4  823.5  1.158 14.784  5.216   9536.1  2.96992E+44 -7.43399E+44    0.000
  70 4.98386E+07  28.357 8.87408E+09   1647.6  798.1  1.166 14.795  5.210   9656.8  2.97914E+44 -7.48052E+44    0.000
  71 5.65728E+07  28.285 8.81077E+09   1595.9  768.4  1.176 14.808  5.203   9796.1  2.98962E+44 -7.53397E+44    0.000
  72 6.10000E+07  28.242 8.77469E+09   1566.2  751.1  1.181 14.815  5.199   9876.8  2.99563E+44 -7.56484E+44    0.000
  73 6.69029E+07  28.189 8.73197E+09   1531.1  730.1  1.188 14.823  5.194   9973.7  3.00276E+44 -7.60167E+44    0.000
  74 7.47735E+07  28.124 8.68268E+09   1490.5  705.6  1.195 14.833  5.188  10087.2  3.01096E+44 -7.64443E+44    0.000
  75 8.10000E+07  28.078 8.64857E+09   1462.4  688.5  1.200 14.840  5.184  10167.0  3.01670E+44 -7.67441E+44    0.000
  76 8.93020E+07  28.023 8.60845E+09   1429.4  668.4  1.207 14.848  5.179  10262.0  3.02347E+44 -7.70995E+44    0.000
  77 1.00371E+08  27.957 8.56235E+09   1391.4  645.2  1.214 14.858  5.173  10372.7  3.03122E+44 -7.75100E+44    0.000
  78 1.01000E+08  27.953 8.55994E+09   1389.4  643.9  1.214 14.858  5.172  10378.6  3.03163E+44 -7.75316E+44    0.000
  79 1.01838E+08  27.948 8.55676E+09   1386.8  642.3  1.215 14.859  5.172  10386.3  3.03217E+44 -7.75601E+44    0.000
  80 1.02956E+08  27.942 8.55258E+09   1383.3  640.2  1.215 14.860  5.171  10396.4  3.03288E+44 -7.75977E+44    0.000
  81 1.04446E+08  27.934 8.54708E+09   1378.8  637.5  1.216 14.861  5.170  10409.8  3.03381E+44 -7.76472E+44    0.000
  82 1.06433E+08  27.924 8.53996E+09   1373.1  633.9  1.217 14.862  5.169  10427.2  3.03502E+44 -7.77112E+44    0.000
  83 1.09082E+08  27.910 8.53070E+09   1365.5  629.2  1.219 14.864  5.168  10449.8  3.03659E+44 -7.77947E+44    0.000
  84 1.12615E+08  27.892 8.51883E+09   1355.8  623.3  1.220 14.867  5.166  10479.0  3.03861E+44 -7.79019E+44    0.000
  85 1.17324E+08  27.869 8.50377E+09   1343.4  615.7  1.223 14.870  5.164  10516.1  3.04118E+44 -7.80384E+44    0.000
  86 1.23604E+08  27.841 8.48490E+09   1327.9  606.3  1.226 14.874  5.161  10563.0  3.04440E+44 -7.82100E+44    0.000
  87 1.31977E+08  27.805 8.46162E+09   1308.7  594.9  1.229 14.878  5.158  10621.2  3.04838E+44 -7.84225E+44    0.000
  88 1.43141E+08  27.762 8.43343E+09   1285.5  581.2  1.234 14.884  5.154  10692.3  3.05321E+44 -7.86813E+44    0.000
  89 1.58026E+08  27.710 8.39995E+09   1258.0  565.3  1.239 14.891  5.148  10777.7  3.05898E+44 -7.89907E+44    0.000
  90 1.77873E+08  27.650 8.36103E+09   1226.0  547.1  1.245 14.899  5.142  10878.3  3.06572E+44 -7.93531E+44    0.000
  91 2.01000E+08  27.588 8.32195E+09   1193.9  529.2  1.251 14.907  5.136  10980.7  3.07249E+44 -7.97194E+44    0.000
  92 2.31837E+08  27.516 8.27765E+09   1157.5  509.3  1.258 14.917  5.128  11098.5  3.08015E+44 -8.01371E+44    0.000
  93 2.72952E+08  27.438 8.22839E+09   1117.2  488.3  1.266 14.927  5.119  11231.8  3.08874E+44 -8.06066E+44    0.000
  94 3.17230E+08  27.369 8.18392E+09   1080.8  470.5  1.273 14.936  5.110  11354.3  3.09657E+44 -8.10351E+44    0.000
  95 3.76267E+08  27.291 8.13427E+09   1040.4  451.2  1.280 14.946  5.101  11493.2  3.10526E+44 -8.15148E+44    0.000
  96 4.01000E+08  27.261 8.11599E+09   1025.5  444.1  1.283 14.950  5.097  11545.1  3.10850E+44 -8.16932E+44    0.000
  97 4.33977E+08  27.224 8.09350E+09   1007.3  435.3  1.287 14.955  5.092  11609.3  3.11251E+44 -8.19135E+44    0.000
  98 4.77947E+08  27.178 8.06636E+09    985.3  424.7  1.291 14.961  5.086  11687.6  3.11737E+44 -8.21805E+44    0.000
  99 5.36573E+08  27.123 8.03432E+09    959.5  412.3  1.296 14.967  5.079  11781.0  3.12315E+44 -8.24977E+44    0.000
 100 6.01000E+08  27.070 8.00344E+09    934.6  400.6  1.301 14.974  5.072  11872.1  3.12879E+44 -8.28052E+44    0.000
 101 6.86903E+08  27.008 7.96762E+09    905.8  387.5  1.307 14.981  5.064  11979.1  3.13545E+44 -8.31648E+44    0.000
 102 8.01000E+08  26.941 7.92695E+09    873.1  373.8  1.313 14.990  5.054  12102.3  3.14316E+44 -8.35766E+44    0.000
 103 9.53130E+08  26.870 7.88105E+09    836.5  359.8  1.320 15.000  5.042  12243.7  3.15212E+44 -8.40460E+44    0.000
 104 1.00100E+09  26.850 7.86808E+09    826.2  356.0  1.322 15.002  5.039  12284.1  3.15465E+44 -8.41784E+44    0.000
 105 1.06483E+09  26.825 7.85166E+09    813.2  351.3  1.325 15.006  5.034  12335.5  3.15792E+44 -8.43473E+44    0.000
 106 1.14993E+09  26.794 7.83119E+09    797.1  345.4  1.328 15.010  5.029  12400.1  3.16203E+44 -8.45585E+44    0.000
 107 1.26340E+09  26.755 7.80609E+09    777.4  338.3  1.332 15.015  5.022  12480.0  3.16710E+44 -8.48183E+44    0.000
 108 1.41469E+09  26.708 7.77588E+09    753.8  329.9  1.337 15.022  5.013  12577.1  3.17324E+44 -8.51321E+44    0.000
 109 1.61642E+09  26.652 7.74030E+09    726.1  320.2  1.343 15.029  5.003  12693.0  3.18049E+44 -8.55039E+44    0.000
 110 1.88538E+09  26.587 7.69925E+09    694.5  309.2  1.349 15.038  4.990  12828.8  3.18888E+44 -8.59359E+44    0.000
 111 2.00100E+09  26.561 7.68342E+09    682.3  305.0  1.352 15.041  4.985  12881.6  3.19208E+44 -8.61023E+44    0.000
 112 2.15516E+09  26.528 7.66373E+09    667.3  299.7  1.355 15.046  4.978  12947.9  3.19611E+44 -8.63113E+44    0.000
 113 2.36070E+09  26.487 7.63969E+09    649.0  293.0  1.358 15.051  4.970  13029.5  3.20107E+44 -8.65676E+44    0.000
 114 2.63476E+09  26.435 7.61094E+09    627.3  285.0  1.363 15.057  4.960  13128.2  3.20706E+44 -8.68756E+44    0.000
 115 3.00018E+09  26.373 7.57738E+09    602.2  275.6  1.368 15.064  4.948  13244.7  3.21415E+44 -8.72371E+44    0.000
 116 3.16330E+09  26.347 7.56385E+09    592.1  271.8  1.371 15.067  4.943  13292.1  3.21701E+44 -8.73825E+44    0.000
 117 3.38080E+09  26.315 7.54699E+09    579.7  267.1  1.373 15.071  4.936  13351.6  3.22062E+44 -8.75651E+44    0.000
 118 3.67079E+09  26.275 7.52635E+09    564.5  261.3  1.377 15.075  4.928  13424.9  3.22508E+44 -8.77894E+44    0.000
 119 4.00100E+09  26.232 7.50505E+09    548.9  255.3  1.380 15.080  4.919  13501.2  3.22970E+44 -8.80216E+44    0.000
 120 4.44127E+09  26.179 7.47973E+09    530.5  248.0  1.384 15.085  4.909  13592.8  3.23522E+44 -8.82989E+44    0.000
 121 5.02831E+09  26.113 7.45045E+09    509.3  239.3  1.389 15.091  4.896  13699.9  3.24159E+44 -8.86211E+44    0.000
 122 5.81102E+09  26.036 7.41755E+09    485.6  229.4  1.394 15.098  4.881  13821.7  3.24873E+44 -8.89849E+44    0.000
 123 6.00100E+09  26.018 7.41042E+09    480.4  227.2  1.395 15.100  4.878  13848.2  3.25021E+44 -8.90625E+44    0.000
 124 6.25431E+09  25.996 7.40134E+09    473.9  224.5  1.396 15.102  4.873  13882.2  3.25217E+44 -8.91632E+44    0.000
 125 6.59206E+09  25.969 7.38994E+09    465.8  221.1  1.398 15.104  4.868  13925.1  3.25464E+44 -8.92900E+44    0.000
 126 7.04240E+09  25.934 7.37584E+09    455.7  217.0  1.401 15.107  4.861  13978.3  3.25768E+44 -8.94473E+44    0.000
 127 7.64284E+09  25.891 7.35872E+09    443.5  211.9  1.403 15.111  4.852  14043.5  3.26139E+44 -8.96391E+44    0.000
 128 8.00100E+09  25.867 7.34929E+09    436.8  209.2  1.405 15.113  4.847  14079.5  3.26343E+44 -8.97449E+44    0.000
 129 8.47855E+09  25.837 7.33753E+09    428.4  205.7  1.407 15.116  4.841  14124.7  3.26598E+44 -8.98775E+44    0.000
 130 9.11528E+09  25.799 7.32309E+09    418.2  201.5  1.409 15.119  4.833  14180.5  3.26913E+44 -9.00409E+44    0.000
 131 9.96425E+09  25.752 7.30574E+09    405.9  196.3  1.412 15.122  4.823  14247.9  3.27293E+44 -9.02383E+44    0.000
 132 1.00010E+10  25.750 7.30503E+09    405.4  196.1  1.412 15.123  4.823  14250.7  3.27307E+44 -9.02461E+44    0.000
 133 1.00500E+10  25.747 7.30409E+09    404.7  195.8  1.412 15.123  4.822  14254.3  3.27328E+44 -9.02567E+44    0.000
 134 1.01153E+10  25.744 7.30285E+09    403.9  195.4  1.412 15.123  4.822  14259.2  3.27355E+44 -9.02709E+44    0.000
 135 1.02024E+10  25.739 7.30121E+09    402.7  194.9  1.413 15.123  4.821  14265.6  3.27391E+44 -9.02896E+44    0.000
 136 1.03186E+10  25.733 7.29905E+09    401.2  194.3  1.413 15.124  4.820  14274.0  3.27438E+44 -9.03142E+44    0.000
 137 1.04735E+10  25.725 7.29622E+09    399.2  193.4  1.413 15.124  4.818  14285.1  3.27500E+44 -9.03465E+44    0.000
 138 1.06800E+10  25.715 7.29253E+09    396.6  192.3  1.414 15.125  4.816  14299.6  3.27580E+44 -9.03887E+44    0.000
 139 1.09553E+10  25.701 7.28775E+09    393.2  190.9  1.415 15.126  4.813  14318.3  3.27685E+44 -9.04433E+44    0.000
 140 1.13224E+10  25.683 7.28161E+09    388.9  189.0  1.416 15.128  4.809  14342.5  3.27819E+44 -9.05136E+44    0.000
 141 1.18118E+10  25.660 7.27381E+09    383.4  186.6  1.417 15.129  4.805  14373.2  3.27989E+44 -9.06028E+44    0.000
 142 1.24644E+10  25.631 7.26404E+09    376.5  183.7  1.419 15.131  4.799  14411.9  3.28202E+44 -9.07149E+44    0.000
 143 1.33346E+10  25.594 7.25200E+09    368.0  180.0  1.421 15.134  4.791  14459.9  3.28463E+44 -9.08531E+44    0.000
 144 1.44948E+10  25.549 7.23744E+09    357.8  175.5  1.423 15.137  4.782  14518.1  3.28777E+44 -9.10204E+44    0.000
 145 1.50010E+10  25.530 7.23155E+09    353.7  173.7  1.424 15.139  4.778  14541.7  3.28902E+44 -9.10879E+44    0.000
 146 1.56760E+10  25.506 7.22409E+09    348.5  171.4  1.425 15.140  4.773  14571.8  3.29061E+44 -9.11736E+44    0.000
 147 1.65759E+10  25.476 7.21477E+09    342.0  168.5  1.427 15.142  4.767  14609.4  3.29258E+44 -9.12809E+44    0.000
 148 1.77759E+10  25.438 7.20331E+09    334.0  165.0  1.428 15.145  4.760  14656.0  3.29498E+44 -9.14127E+44    0.000
 149 1.93758E+10  25.390 7.18949E+09    324.5  160.7  1.431 15.148  4.750  14712.4  3.29785E+44 -9.15718E+44    0.000
 150 2.00010E+10  25.373 7.18449E+09    321.0  159.2  1.432 15.149  4.746  14732.9  3.29887E+44 -9.16292E+44    0.000
