

                           Program bd_evol.f

       Adiabatic models with H-He envelopes and nuclear reactions

    Surface boundary condition: jun17_cloudless+0.0_BC
    No Solar insolation

*** MS=  10.0000 Mj          0.00955 Msun

       t(years)   log L     R(cm)        Ts     Te   log rc log Pc log Tc     g        Uth          Ugrav     log Lnuc

   1 1.00634E+06  30.880 1.83651E+10   4080.9 2369.7  0.518 14.080  5.455   3757.9  5.19988E+44 -1.06573E+45   25.710
   2 1.01268E+06  30.877 1.83276E+10   4078.5 2368.6  0.521 14.083  5.455   3773.2  5.20646E+44 -1.06765E+45   25.721
   3 1.01606E+06  30.876 1.83078E+10   4077.3 2368.0  0.522 14.085  5.455   3781.4  5.20996E+44 -1.06866E+45   25.727
   4 1.02034E+06  30.874 1.82829E+10   4075.7 2367.3  0.524 14.087  5.456   3791.7  5.21438E+44 -1.06994E+45   25.735
   5 1.02576E+06  30.872 1.82515E+10   4073.7 2366.4  0.526 14.090  5.456   3804.8  5.21995E+44 -1.07156E+45   25.744
   6 1.03263E+06  30.869 1.82122E+10   4071.2 2365.2  0.528 14.093  5.456   3821.2  5.22698E+44 -1.07360E+45   25.756
   7 1.04133E+06  30.866 1.81629E+10   4068.0 2363.7  0.531 14.097  5.457   3842.0  5.23584E+44 -1.07616E+45   25.771
   8 1.05235E+06  30.861 1.81015E+10   4064.1 2361.9  0.535 14.102  5.458   3868.1  5.24697E+44 -1.07938E+45   25.789
   9 1.06631E+06  30.856 1.80250E+10   4059.1 2359.6  0.540 14.109  5.459   3901.0  5.26095E+44 -1.08341E+45   25.812
  10 1.08400E+06  30.849 1.79305E+10   4052.9 2356.6  0.546 14.117  5.460   3942.2  5.27845E+44 -1.08844E+45   25.841
  11 1.10640E+06  30.841 1.78142E+10   4045.2 2352.9  0.554 14.127  5.461   3993.9  5.30030E+44 -1.09471E+45   25.876
  12 1.13477E+06  30.830 1.76720E+10   4035.6 2348.3  0.563 14.139  5.463   4058.4  5.32749E+44 -1.10248E+45   25.919
  13 1.17071E+06  30.818 1.74998E+10   4023.8 2342.5  0.574 14.154  5.465   4138.7  5.36117E+44 -1.11208E+45   25.971
  14 1.21623E+06  30.802 1.72931E+10   4009.3 2335.3  0.588 14.172  5.467   4238.2  5.40266E+44 -1.12385E+45   26.034
  15 1.27389E+06  30.783 1.70480E+10   3991.6 2326.3  0.605 14.195  5.470   4360.9  5.45344E+44 -1.13818E+45   26.108
  16 1.34693E+06  30.760 1.67613E+10   3970.2 2315.1  0.624 14.221  5.474   4511.4  5.51512E+44 -1.15551E+45   26.196
  17 1.43944E+06  30.732 1.64310E+10   3944.5 2301.3  0.648 14.252  5.477   4694.6  5.58928E+44 -1.17622E+45   26.296
  18 1.55662E+06  30.699 1.60571E+10   3913.9 2284.4  0.675 14.288  5.482   4915.8  5.67729E+44 -1.20070E+45   26.410
  19 1.70506E+06  30.661 1.56415E+10   3878.0 2263.7  0.706 14.329  5.486   5180.5  5.78060E+44 -1.22933E+45   26.536
  20 1.89307E+06  30.616 1.51889E+10   3836.1 2238.4  0.741 14.375  5.491   5493.8  5.89989E+44 -1.26232E+45   26.674
  21 2.00000E+06  30.592 1.49613E+10   3813.7 2224.4  0.759 14.399  5.494   5662.2  5.96271E+44 -1.27970E+45   26.742
  22 2.14257E+06  30.561 1.46856E+10   3785.5 2206.1  0.781 14.428  5.497   5876.9  6.04137E+44 -1.30149E+45   26.825
  23 2.33267E+06  30.523 1.43595E+10   3750.1 2182.4  0.808 14.464  5.500   6146.8  6.13799E+44 -1.32834E+45   26.922
  24 2.58612E+06  30.476 1.39839E+10   3706.3 2152.2  0.840 14.506  5.504   6481.5  6.25459E+44 -1.36087E+45   27.032
  25 2.92407E+06  30.418 1.35639E+10   3653.1 2114.6  0.877 14.555  5.508   6889.0  6.39177E+44 -1.39946E+45   27.153
  26 3.00000E+06  30.406 1.34798E+10   3641.9 2106.5  0.885 14.565  5.508   6975.3  6.42014E+44 -1.40748E+45   27.176
  27 3.10124E+06  30.391 1.33727E+10   3627.2 2096.0  0.895 14.578  5.509   7087.5  6.45671E+44 -1.41785E+45   27.206
  28 3.23623E+06  30.371 1.32380E+10   3608.2 2082.4  0.907 14.594  5.510   7232.4  6.50341E+44 -1.43114E+45   27.244
  29 3.41621E+06  30.345 1.30714E+10   3583.8 2064.8  0.923 14.615  5.511   7417.9  6.56230E+44 -1.44798E+45   27.289
  30 3.65619E+06  30.312 1.28693E+10   3552.7 2042.4  0.942 14.640  5.513   7652.8  6.63543E+44 -1.46902E+45   27.343
  31 3.97616E+06  30.272 1.26298E+10   3513.7 2014.4  0.965 14.671  5.514   7945.7  6.72442E+44 -1.49483E+45   27.405
  32 4.16230E+06  30.250 1.25038E+10   3492.0 1998.9  0.978 14.687  5.515   8106.7  6.77245E+44 -1.50886E+45   27.437
  33 4.41049E+06  30.222 1.23487E+10   3464.3 1979.1  0.993 14.708  5.516   8311.6  6.83265E+44 -1.52654E+45   27.475
  34 4.74140E+06  30.187 1.21618E+10   3429.0 1954.3  1.012 14.733  5.517   8569.1  6.90688E+44 -1.54851E+45   27.519
  35 5.00000E+06  30.161 1.20292E+10   3402.7 1935.9  1.026 14.751  5.517   8759.1  6.96054E+44 -1.56452E+45   27.549
  36 5.34480E+06  30.128 1.18680E+10   3369.0 1912.4  1.043 14.773  5.517   8998.7  7.02722E+44 -1.58454E+45   27.584
  37 5.80452E+06  30.086 1.16766E+10   3326.3 1882.7  1.064 14.801  5.517   9296.0  7.10815E+44 -1.60906E+45   27.622
  38 6.41749E+06  30.035 1.14555E+10   3273.1 1845.3  1.088 14.833  5.517   9658.3  7.20449E+44 -1.63855E+45   27.662
  39 7.00000E+06  29.990 1.12744E+10   3225.8 1811.9  1.108 14.859  5.517   9971.1  7.28574E+44 -1.66368E+45   27.691
  40 7.77668E+06  29.933 1.10674E+10   3167.0 1770.5  1.132 14.891  5.516  10347.6  7.38134E+44 -1.69356E+45   27.718
  41 8.81224E+06  29.865 1.08384E+10   3095.0 1719.8  1.159 14.926  5.514  10789.4  7.49074E+44 -1.72812E+45   27.741
  42 9.00000E+06  29.853 1.08015E+10   3082.7 1711.1  1.164 14.932  5.514  10863.2  7.50872E+44 -1.73384E+45   27.744
  43 9.25034E+06  29.837 1.07543E+10   3066.5 1699.7  1.169 14.940  5.513  10958.8  7.53192E+44 -1.74124E+45   27.747
  44 9.58413E+06  29.817 1.06945E+10   3045.5 1684.9  1.177 14.949  5.513  11081.8  7.56154E+44 -1.75072E+45   27.750
  45 1.00292E+07  29.791 1.06199E+10   3018.3 1665.8  1.186 14.961  5.512  11237.9  7.59891E+44 -1.76272E+45   27.753
  46 1.06226E+07  29.759 1.05285E+10   2983.6 1641.6  1.197 14.976  5.510  11433.9  7.64531E+44 -1.77767E+45   27.756
  47 1.10000E+07  29.738 1.04747E+10   2962.3 1626.9  1.204 14.985  5.510  11551.7  7.67291E+44 -1.78661E+45   27.756
  48 1.15032E+07  29.713 1.04074E+10   2934.8 1608.2  1.212 14.996  5.509  11701.5  7.70781E+44 -1.79793E+45   27.756
  49 1.21742E+07  29.680 1.03249E+10   2899.9 1584.7  1.223 15.010  5.507  11889.3  7.75120E+44 -1.81206E+45   27.754
  50 1.30688E+07  29.640 1.02257E+10   2855.4 1555.9  1.235 15.027  5.505  12121.2  7.80414E+44 -1.82939E+45   27.749
  51 1.42617E+07  29.591 1.01090E+10   2799.9 1521.4  1.250 15.047  5.503  12402.5  7.86739E+44 -1.85022E+45   27.739
  52 1.58521E+07  29.533 9.97498E+09   2731.5 1481.4  1.268 15.070  5.500  12738.1  7.94171E+44 -1.87484E+45   27.723
  53 1.79727E+07  29.466 9.82492E+09   2648.7 1435.7  1.288 15.096  5.495  13130.1  8.02701E+44 -1.90326E+45   27.697
  54 2.08002E+07  29.387 9.66164E+09   2550.6 1383.6  1.310 15.126  5.490  13577.7  8.12249E+44 -1.93528E+45   27.658
  55 2.10000E+07  29.382 9.65135E+09   2544.2 1380.2  1.311 15.127  5.490  13606.6  8.12859E+44 -1.93734E+45   27.655
  56 2.12664E+07  29.375 9.63787E+09   2535.7 1375.8  1.313 15.130  5.489  13644.7  8.13662E+44 -1.94004E+45   27.651
  57 2.16215E+07  29.366 9.62028E+09   2524.5 1369.9  1.315 15.133  5.489  13694.7  8.14713E+44 -1.94358E+45   27.646
  58 2.20951E+07  29.354 9.59748E+09   2509.9 1362.3  1.319 15.137  5.488  13759.8  8.16079E+44 -1.94819E+45   27.639
  59 2.27265E+07  29.339 9.56820E+09   2490.8 1352.4  1.323 15.143  5.487  13844.2  8.17844E+44 -1.95415E+45   27.630
  60 2.35683E+07  29.319 9.53099E+09   2466.2 1339.7  1.328 15.149  5.485  13952.5  8.20101E+44 -1.96177E+45   27.618
  61 2.46908E+07  29.294 9.48433E+09   2434.8 1323.6  1.334 15.158  5.483  14090.1  8.22955E+44 -1.97144E+45   27.602
  62 2.61874E+07  29.262 9.42683E+09   2395.2 1303.2  1.342 15.169  5.481  14262.5  8.26509E+44 -1.98349E+45   27.580
  63 2.81829E+07  29.221 9.35733E+09   2346.0 1278.1  1.352 15.182  5.478  14475.2  8.30861E+44 -1.99829E+45   27.551
  64 3.08436E+07  29.172 9.27516E+09   2286.3 1247.6  1.364 15.197  5.474  14732.9  8.36085E+44 -2.01609E+45   27.514
  65 3.26230E+07  29.141 9.22583E+09   2249.7 1228.8  1.371 15.207  5.471  14890.8  8.39246E+44 -2.02691E+45   27.489
  66 3.49956E+07  29.102 9.16585E+09   2204.5 1205.5  1.379 15.218  5.468  15086.3  8.43152E+44 -2.04026E+45   27.457
  67 3.81590E+07  29.054 9.09453E+09   2149.7 1177.2  1.390 15.232  5.464  15323.9  8.47863E+44 -2.05638E+45   27.416
  68 4.10000E+07  29.014 9.03739E+09   2105.3 1154.2  1.398 15.243  5.461  15518.3  8.51678E+44 -2.06945E+45   27.379
  69 4.47880E+07  28.965 8.96954E+09   2051.9 1126.4  1.408 15.256  5.456  15754.0  8.56283E+44 -2.08523E+45   27.333
  70 4.98386E+07  28.906 8.89090E+09   1989.1 1093.5  1.420 15.272  5.451  16033.8  8.61686E+44 -2.10379E+45   27.275
  71 5.65728E+07  28.836 8.80213E+09   1917.5 1055.7  1.433 15.289  5.444  16358.8  8.67912E+44 -2.12519E+45   27.201
  72 6.10000E+07  28.795 8.75153E+09   1876.3 1033.8  1.440 15.299  5.440  16548.6  8.71521E+44 -2.13760E+45   27.156
  73 6.69029E+07  28.744 8.69162E+09   1827.3 1007.4  1.450 15.312  5.435  16777.6  8.75843E+44 -2.15249E+45   27.099
  74 7.47735E+07  28.682 8.62246E+09   1770.2  976.3  1.460 15.326  5.429  17047.7  8.80885E+44 -2.16989E+45   27.026
  75 8.10000E+07  28.637 8.57465E+09   1730.6  954.0  1.467 15.335  5.425  17238.4  8.84433E+44 -2.18213E+45   26.974
  76 8.93020E+07  28.581 8.51861E+09   1684.0  926.4  1.476 15.347  5.419  17465.9  8.88615E+44 -2.19660E+45   26.909
  77 1.00371E+08  28.512 8.45486E+09   1630.6  893.7  1.486 15.360  5.413  17730.3  8.93444E+44 -2.21333E+45   26.825
  78 1.01000E+08  28.508 8.45155E+09   1627.8  892.0  1.486 15.361  5.412  17744.2  8.93696E+44 -2.21421E+45   26.821
  79 1.01838E+08  28.503 8.44718E+09   1624.2  889.8  1.487 15.362  5.412  17762.5  8.94030E+44 -2.21536E+45   26.815
  80 1.02956E+08  28.497 8.44144E+09   1619.4  886.8  1.488 15.363  5.411  17786.7  8.94468E+44 -2.21689E+45   26.808
  81 1.04446E+08  28.489 8.43393E+09   1613.1  882.9  1.489 15.364  5.410  17818.4  8.95043E+44 -2.21888E+45   26.798
  82 1.06433E+08  28.478 8.42413E+09   1605.1  877.9  1.491 15.367  5.409  17859.8  8.95795E+44 -2.22149E+45   26.785
  83 1.09082E+08  28.463 8.41151E+09   1594.4  871.4  1.493 15.369  5.408  17913.5  8.96764E+44 -2.22485E+45   26.768
  84 1.12615E+08  28.445 8.39534E+09   1580.8  862.9  1.495 15.373  5.406  17982.5  8.98010E+44 -2.22917E+45   26.746
  85 1.17324E+08  28.421 8.37488E+09   1563.6  852.1  1.498 15.377  5.404  18070.5  8.99594E+44 -2.23467E+45   26.710
  86 1.23604E+08  28.390 8.34939E+09   1542.1  838.5  1.502 15.382  5.401  18181.1  9.01575E+44 -2.24156E+45   26.674
  87 1.31977E+08  28.351 8.31819E+09   1515.7  821.5  1.507 15.389  5.397  18317.7  9.04015E+44 -2.25004E+45   26.627
  88 1.43141E+08  28.304 8.28078E+09   1484.1  801.2  1.513 15.397  5.392  18483.6  9.06960E+44 -2.26029E+45   26.560
  89 1.58026E+08  28.248 8.23688E+09   1446.9  777.7  1.520 15.406  5.387  18681.2  9.10449E+44 -2.27243E+45   26.489
  90 1.77873E+08  28.180 8.18659E+09   1404.1  750.5  1.528 15.417  5.380  18911.3  9.14464E+44 -2.28643E+45   26.389
  91 2.01000E+08  28.109 8.13710E+09   1362.2  722.6  1.536 15.427  5.373  19142.0  9.18464E+44 -2.30039E+45   26.299
  92 2.31837E+08  28.027 8.08242E+09   1315.7  691.5  1.545 15.439  5.364  19401.9  9.22921E+44 -2.31599E+45   26.177
  93 2.72952E+08  27.936 8.02342E+09   1265.3  658.6  1.555 15.452  5.355  19688.3  9.27771E+44 -2.33302E+45   26.007
  94 3.17230E+08  27.855 7.97188E+09   1221.2  630.5  1.563 15.463  5.346  19943.7  9.32036E+44 -2.34807E+45   25.862
  95 3.76267E+08  27.764 7.91615E+09   1173.4  600.5  1.572 15.475  5.336  20225.5  9.36674E+44 -2.36453E+45   25.656
  96 4.01000E+08  27.730 7.89604E+09   1156.2  589.8  1.575 15.480  5.332  20328.7  9.38352E+44 -2.37051E+45   25.562
  97 4.33977E+08  27.689 7.87156E+09   1135.1  576.8  1.579 15.485  5.327  20455.3  9.40400E+44 -2.37783E+45   25.452
  98 4.77947E+08  27.639 7.84233E+09   1110.0  561.4  1.584 15.491  5.322  20608.1  9.42850E+44 -2.38662E+45   25.268
  99 5.36573E+08  27.579 7.80821E+09   1080.7  543.5  1.590 15.499  5.315  20788.7  9.45714E+44 -2.39694E+45   24.993
 100 6.01000E+08  27.521 7.77568E+09   1052.7  526.8  1.595 15.506  5.308  20962.9  9.48443E+44 -2.40683E+45   24.553
 101 6.86903E+08  27.456 7.73827E+09   1020.5  508.7  1.601 15.514  5.299  21166.2  9.51598E+44 -2.41830E+45    0.000
 102 8.01000E+08  27.380 7.69636E+09    984.5  488.3  1.608 15.523  5.289  21397.2  9.55129E+44 -2.43121E+45    0.000
 103 9.53130E+08  27.296 7.65044E+09    945.1  466.6  1.616 15.534  5.278  21655.0  9.59050E+44 -2.44555E+45    0.000
 104 1.00100E+09  27.273 7.63774E+09    934.2  460.8  1.618 15.536  5.275  21726.9  9.60114E+44 -2.44948E+45    0.000
 105 1.06483E+09  27.243 7.62187E+09    920.6  453.3  1.620 15.540  5.271  21817.5  9.61473E+44 -2.45448E+45    0.000
 106 1.14993E+09  27.202 7.60244E+09    903.9  443.4  1.624 15.544  5.266  21929.2  9.63144E+44 -2.46062E+45    0.000
 107 1.26340E+09  27.149 7.57933E+09    884.1  430.7  1.628 15.549  5.260  22063.1  9.65136E+44 -2.46794E+45    0.000
 108 1.41469E+09  27.089 7.55250E+09    861.1  416.8  1.632 15.555  5.252  22220.2  9.67455E+44 -2.47649E+45    0.000
 109 1.61642E+09  27.023 7.52172E+09    834.8  402.2  1.637 15.562  5.243  22402.4  9.70137E+44 -2.48637E+45    0.000
 110 1.88538E+09  26.950 7.48700E+09    805.2  386.4  1.643 15.570  5.233  22610.7  9.73168E+44 -2.49757E+45    0.000
 111 2.00100E+09  26.923 7.47375E+09    794.0  380.9  1.645 15.573  5.229  22690.8  9.74315E+44 -2.50182E+45    0.000
 112 2.15516E+09  26.891 7.45729E+09    780.0  374.3  1.648 15.577  5.224  22791.1  9.75754E+44 -2.50716E+45    0.000
 113 2.36070E+09  26.854 7.43710E+09    762.9  366.9  1.651 15.581  5.217  22915.0  9.77522E+44 -2.51373E+45    0.000
 114 2.63476E+09  26.810 7.41270E+09    742.3  358.3  1.655 15.587  5.209  23066.1  9.79661E+44 -2.52170E+45    0.000
 115 3.00018E+09  26.758 7.38373E+09    717.9  348.5  1.660 15.593  5.199  23247.5  9.82204E+44 -2.53121E+45    0.000
 116 3.16330E+09  26.737 7.37189E+09    708.0  344.5  1.662 15.596  5.195  23322.2  9.83239E+44 -2.53510E+45    0.000
 117 3.38080E+09  26.710 7.35700E+09    695.5  339.5  1.665 15.599  5.190  23416.8  9.84547E+44 -2.54002E+45    0.000
 118 3.67079E+09  26.676 7.33855E+09    680.1  333.4  1.668 15.603  5.183  23534.6  9.86169E+44 -2.54613E+45    0.000
 119 4.00100E+09  26.640 7.31923E+09    664.0  327.1  1.671 15.608  5.176  23659.0  9.87871E+44 -2.55256E+45    0.000
 120 4.44127E+09  26.596 7.29582E+09    644.6  319.4  1.675 15.613  5.167  23811.1  9.89941E+44 -2.56038E+45    0.000
 121 5.02831E+09  26.542 7.26804E+09    621.6  310.2  1.680 15.619  5.156  23993.5  9.92410E+44 -2.56971E+45    0.000
 122 5.81102E+09  26.477 7.23588E+09    595.3  299.5  1.685 15.627  5.143  24207.4  9.95285E+44 -2.58057E+45    0.000
 123 6.00100E+09  26.462 7.22879E+09    589.5  297.0  1.686 15.628  5.139  24254.8  9.95908E+44 -2.58294E+45    0.000
 124 6.25431E+09  26.443 7.21970E+09    582.1  293.9  1.688 15.630  5.136  24315.8  9.96722E+44 -2.58601E+45    0.000
 125 6.59206E+09  26.417 7.20821E+09    572.8  289.9  1.690 15.633  5.131  24393.4  9.97754E+44 -2.58991E+45    0.000
 126 7.04240E+09  26.386 7.19391E+09    561.2  284.9  1.692 15.636  5.124  24490.5  9.99043E+44 -2.59478E+45    0.000
 127 7.64284E+09  26.346 7.17640E+09    547.1  278.8  1.695 15.640  5.116  24610.2  1.00062E+45 -2.60075E+45    0.000
 128 8.00100E+09  26.323 7.16671E+09    539.3  275.4  1.697 15.642  5.112  24676.8  1.00150E+45 -2.60406E+45    0.000
 129 8.47855E+09  26.295 7.15455E+09    529.5  271.1  1.699 15.645  5.106  24760.7  1.00260E+45 -2.60823E+45    0.000
 130 9.11528E+09  26.259 7.13954E+09    517.5  265.9  1.701 15.648  5.099  24864.9  1.00397E+45 -2.61339E+45    0.000
 131 9.96425E+09  26.215 7.12136E+09    502.9  259.5  1.704 15.652  5.090  24992.1  1.00563E+45 -2.61967E+45    0.000
 132 1.00010E+10  26.213 7.12061E+09    502.4  259.3  1.705 15.653  5.089  24997.3  1.00570E+45 -2.61992E+45    0.000
 133 1.00500E+10  26.210 7.11962E+09    501.6  258.9  1.705 15.653  5.089  25004.2  1.00579E+45 -2.62026E+45    0.000
 134 1.01153E+10  26.207 7.11832E+09    500.5  258.5  1.705 15.653  5.088  25013.4  1.00591E+45 -2.62072E+45    0.000
 135 1.02024E+10  26.203 7.11659E+09    499.1  257.8  1.705 15.653  5.087  25025.6  1.00607E+45 -2.62131E+45    0.000
 136 1.03186E+10  26.197 7.11431E+09    497.3  257.0  1.706 15.654  5.086  25041.6  1.00628E+45 -2.62210E+45    0.000
 137 1.04735E+10  26.190 7.11132E+09    494.9  256.0  1.706 15.655  5.085  25062.7  1.00655E+45 -2.62314E+45    0.000
 138 1.06800E+10  26.180 7.10741E+09    491.8  254.6  1.707 15.656  5.083  25090.3  1.00691E+45 -2.62449E+45    0.000
 139 1.09553E+10  26.167 7.10234E+09    487.8  252.8  1.708 15.657  5.080  25126.1  1.00738E+45 -2.62625E+45    0.000
 140 1.13224E+10  26.150 7.09582E+09    482.6  250.5  1.709 15.658  5.077  25172.3  1.00798E+45 -2.62852E+45    0.000
 141 1.18118E+10  26.128 7.08752E+09    476.1  247.5  1.710 15.660  5.072  25231.3  1.00875E+45 -2.63141E+45    0.000
 142 1.24644E+10  26.100 7.07709E+09    467.8  243.7  1.712 15.662  5.067  25305.7  1.00972E+45 -2.63505E+45    0.000
 143 1.33346E+10  26.064 7.06421E+09    457.7  238.9  1.714 15.665  5.060  25398.1  1.01092E+45 -2.63957E+45    0.000
 144 1.44948E+10  26.020 7.04859E+09    445.4  233.2  1.717 15.669  5.051  25510.8  1.01239E+45 -2.64506E+45    0.000
 145 1.50010E+10  26.002 7.04227E+09    440.4  230.9  1.718 15.670  5.047  25556.6  1.01299E+45 -2.64729E+45    0.000
 146 1.56760E+10  25.978 7.03425E+09    434.2  227.9  1.719 15.672  5.042  25614.9  1.01375E+45 -2.65013E+45    0.000
 147 1.65759E+10  25.949 7.02421E+09    426.3  224.2  1.721 15.675  5.036  25688.1  1.01471E+45 -2.65369E+45    0.000
 148 1.77759E+10  25.912 7.01186E+09    416.6  219.7  1.723 15.677  5.029  25778.7  1.01589E+45 -2.65808E+45    0.000
 149 1.93758E+10  25.866 6.99696E+09    405.0  214.3  1.726 15.681  5.020  25888.7  1.01732E+45 -2.66341E+45    0.000
 150 2.00010E+10  25.850 6.99155E+09    400.8  212.3  1.727 15.682  5.016  25928.7  1.01783E+45 -2.66534E+45    0.000
