

                           Program bd_evol.f

       Adiabatic models with H-He envelopes and nuclear reactions

    Surface boundary condition: jun17_cloudless+0.0_BC
    No Solar insolation

*** MS=   4.0000 Mj          0.00382 Msun

       t(years)   log L     R(cm)        Ts     Te   log rc log Pc log Tc     g        Uth          Ugrav     log Lnuc

   1 1.00634E+06  30.309 1.47772E+10   3652.1 1902.7  0.385 13.652  5.161   2321.7  1.05519E+44 -2.12536E+44    0.000
   2 1.01268E+06  30.305 1.47401E+10   3648.2 1900.1  0.388 13.656  5.161   2333.4  1.05612E+44 -2.12964E+44    0.000
   3 1.01606E+06  30.302 1.47206E+10   3646.1 1898.8  0.389 13.658  5.161   2339.6  1.05661E+44 -2.13190E+44    0.000
   4 1.02034E+06  30.299 1.46961E+10   3643.4 1897.1  0.391 13.660  5.161   2347.4  1.05723E+44 -2.13475E+44    0.000
   5 1.02576E+06  30.296 1.46654E+10   3640.1 1894.9  0.393 13.663  5.162   2357.2  1.05801E+44 -2.13832E+44    0.000
   6 1.03263E+06  30.291 1.46271E+10   3635.9 1892.2  0.396 13.666  5.162   2369.6  1.05900E+44 -2.14281E+44    0.000
   7 1.04133E+06  30.285 1.45794E+10   3630.7 1888.7  0.399 13.671  5.162   2385.1  1.06023E+44 -2.14842E+44    0.000
   8 1.05235E+06  30.277 1.45205E+10   3624.1 1884.4  0.403 13.676  5.162   2404.5  1.06179E+44 -2.15542E+44    0.000
   9 1.06631E+06  30.268 1.44478E+10   3615.9 1879.0  0.408 13.683  5.163   2428.8  1.06373E+44 -2.16411E+44    0.000
  10 1.08400E+06  30.256 1.43590E+10   3605.7 1872.3  0.415 13.692  5.163   2458.9  1.06615E+44 -2.17486E+44    0.000
  11 1.10640E+06  30.242 1.42512E+10   3593.0 1863.9  0.422 13.702  5.164   2496.2  1.06916E+44 -2.18807E+44    0.000
  12 1.13477E+06  30.224 1.41219E+10   3577.4 1853.4  0.432 13.715  5.164   2542.2  1.07289E+44 -2.20421E+44    0.000
  13 1.17071E+06  30.203 1.39684E+10   3558.1 1840.3  0.443 13.730  5.165   2598.3  1.07749E+44 -2.22373E+44    0.000
  14 1.21623E+06  30.176 1.37889E+10   3534.7 1824.2  0.457 13.748  5.165   2666.4  1.08310E+44 -2.24715E+44    0.000
  15 1.27389E+06  30.144 1.35824E+10   3506.5 1804.2  0.472 13.769  5.166   2748.1  1.08990E+44 -2.27488E+44    0.000
  16 1.34693E+06  30.105 1.33493E+10   3472.7 1779.5  0.491 13.793  5.167   2844.9  1.09803E+44 -2.30718E+44    0.000
  17 1.43944E+06  30.059 1.30917E+10   3432.6 1749.7  0.511 13.821  5.167   2958.0  1.10762E+44 -2.34432E+44    0.000
  18 1.55662E+06  30.005 1.28135E+10   3385.7 1714.5  0.534 13.851  5.167   3087.8  1.11872E+44 -2.38625E+44    0.000
  19 1.70506E+06  29.943 1.25195E+10   3331.1 1674.1  0.559 13.885  5.167   3234.6  1.13128E+44 -2.43277E+44    0.000
  20 1.89307E+06  29.874 1.22160E+10   3268.4 1628.4  0.585 13.920  5.167   3397.3  1.14516E+44 -2.48339E+44    0.000
  21 2.00000E+06  29.838 1.20693E+10   3235.3 1604.5  0.598 13.938  5.167   3480.4  1.15221E+44 -2.50888E+44    0.000
  22 2.14257E+06  29.792 1.18969E+10   3193.6 1574.7  0.614 13.959  5.166   3582.0  1.16075E+44 -2.53971E+44    0.000
  23 2.33267E+06  29.737 1.16997E+10   3142.0 1538.2  0.633 13.983  5.165   3703.7  1.17087E+44 -2.57628E+44    0.000
  24 2.58612E+06  29.671 1.14811E+10   3078.7 1494.6  0.654 14.012  5.163   3846.1  1.18247E+44 -2.61849E+44    0.000
  25 2.92407E+06  29.593 1.12463E+10   3002.5 1443.6  0.677 14.043  5.161   4008.4  1.19532E+44 -2.66592E+44    0.000
  26 3.00000E+06  29.576 1.12004E+10   2986.4 1433.1  0.681 14.049  5.160   4041.3  1.19787E+44 -2.67545E+44    0.000
  27 3.10124E+06  29.555 1.11425E+10   2965.6 1419.4  0.687 14.057  5.159   4083.4  1.20110E+44 -2.68760E+44    0.000
  28 3.23623E+06  29.528 1.10705E+10   2938.8 1402.1  0.695 14.066  5.159   4136.7  1.20514E+44 -2.70291E+44    0.000
  29 3.41621E+06  29.494 1.09827E+10   2904.5 1380.2  0.704 14.079  5.157   4203.1  1.21010E+44 -2.72191E+44    0.000
  30 3.65619E+06  29.451 1.08780E+10   2861.5 1353.1  0.715 14.093  5.155   4284.4  1.21602E+44 -2.74501E+44    0.000
  31 3.97616E+06  29.399 1.07561E+10   2807.9 1320.4  0.728 14.111  5.153   4382.0  1.22290E+44 -2.77247E+44    0.000
  32 4.16230E+06  29.371 1.06927E+10   2778.5 1302.9  0.735 14.120  5.152   4434.2  1.22650E+44 -2.78706E+44    0.000
  33 4.41049E+06  29.335 1.06154E+10   2741.2 1281.1  0.743 14.131  5.150   4499.0  1.23090E+44 -2.80513E+44    0.000
  34 4.74140E+06  29.291 1.05230E+10   2694.4 1254.5  0.754 14.144  5.148   4578.4  1.23614E+44 -2.82711E+44    0.000
  35 5.00000E+06  29.259 1.04580E+10   2660.1 1235.4  0.761 14.154  5.146   4635.4  1.23980E+44 -2.84277E+44    0.000
  36 5.34480E+06  29.219 1.03796E+10   2616.9 1212.0  0.770 14.166  5.144   4705.7  1.24419E+44 -2.86201E+44    0.000
  37 5.80452E+06  29.171 1.02872E+10   2563.5 1183.8  0.781 14.180  5.141   4790.7  1.24930E+44 -2.88512E+44    0.000
  38 6.41749E+06  29.112 1.01809E+10   2498.7 1150.7  0.793 14.196  5.137   4891.2  1.25503E+44 -2.91216E+44    0.000
  39 7.00000E+06  29.062 1.00940E+10   2443.1 1122.7  0.804 14.210  5.134   4975.8  1.25964E+44 -2.93484E+44    0.000
  40 7.77668E+06  29.002 9.99452E+09   2376.4 1089.7  0.816 14.226  5.130   5075.3  1.26472E+44 -2.96122E+44    0.000
  41 8.81224E+06  28.930 9.88360E+09   2298.6 1051.7  0.829 14.244  5.124   5189.9  1.27017E+44 -2.99139E+44    0.000
  42 9.00000E+06  28.918 9.86562E+09   2285.7 1045.4  0.832 14.247  5.124   5208.8  1.27103E+44 -2.99635E+44    0.000
  43 9.25034E+06  28.903 9.84251E+09   2269.0 1037.3  0.835 14.250  5.122   5233.3  1.27212E+44 -3.00276E+44    0.000
  44 9.58413E+06  28.882 9.81318E+09   2247.5 1026.8  0.838 14.255  5.121   5264.6  1.27349E+44 -3.01094E+44    0.000
  45 1.00292E+07  28.856 9.77635E+09   2220.3 1013.5  0.843 14.261  5.119   5304.4  1.27519E+44 -3.02129E+44    0.000
  46 1.06226E+07  28.824 9.73088E+09   2186.3  996.9  0.849 14.269  5.116   5354.1  1.27726E+44 -3.03419E+44    0.000
  47 1.10000E+07  28.804 9.70394E+09   2166.0  986.9  0.852 14.273  5.115   5383.8  1.27845E+44 -3.04188E+44    0.000
  48 1.15032E+07  28.778 9.66997E+09   2140.2  974.2  0.857 14.279  5.113   5421.7  1.27996E+44 -3.05167E+44    0.000
  49 1.21742E+07  28.746 9.62796E+09   2108.0  958.3  0.862 14.286  5.110   5469.2  1.28179E+44 -3.06389E+44    0.000
  50 1.30688E+07  28.705 9.57708E+09   2068.6  938.7  0.869 14.295  5.107   5527.4  1.28397E+44 -3.07885E+44    0.000
  51 1.42617E+07  28.656 9.51665E+09   2021.3  915.1  0.877 14.305  5.103   5597.9  1.28648E+44 -3.09687E+44    0.000
  52 1.58521E+07  28.595 9.44672E+09   1966.0  887.2  0.886 14.317  5.098   5681.0  1.28924E+44 -3.11796E+44    0.000
  53 1.79727E+07  28.524 9.36811E+09   1903.0  855.2  0.897 14.331  5.092   5776.8  1.29220E+44 -3.14214E+44    0.000
  54 2.08002E+07  28.442 9.28194E+09   1833.4  819.5  0.909 14.347  5.085   5884.5  1.29522E+44 -3.16913E+44    0.000
  55 2.10000E+07  28.437 9.27649E+09   1828.9  817.2  0.909 14.348  5.084   5891.4  1.29540E+44 -3.17086E+44    0.000
  56 2.12664E+07  28.430 9.26935E+09   1823.1  814.2  0.910 14.349  5.084   5900.5  1.29564E+44 -3.17312E+44    0.000
  57 2.16215E+07  28.421 9.26001E+09   1815.5  810.3  0.912 14.350  5.083   5912.4  1.29595E+44 -3.17608E+44    0.000
  58 2.20951E+07  28.409 9.24791E+09   1805.6  805.2  0.913 14.353  5.082   5927.9  1.29635E+44 -3.17994E+44    0.000
  59 2.27265E+07  28.393 9.23234E+09   1792.9  798.7  0.916 14.355  5.081   5947.9  1.29685E+44 -3.18492E+44    0.000
  60 2.35683E+07  28.373 9.21252E+09   1776.7  790.3  0.918 14.359  5.079   5973.5  1.29748E+44 -3.19128E+44    0.000
  61 2.46908E+07  28.347 9.18755E+09   1756.2  779.7  0.922 14.364  5.076   6006.0  1.29825E+44 -3.19935E+44    0.000
  62 2.61874E+07  28.314 9.15668E+09   1730.8  766.4  0.926 14.369  5.073   6046.6  1.29917E+44 -3.20939E+44    0.000
  63 2.81829E+07  28.273 9.11915E+09   1699.8  750.2  0.932 14.376  5.070   6096.5  1.30025E+44 -3.22171E+44    0.000
  64 3.08436E+07  28.223 9.07456E+09   1662.9  730.7  0.938 14.384  5.065   6156.6  1.30147E+44 -3.23649E+44    0.000
  65 3.26230E+07  28.192 9.04762E+09   1640.6  718.8  0.942 14.389  5.062   6193.3  1.30215E+44 -3.24547E+44    0.000
  66 3.49956E+07  28.153 9.01472E+09   1613.2  704.0  0.947 14.395  5.059   6238.6  1.30298E+44 -3.25655E+44    0.000
  67 3.81590E+07  28.104 8.97539E+09   1580.7  686.0  0.952 14.403  5.054   6293.4  1.30393E+44 -3.26994E+44    0.000
  68 4.10000E+07  28.063 8.94374E+09   1554.4  671.3  0.957 14.409  5.051   6338.0  1.30466E+44 -3.28077E+44    0.000
  69 4.47880E+07  28.014 8.90594E+09   1522.9  653.8  0.962 14.416  5.046   6391.9  1.30552E+44 -3.29384E+44    0.000
  70 4.98386E+07  27.955 8.86176E+09   1486.2  633.5  0.969 14.424  5.041   6455.8  1.30651E+44 -3.30927E+44    0.000
  71 5.65728E+07  27.884 8.81145E+09   1444.5  609.8  0.976 14.434  5.035   6529.7  1.30758E+44 -3.32696E+44    0.000
  72 6.10000E+07  27.840 8.78269E+09   1420.7  595.6  0.981 14.439  5.031   6572.6  1.30821E+44 -3.33722E+44    0.000
  73 6.69029E+07  27.786 8.74862E+09   1392.5  578.5  0.986 14.446  5.026   6623.8  1.30893E+44 -3.34942E+44    0.000
  74 7.47735E+07  27.727 8.70899E+09   1359.9  560.4  0.992 14.454  5.021   6684.3  1.30978E+44 -3.36373E+44    0.000
  75 8.10000E+07  27.685 8.68118E+09   1337.1  548.0  0.996 14.459  5.017   6727.2  1.31037E+44 -3.37386E+44    0.000
  76 8.93020E+07  27.634 8.64804E+09   1309.8  533.1  1.001 14.465  5.012   6778.8  1.31109E+44 -3.38600E+44    0.000
  77 1.00371E+08  27.578 8.60927E+09   1278.0  517.4  1.006 14.473  5.006   6840.0  1.31194E+44 -3.40030E+44    0.000
  78 1.01000E+08  27.575 8.60722E+09   1276.4  516.6  1.007 14.473  5.006   6843.2  1.31199E+44 -3.40107E+44    0.000
  79 1.01838E+08  27.571 8.60450E+09   1274.1  515.6  1.007 14.474  5.005   6847.6  1.31204E+44 -3.40208E+44    0.000
  80 1.02956E+08  27.566 8.60092E+09   1271.2  514.2  1.008 14.474  5.005   6853.3  1.31213E+44 -3.40341E+44    0.000
  81 1.04446E+08  27.560 8.59620E+09   1267.3  512.4  1.008 14.475  5.004   6860.8  1.31223E+44 -3.40516E+44    0.000
  82 1.06433E+08  27.551 8.59003E+09   1262.3  509.9  1.009 14.477  5.003   6870.7  1.31237E+44 -3.40746E+44    0.000
  83 1.09082E+08  27.539 8.58201E+09   1255.7  506.7  1.010 14.478  5.002   6883.5  1.31256E+44 -3.41046E+44    0.000
  84 1.12615E+08  27.522 8.57166E+09   1247.3  502.2  1.012 14.480  5.000   6900.1  1.31279E+44 -3.41433E+44    0.000
  85 1.17324E+08  27.498 8.55853E+09   1236.5  495.5  1.014 14.483  4.998   6921.3  1.31310E+44 -3.41926E+44    0.000
  86 1.23604E+08  27.463 8.54224E+09   1223.2  486.0  1.016 14.486  4.995   6947.8  1.31348E+44 -3.42540E+44    0.000
  87 1.31977E+08  27.423 8.52240E+09   1207.1  475.6  1.019 14.490  4.992   6980.1  1.31394E+44 -3.43287E+44    0.000
  88 1.43141E+08  27.385 8.49828E+09   1187.5  466.1  1.023 14.495  4.988   7019.8  1.31452E+44 -3.44204E+44    0.000
  89 1.58026E+08  27.344 8.46901E+09   1163.7  456.0  1.028 14.500  4.983   7068.4  1.31524E+44 -3.45326E+44    0.000
  90 1.77873E+08  27.292 8.43407E+09   1135.4  443.3  1.033 14.507  4.977   7127.2  1.31614E+44 -3.46677E+44    0.000
  91 2.01000E+08  27.236 8.39836E+09   1106.7  430.1  1.038 14.514  4.970   7187.9  1.31704E+44 -3.48058E+44    0.000
  92 2.31837E+08  27.180 8.35669E+09   1073.3  417.6  1.045 14.523  4.962   7259.7  1.31815E+44 -3.49683E+44    0.000
  93 2.72952E+08  27.120 8.30820E+09   1034.7  404.6  1.052 14.532  4.953   7344.7  1.31954E+44 -3.51603E+44    0.000
  94 3.17230E+08  27.058 8.26300E+09    999.0  391.5  1.059 14.541  4.944   7425.3  1.32087E+44 -3.53399E+44    0.000
  95 3.76267E+08  26.982 8.21201E+09    958.9  375.9  1.066 14.552  4.933   7517.8  1.32251E+44 -3.55453E+44    0.000
  96 4.01000E+08  26.955 8.19310E+09    944.2  370.5  1.069 14.555  4.929   7552.5  1.32316E+44 -3.56221E+44    0.000
  97 4.33977E+08  26.923 8.16965E+09    925.9  364.2  1.073 14.560  4.923   7595.9  1.32400E+44 -3.57181E+44    0.000
  98 4.77947E+08  26.884 8.14095E+09    903.6  356.8  1.077 14.566  4.917   7649.6  1.32509E+44 -3.58364E+44    0.000
  99 5.36573E+08  26.837 8.10646E+09    876.9  348.0  1.083 14.573  4.909   7714.8  1.32652E+44 -3.59799E+44    0.000
 100 6.01000E+08  26.790 8.07260E+09    850.8  339.5  1.088 14.580  4.901   7779.7  1.32805E+44 -3.61223E+44    0.000
 101 6.86903E+08  26.733 8.03259E+09    820.2  329.4  1.094 14.588  4.890   7857.4  1.33002E+44 -3.62919E+44    0.000
 102 8.01000E+08  26.666 7.98651E+09    785.5  317.8  1.101 14.598  4.878   7948.4  1.33250E+44 -3.64886E+44    0.000
 103 9.53130E+08  26.588 7.93465E+09    746.9  304.8  1.109 14.608  4.864   8052.5  1.33540E+44 -3.67106E+44    0.000
 104 1.00100E+09  26.566 7.92014E+09    736.2  301.2  1.111 14.611  4.860   8082.1  1.33623E+44 -3.67732E+44    0.000
 105 1.06483E+09  26.538 7.90192E+09    722.8  296.7  1.114 14.615  4.855   8119.4  1.33727E+44 -3.68521E+44    0.000
 106 1.14993E+09  26.502 7.87939E+09    706.3  291.1  1.118 14.620  4.848   8165.9  1.33855E+44 -3.69499E+44    0.000
 107 1.26340E+09  26.458 7.85208E+09    686.3  284.4  1.122 14.625  4.840   8222.8  1.34008E+44 -3.70690E+44    0.000
 108 1.41469E+09  26.405 7.81963E+09    662.8  276.3  1.127 14.632  4.830   8291.2  1.34187E+44 -3.72113E+44    0.000
 109 1.61642E+09  26.341 7.78194E+09    635.7  267.0  1.133 14.640  4.818   8371.7  1.34394E+44 -3.73775E+44    0.000
 110 1.88538E+09  26.266 7.73917E+09    605.4  256.4  1.139 14.649  4.803   8464.5  1.34632E+44 -3.75672E+44    0.000
 111 2.00100E+09  26.236 7.72284E+09    594.0  252.3  1.142 14.652  4.797   8500.3  1.34722E+44 -3.76391E+44    0.000
 112 2.15516E+09  26.200 7.70267E+09    579.9  247.4  1.145 14.656  4.790   8544.9  1.34838E+44 -3.77291E+44    0.000
 113 2.36070E+09  26.155 7.67821E+09    563.0  241.5  1.148 14.661  4.781   8599.4  1.34982E+44 -3.78386E+44    0.000
 114 2.63476E+09  26.100 7.64920E+09    543.0  234.4  1.153 14.667  4.770   8664.8  1.35155E+44 -3.79691E+44    0.000
 115 3.00018E+09  26.034 7.61565E+09    520.2  226.2  1.158 14.674  4.757   8741.3  1.35359E+44 -3.81209E+44    0.000
 116 3.16330E+09  26.008 7.60222E+09    511.0  223.0  1.160 14.677  4.751   8772.2  1.35440E+44 -3.81814E+44    0.000
 117 3.38080E+09  25.973 7.58555E+09    499.8  218.9  1.163 14.680  4.744   8810.8  1.35542E+44 -3.82572E+44    0.000
 118 3.67079E+09  25.931 7.56526E+09    486.1  213.9  1.166 14.684  4.736   8858.1  1.35667E+44 -3.83497E+44    0.000
 119 4.00100E+09  25.886 7.54445E+09    472.2  208.7  1.169 14.689  4.726   8907.0  1.35795E+44 -3.84449E+44    0.000
 120 4.44127E+09  25.832 7.51981E+09    455.8  202.6  1.173 14.694  4.715   8965.5  1.35947E+44 -3.85581E+44    0.000
 121 5.02831E+09  25.766 7.49140E+09    436.9  195.5  1.177 14.699  4.702   9033.7  1.36123E+44 -3.86896E+44    0.000
 122 5.81102E+09  25.690 7.45954E+09    415.7  187.4  1.182 14.706  4.686   9111.0  1.36319E+44 -3.88383E+44    0.000
 123 6.00100E+09  25.673 7.45264E+09    411.2  185.7  1.183 14.708  4.683   9127.8  1.36359E+44 -3.88701E+44    0.000
 124 6.25431E+09  25.650 7.44387E+09    405.4  183.4  1.184 14.709  4.678   9149.3  1.36412E+44 -3.89113E+44    0.000
 125 6.59206E+09  25.622 7.43288E+09    398.1  180.6  1.186 14.712  4.672   9176.4  1.36479E+44 -3.89631E+44    0.000
 126 7.04240E+09  25.587 7.41929E+09    389.1  177.1  1.188 14.714  4.665   9210.1  1.36561E+44 -3.90272E+44    0.000
 127 7.64284E+09  25.542 7.40282E+09    378.3  172.9  1.191 14.718  4.656   9251.1  1.36660E+44 -3.91051E+44    0.000
 128 8.00100E+09  25.518 7.39376E+09    372.3  170.5  1.192 14.720  4.651   9273.8  1.36713E+44 -3.91479E+44    0.000
 129 8.47855E+09  25.486 7.38246E+09    364.9  167.6  1.194 14.722  4.644   9302.2  1.36780E+44 -3.92013E+44    0.000
 130 9.11528E+09  25.447 7.36862E+09    355.9  164.0  1.196 14.725  4.636   9337.2  1.36860E+44 -3.92669E+44    0.000
 131 9.96425E+09  25.398 7.35197E+09    345.1  159.6  1.199 14.728  4.626   9379.5  1.36954E+44 -3.93457E+44    0.000
 132 1.00010E+10  25.396 7.35130E+09    344.7  159.4  1.199 14.729  4.626   9381.2  1.36957E+44 -3.93488E+44    0.000
 133 1.00500E+10  25.393 7.35040E+09    344.1  159.2  1.199 14.729  4.625   9383.5  1.36962E+44 -3.93530E+44    0.000
 134 1.01153E+10  25.390 7.34920E+09    343.3  158.9  1.199 14.729  4.625   9386.6  1.36969E+44 -3.93587E+44    0.000
 135 1.02024E+10  25.385 7.34763E+09    342.3  158.5  1.199 14.729  4.624   9390.6  1.36978E+44 -3.93661E+44    0.000
 136 1.03186E+10  25.379 7.34556E+09    341.0  157.9  1.200 14.730  4.623   9395.9  1.36989E+44 -3.93759E+44    0.000
 137 1.04735E+10  25.371 7.34284E+09    339.2  157.2  1.200 14.730  4.621   9402.8  1.37004E+44 -3.93887E+44    0.000
 138 1.06800E+10  25.360 7.33930E+09    336.9  156.3  1.201 14.731  4.619   9411.9  1.37023E+44 -3.94055E+44    0.000
 139 1.09553E+10  25.346 7.33471E+09    334.0  155.1  1.201 14.732  4.616   9423.7  1.37048E+44 -3.94272E+44    0.000
 140 1.13224E+10  25.328 7.32882E+09    330.2  153.6  1.202 14.733  4.612   9438.9  1.37080E+44 -3.94550E+44    0.000
 141 1.18118E+10  25.305 7.32133E+09    325.4  151.6  1.203 14.735  4.607   9458.2  1.37120E+44 -3.94904E+44    0.000
 142 1.24644E+10  25.275 7.31193E+09    319.4  149.1  1.205 14.737  4.601   9482.5  1.37170E+44 -3.95348E+44    0.000
 143 1.33346E+10  25.238 7.30034E+09    312.0  146.1  1.207 14.739  4.594   9512.7  1.37231E+44 -3.95895E+44    0.000
 144 1.44948E+10  25.191 7.28629E+09    303.1  142.4  1.209 14.742  4.585   9549.4  1.37304E+44 -3.96558E+44    0.000
 145 1.50010E+10  25.172 7.28060E+09    299.5  140.9  1.210 14.743  4.581   9564.3  1.37333E+44 -3.96825E+44    0.000
 146 1.56760E+10  25.148 7.27338E+09    295.0  139.0  1.211 14.745  4.576   9583.3  1.37370E+44 -3.97165E+44    0.000
 147 1.65759E+10  25.117 7.26434E+09    289.4  136.6  1.212 14.746  4.570   9607.2  1.37417E+44 -3.97592E+44    0.000
 148 1.77759E+10  25.078 7.25321E+09    282.5  133.7  1.214 14.749  4.562   9636.7  1.37475E+44 -3.98117E+44    0.000
 149 1.93758E+10  25.030 7.23976E+09    274.2  130.2  1.216 14.751  4.553   9672.5  1.37546E+44 -3.98752E+44    0.000
 150 2.00010E+10  25.012 7.23489E+09    271.2  128.9  1.217 14.752  4.549   9685.6  1.37572E+44 -3.98982E+44    0.000
