

                           Program bd_evol.f

       Adiabatic models with H-He envelopes and nuclear reactions

    Surface boundary condition: jun17_cloudless+0.0_BC
    No Solar insolation

*** MS=   1.0000 Mj          0.00095 Msun

       t(years)   log L     R(cm)        Ts     Te   log rc log Pc log Tc     g        Uth          Ugrav     log Lnuc

   1 1.00634E+06  29.210 1.25075E+10   2965.8 1098.3  0.101 12.888  4.725    810.2  1.06419E+43 -1.71267E+43    0.000
   2 1.01268E+06  29.203 1.24812E+10   2959.9 1095.1  0.102 12.891  4.725    813.6  1.06435E+43 -1.71508E+43    0.000
   3 1.01606E+06  29.199 1.24674E+10   2956.8 1093.4  0.103 12.892  4.725    815.4  1.06443E+43 -1.71634E+43    0.000
   4 1.02034E+06  29.195 1.24501E+10   2952.9 1091.2  0.104 12.893  4.725    817.7  1.06453E+43 -1.71792E+43    0.000
   5 1.02576E+06  29.189 1.24287E+10   2948.0 1088.5  0.106 12.895  4.725    820.5  1.06466E+43 -1.71990E+43    0.000
   6 1.03263E+06  29.182 1.24020E+10   2941.9 1085.2  0.107 12.898  4.724    824.0  1.06481E+43 -1.72236E+43    0.000
   7 1.04133E+06  29.173 1.23691E+10   2934.2 1081.0  0.109 12.901  4.724    828.4  1.06499E+43 -1.72541E+43    0.000
   8 1.05235E+06  29.162 1.23287E+10   2924.6 1075.8  0.112 12.904  4.723    833.9  1.06520E+43 -1.72917E+43    0.000
   9 1.06631E+06  29.148 1.22795E+10   2912.8 1069.4  0.115 12.908  4.723    840.6  1.06544E+43 -1.73378E+43    0.000
  10 1.08400E+06  29.131 1.22201E+10   2898.3 1061.7  0.119 12.914  4.722    848.7  1.06571E+43 -1.73938E+43    0.000
  11 1.10640E+06  29.110 1.21493E+10   2880.2 1052.3  0.124 12.920  4.721    858.7  1.06600E+43 -1.74612E+43    0.000
  12 1.13477E+06  29.086 1.20654E+10   2858.1 1041.1  0.130 12.928  4.720    870.7  1.06629E+43 -1.75418E+43    0.000
  13 1.17071E+06  29.057 1.19675E+10   2831.3 1027.9  0.136 12.937  4.719    885.0  1.06655E+43 -1.76371E+43    0.000
  14 1.21623E+06  29.022 1.18550E+10   2799.1 1012.6  0.144 12.947  4.717    901.8  1.06672E+43 -1.77482E+43    0.000
  15 1.27389E+06  28.983 1.17274E+10   2760.6  995.1  0.153 12.960  4.715    921.6  1.06674E+43 -1.78766E+43    0.000
  16 1.34693E+06  28.937 1.15853E+10   2715.0  975.2  0.164 12.973  4.713    944.3  1.06652E+43 -1.80228E+43    0.000
  17 1.43944E+06  28.883 1.14299E+10   2661.9  951.8  0.175 12.989  4.710    970.2  1.06592E+43 -1.81859E+43    0.000
  18 1.55662E+06  28.817 1.12644E+10   2601.2  923.3  0.187 13.005  4.707    998.9  1.06486E+43 -1.83646E+43    0.000
  19 1.70506E+06  28.743 1.10925E+10   2533.7  891.5  0.200 13.023  4.703   1030.1  1.06329E+43 -1.85553E+43    0.000
  20 1.89307E+06  28.663 1.09174E+10   2459.8  857.9  0.213 13.041  4.700   1063.4  1.06113E+43 -1.87548E+43    0.000
  21 2.00000E+06  28.621 1.08336E+10   2422.6  840.7  0.219 13.050  4.698   1079.9  1.05985E+43 -1.88520E+43    0.000
  22 2.14257E+06  28.569 1.07356E+10   2377.5  819.6  0.226 13.060  4.695   1099.7  1.05810E+43 -1.89666E+43    0.000
  23 2.33267E+06  28.509 1.06240E+10   2324.0  796.0  0.234 13.071  4.692   1122.9  1.05570E+43 -1.90979E+43    0.000
  24 2.58612E+06  28.442 1.04993E+10   2261.8  770.3  0.244 13.085  4.688   1149.8  1.05250E+43 -1.92466E+43    0.000
  25 2.92407E+06  28.363 1.03634E+10   2191.1  740.9  0.255 13.099  4.683   1180.1  1.04825E+43 -1.94105E+43    0.000
  26 3.00000E+06  28.346 1.03366E+10   2176.8  734.7  0.257 13.102  4.682   1186.2  1.04730E+43 -1.94430E+43    0.000
  27 3.10124E+06  28.324 1.03028E+10   2158.6  726.9  0.260 13.105  4.681   1194.0  1.04605E+43 -1.94843E+43    0.000
  28 3.23623E+06  28.297 1.02605E+10   2135.6  716.9  0.263 13.110  4.679   1203.9  1.04440E+43 -1.95360E+43    0.000
  29 3.41621E+06  28.262 1.02087E+10   2107.1  704.5  0.268 13.116  4.677   1216.1  1.04225E+43 -1.95996E+43    0.000
  30 3.65619E+06  28.220 1.01465E+10   2072.4  689.7  0.273 13.122  4.674   1231.1  1.03944E+43 -1.96765E+43    0.000
  31 3.97616E+06  28.169 1.00733E+10   2030.8  672.2  0.279 13.131  4.670   1249.1  1.03580E+43 -1.97678E+43    0.000
  32 4.16230E+06  28.142 1.00349E+10   2008.7  663.0  0.283 13.135  4.668   1258.6  1.03372E+43 -1.98156E+43    0.000
  33 4.41049E+06  28.107 9.98776E+09   1981.4  651.5  0.287 13.140  4.666   1270.6  1.03105E+43 -1.98751E+43    0.000
  34 4.74140E+06  28.065 9.93099E+09   1948.2  637.5  0.292 13.147  4.663   1285.1  1.02762E+43 -1.99472E+43    0.000
  35 5.00000E+06  28.034 9.89069E+09   1924.4  627.5  0.296 13.151  4.661   1295.6  1.02507E+43 -1.99988E+43    0.000
  36 5.34480E+06  27.995 9.84155E+09   1895.2  615.3  0.300 13.157  4.658   1308.6  1.02186E+43 -2.00624E+43    0.000
  37 5.80452E+06  27.949 9.78280E+09   1860.0  600.9  0.306 13.164  4.654   1324.4  1.01788E+43 -2.01395E+43    0.000
  38 6.41749E+06  27.894 9.71399E+09   1818.6  584.4  0.312 13.172  4.650   1343.2  1.01303E+43 -2.02311E+43    0.000
  39 7.00000E+06  27.848 9.65669E+09   1783.7  570.6  0.317 13.179  4.647   1359.2  1.00882E+43 -2.03082E+43    0.000
  40 7.77668E+06  27.791 9.58998E+09   1742.7  554.2  0.323 13.187  4.643   1378.1  1.00370E+43 -2.03993E+43    0.000
  41 8.81224E+06  27.723 9.51443E+09   1695.7  535.1  0.330 13.196  4.638   1400.1  9.97566E+42 -2.05030E+43    0.000
  42 9.00000E+06  27.712 9.50209E+09   1688.0  532.0  0.332 13.198  4.637   1403.7  9.96533E+42 -2.05201E+43    0.000
  43 9.25034E+06  27.697 9.48619E+09   1678.0  527.8  0.333 13.200  4.636   1408.5  9.95190E+42 -2.05421E+43    0.000
  44 9.58413E+06  27.678 9.46588E+09   1665.2  522.5  0.335 13.202  4.634   1414.5  9.93433E+42 -2.05703E+43    0.000
  45 1.00292E+07  27.653 9.44035E+09   1649.1  515.8  0.337 13.206  4.633   1422.2  9.91196E+42 -2.06058E+43    0.000
  46 1.06226E+07  27.621 9.40874E+09   1629.0  507.3  0.340 13.209  4.630   1431.7  9.88356E+42 -2.06500E+43    0.000
  47 1.10000E+07  27.602 9.38990E+09   1617.0  502.2  0.342 13.212  4.629   1437.5  9.86627E+42 -2.06762E+43    0.000
  48 1.15032E+07  27.577 9.36618E+09   1602.0  495.8  0.344 13.215  4.627   1444.8  9.84414E+42 -2.07094E+43    0.000
  49 1.21742E+07  27.546 9.33671E+09   1583.1  487.9  0.347 13.218  4.625   1453.9  9.81596E+42 -2.07506E+43    0.000
  50 1.30688E+07  27.508 9.30076E+09   1559.9  478.2  0.350 13.222  4.622   1465.2  9.78069E+42 -2.08009E+43    0.000
  51 1.42617E+07  27.461 9.25774E+09   1531.9  466.5  0.354 13.228  4.619   1478.8  9.73699E+42 -2.08612E+43    0.000
  52 1.58521E+07  27.405 9.20731E+09   1499.1  452.9  0.358 13.234  4.614   1495.1  9.68401E+42 -2.09317E+43    0.000
  53 1.79727E+07  27.340 9.14968E+09   1461.4  437.5  0.364 13.240  4.609   1514.0  9.62016E+42 -2.10121E+43    0.000
  54 2.08002E+07  27.270 9.08516E+09   1418.8  421.8  0.370 13.248  4.603   1535.5  9.54355E+42 -2.11011E+43    0.000
  55 2.10000E+07  27.266 9.08100E+09   1416.0  420.9  0.370 13.248  4.602   1537.0  9.53838E+42 -2.11066E+43    0.000
  56 2.12664E+07  27.260 9.07553E+09   1412.4  419.6  0.371 13.249  4.602   1538.8  9.53164E+42 -2.11142E+43    0.000
  57 2.16215E+07  27.253 9.06834E+09   1407.6  418.1  0.371 13.250  4.601   1541.2  9.52276E+42 -2.11241E+43    0.000
  58 2.20951E+07  27.243 9.05895E+09   1401.4  416.0  0.372 13.251  4.600   1544.4  9.51105E+42 -2.11370E+43    0.000
  59 2.27265E+07  27.231 9.04677E+09   1393.3  413.4  0.373 13.252  4.599   1548.6  9.49575E+42 -2.11537E+43    0.000
  60 2.35683E+07  27.216 9.03110E+09   1382.9  410.2  0.375 13.254  4.597   1554.0  9.47586E+42 -2.11753E+43    0.000
  61 2.46908E+07  27.197 9.01105E+09   1369.7  406.1  0.377 13.256  4.595   1560.9  9.45008E+42 -2.12029E+43    0.000
  62 2.61874E+07  27.173 8.98575E+09   1352.9  401.2  0.379 13.259  4.592   1569.7  9.41708E+42 -2.12377E+43    0.000
  63 2.81829E+07  27.144 8.95422E+09   1331.9  395.2  0.383 13.263  4.588   1580.8  9.37523E+42 -2.12813E+43    0.000
  64 3.08436E+07  27.109 8.91545E+09   1306.0  388.0  0.386 13.268  4.584   1594.6  9.32275E+42 -2.13350E+43    0.000
  65 3.26230E+07  27.087 8.89130E+09   1289.9  383.8  0.389 13.270  4.581   1603.2  9.28955E+42 -2.13685E+43    0.000
  66 3.49956E+07  27.060 8.86100E+09   1269.7  378.5  0.392 13.274  4.577   1614.2  9.24743E+42 -2.14107E+43    0.000
  67 3.81590E+07  27.028 8.82353E+09   1244.6  372.3  0.396 13.278  4.573   1628.0  9.19467E+42 -2.14632E+43    0.000
  68 4.10000E+07  27.001 8.79233E+09   1223.7  367.2  0.399 13.282  4.569   1639.5  9.15043E+42 -2.15072E+43    0.000
  69 4.47880E+07  26.968 8.75366E+09   1197.9  361.1  0.403 13.287  4.564   1654.0  9.09517E+42 -2.15622E+43    0.000
  70 4.98386E+07  26.927 8.70662E+09   1166.5  353.7  0.408 13.293  4.557   1672.0  9.02819E+42 -2.16300E+43    0.000
  71 5.65728E+07  26.877 8.65031E+09   1129.1  344.8  0.414 13.300  4.550   1693.8  8.95006E+42 -2.17132E+43    0.000
  72 6.10000E+07  26.846 8.61650E+09   1106.9  339.4  0.417 13.304  4.545   1707.1  8.90537E+42 -2.17643E+43    0.000
  73 6.69029E+07  26.808 8.57466E+09   1079.8  332.8  0.421 13.309  4.539   1723.8  8.85296E+42 -2.18291E+43    0.000
  74 7.47735E+07  26.761 8.52405E+09   1047.3  324.9  0.426 13.316  4.532   1744.4  8.79282E+42 -2.19092E+43    0.000
  75 8.10000E+07  26.727 8.48755E+09   1024.1  319.3  0.430 13.320  4.527   1759.4  8.75097E+42 -2.19678E+43    0.000
  76 8.93020E+07  26.685 8.44316E+09    996.0  312.4  0.434 13.326  4.521   1777.9  8.70123E+42 -2.20399E+43    0.000
  77 1.00371E+08  26.634 8.39028E+09    962.7  304.3  0.439 13.332  4.512   1800.4  8.64209E+42 -2.21266E+43    0.000
  78 1.01000E+08  26.631 8.38747E+09    961.0  303.9  0.439 13.333  4.512   1801.6  8.63885E+42 -2.21311E+43    0.000
  79 1.01838E+08  26.627 8.38376E+09    958.6  303.3  0.440 13.333  4.511   1803.2  8.63464E+42 -2.21372E+43    0.000
  80 1.02956E+08  26.622 8.37886E+09    955.5  302.6  0.440 13.334  4.511   1805.3  8.62907E+42 -2.21452E+43    0.000
  81 1.04446E+08  26.616 8.37244E+09    951.5  301.6  0.441 13.335  4.509   1808.1  8.62173E+42 -2.21558E+43    0.000
  82 1.06433E+08  26.608 8.36403E+09    946.2  300.3  0.441 13.336  4.508   1811.7  8.61206E+42 -2.21696E+43    0.000
  83 1.09082E+08  26.597 8.35309E+09    939.3  298.6  0.442 13.337  4.506   1816.5  8.59935E+42 -2.21876E+43    0.000
  84 1.12615E+08  26.582 8.33899E+09    930.4  296.4  0.444 13.339  4.504   1822.6  8.58275E+42 -2.22108E+43    0.000
  85 1.17324E+08  26.564 8.32100E+09    918.9  293.6  0.445 13.341  4.501   1830.5  8.56113E+42 -2.22404E+43    0.000
  86 1.23604E+08  26.540 8.29830E+09    904.5  290.0  0.447 13.344  4.497   1840.6  8.53304E+42 -2.22778E+43    0.000
  87 1.31977E+08  26.510 8.27017E+09    886.6  285.5  0.450 13.347  4.491   1853.1  8.49689E+42 -2.23241E+43    0.000
  88 1.43141E+08  26.473 8.23594E+09    864.6  280.0  0.453 13.352  4.485   1868.5  8.45100E+42 -2.23806E+43    0.000
  89 1.58026E+08  26.427 8.19481E+09    838.2  273.3  0.458 13.357  4.476   1887.3  8.39476E+42 -2.24492E+43    0.000
  90 1.77873E+08  26.371 8.14598E+09    807.4  265.5  0.463 13.363  4.466   1910.0  8.33020E+42 -2.25328E+43    0.000
  91 2.01000E+08  26.313 8.09563E+09    776.2  257.6  0.468 13.370  4.454   1933.9  8.26805E+42 -2.26217E+43    0.000
  92 2.31837E+08  26.244 8.03716E+09    740.8  248.5  0.474 13.378  4.441   1962.1  8.20098E+42 -2.27282E+43    0.000
  93 2.72952E+08  26.163 7.97124E+09    701.8  238.2  0.482 13.388  4.425   1994.7  8.12817E+42 -2.28501E+43    0.000
  94 3.17230E+08  26.088 7.91206E+09    667.3  228.9  0.488 13.396  4.410   2024.6  8.06230E+42 -2.29610E+43    0.000
  95 3.76267E+08  26.001 7.84671E+09    629.9  218.6  0.495 13.405  4.393   2058.5  7.98886E+42 -2.30839E+43    0.000
  96 4.01000E+08  25.968 7.82281E+09    616.4  214.9  0.497 13.408  4.387   2071.1  7.96234E+42 -2.31291E+43    0.000
  97 4.33977E+08  25.928 7.79352E+09    600.0  210.3  0.501 13.412  4.379   2086.7  7.93019E+42 -2.31848E+43    0.000
  98 4.77947E+08  25.877 7.75835E+09    580.5  204.8  0.504 13.417  4.369   2105.7  7.89194E+42 -2.32522E+43    0.000
  99 5.36573E+08  25.817 7.71721E+09    557.9  198.3  0.509 13.423  4.357   2128.2  7.84738E+42 -2.33316E+43    0.000
 100 6.01000E+08  25.756 7.67804E+09    536.6  191.9  0.513 13.428  4.345   2150.0  7.80457E+42 -2.34079E+43    0.000
 101 6.86903E+08  25.683 7.63336E+09    512.5  184.6  0.518 13.435  4.331   2175.2  7.75591E+42 -2.34965E+43    0.000
 102 8.01000E+08  25.600 7.58360E+09    486.2  176.5  0.523 13.442  4.315   2203.8  7.70497E+42 -2.35977E+43    0.000
 103 9.53130E+08  25.504 7.52958E+09    458.2  167.7  0.530 13.450  4.296   2235.6  7.65368E+42 -2.37111E+43    0.000
 104 1.00100E+09  25.478 7.51485E+09    450.6  165.3  0.531 13.452  4.291   2244.3  7.63997E+42 -2.37425E+43    0.000
 105 1.06483E+09  25.444 7.49663E+09    441.2  162.3  0.533 13.455  4.284   2255.3  7.62287E+42 -2.37814E+43    0.000
 106 1.14993E+09  25.402 7.47453E+09    429.8  158.6  0.536 13.458  4.276   2268.6  7.60165E+42 -2.38287E+43    0.000
 107 1.26340E+09  25.350 7.44840E+09    416.3  154.3  0.539 13.462  4.266   2284.6  7.57534E+42 -2.38847E+43    0.000
 108 1.41469E+09  25.288 7.41827E+09    400.7  149.2  0.542 13.467  4.254   2303.2  7.54306E+42 -2.39490E+43    0.000
 109 1.61642E+09  25.215 7.38424E+09    383.0  143.3  0.546 13.472  4.240   2324.4  7.50544E+42 -2.40221E+43    0.000
 110 1.88538E+09  25.130 7.34645E+09    363.6  136.9  0.551 13.477  4.224   2348.4  7.46481E+42 -2.41048E+43    0.000
 111 2.00100E+09  25.097 7.33218E+09    356.4  134.4  0.552 13.480  4.218   2357.6  7.45012E+42 -2.41361E+43    0.000
 112 2.15516E+09  25.056 7.31461E+09    347.7  131.4  0.554 13.482  4.210   2368.9  7.43311E+42 -2.41758E+43    0.000
 113 2.36070E+09  25.006 7.29336E+09    337.2  127.9  0.557 13.486  4.200   2382.7  7.41418E+42 -2.42248E+43    0.000
 114 2.63476E+09  24.945 7.26810E+09    325.0  123.7  0.560 13.490  4.189   2399.3  7.39441E+42 -2.42849E+43    0.000
 115 3.00018E+09  24.873 7.23864E+09    311.2  118.9  0.564 13.495  4.175   2418.9  7.37616E+42 -2.43577E+43    0.000
 116 3.16330E+09  24.844 7.22675E+09    305.8  117.0  0.565 13.497  4.170   2426.8  7.37014E+42 -2.43875E+43    0.000
 117 3.38080E+09  24.807 7.21194E+09    299.1  114.7  0.567 13.499  4.163   2436.8  7.36382E+42 -2.44257E+43    0.000
 118 3.67079E+09  24.761 7.19381E+09    291.0  111.9  0.570 13.503  4.155   2449.1  7.35759E+42 -2.44734E+43    0.000
 119 4.00100E+09  24.714 7.17510E+09    282.8  109.0  0.572 13.506  4.146   2461.9  7.35265E+42 -2.45234E+43    0.000
 120 4.44127E+09  24.656 7.15286E+09    273.2  105.6  0.575 13.510  4.136   2477.2  7.34843E+42 -2.45840E+43    0.000
 121 5.02831E+09  24.587 7.12712E+09    262.2  101.6  0.578 13.515  4.123   2495.2  7.34515E+42 -2.46553E+43    0.000
 122 5.81102E+09  24.506 7.09821E+09    250.0   97.2  0.582 13.521  4.109   2515.6  7.34262E+42 -2.47364E+43    0.000
 123 6.00100E+09  24.489 7.09194E+09    247.3   96.3  0.583 13.522  4.106   2520.0  7.34202E+42 -2.47536E+43    0.000
 124 6.25431E+09  24.466 7.08397E+09    244.0   95.1  0.584 13.523  4.101   2525.7  7.34147E+42 -2.47761E+43    0.000
 125 6.59206E+09  24.436 7.07398E+09    239.8   93.6  0.585 13.525  4.096   2532.8  7.34081E+42 -2.48044E+43    0.000
 126 7.04240E+09  24.400 7.06166E+09    234.6   91.7  0.587 13.528  4.089   2541.6  7.34003E+42 -2.48394E+43    0.000
 127 7.64284E+09  24.354 7.04675E+09    228.4   89.4  0.589 13.531  4.081   2552.4  7.33909E+42 -2.48818E+43    0.000
 128 8.00100E+09  24.329 7.03857E+09    225.0   88.2  0.590 13.532  4.076   2558.3  7.33851E+42 -2.49051E+43    0.000
 129 8.47855E+09  24.297 7.02839E+09    220.7   86.6  0.592 13.534  4.070   2565.8  7.33774E+42 -2.49341E+43    0.000
 130 9.11528E+09  24.256 7.01596E+09    215.5   84.7  0.593 13.537  4.063   2574.9  7.33667E+42 -2.49695E+43    0.000
 131 9.96425E+09  24.207 7.00110E+09    209.3   82.4  0.596 13.540  4.054   2585.8  7.33506E+42 -2.50118E+43    0.000
 132 1.00010E+10  24.205 7.00049E+09    209.1   82.3  0.596 13.540  4.053   2586.2  7.33496E+42 -2.50134E+43    0.000
 133 1.00500E+10  24.202 6.99969E+09    208.7   82.2  0.596 13.540  4.053   2586.8  7.33486E+42 -2.50157E+43    0.000
 134 1.01153E+10  24.199 6.99863E+09    208.3   82.0  0.596 13.540  4.052   2587.6  7.33472E+42 -2.50187E+43    0.000
 135 1.02024E+10  24.194 6.99724E+09    207.7   81.8  0.596 13.540  4.051   2588.7  7.33454E+42 -2.50227E+43    0.000
 136 1.03186E+10  24.188 6.99540E+09    206.9   81.5  0.596 13.541  4.050   2590.0  7.33429E+42 -2.50279E+43    0.000
 137 1.04735E+10  24.179 6.99299E+09    205.9   81.2  0.597 13.541  4.049   2591.8  7.33395E+42 -2.50347E+43    0.000
 138 1.06800E+10  24.168 6.98986E+09    204.6   80.7  0.597 13.542  4.047   2594.1  7.33348E+42 -2.50436E+43    0.000
 139 1.09553E+10  24.154 6.98581E+09    202.9   80.0  0.598 13.543  4.044   2597.1  7.33284E+42 -2.50550E+43    0.000
 140 1.13224E+10  24.136 6.98063E+09    200.7   79.2  0.598 13.544  4.041   2601.0  7.33195E+42 -2.50697E+43    0.000
 141 1.18118E+10  24.113 6.97407E+09    198.0   78.2  0.599 13.545  4.036   2605.9  7.33072E+42 -2.50882E+43    0.000
 142 1.24644E+10  24.083 6.96589E+09    194.5   76.9  0.600 13.546  4.031   2612.0  7.32902E+42 -2.51113E+43    0.000
 143 1.33346E+10  24.045 6.95584E+09    190.3   75.3  0.602 13.548  4.024   2619.6  7.32670E+42 -2.51396E+43    0.000
 144 1.44948E+10  23.999 6.94377E+09    185.1   73.4  0.604 13.551  4.015   2628.7  7.32358E+42 -2.51736E+43    0.000
 145 1.50010E+10  23.980 6.93891E+09    183.1   72.6  0.604 13.552  4.012   2632.4  7.32221E+42 -2.51871E+43    0.000
 146 1.56760E+10  23.955 6.93277E+09    180.5   71.7  0.605 13.553  4.007   2637.0  7.32042E+42 -2.52044E+43    0.000
 147 1.65759E+10  23.924 6.92513E+09    177.2   70.4  0.606 13.554  4.002   2642.8  7.31806E+42 -2.52258E+43    0.000
 148 1.77759E+10  23.886 6.91580E+09    173.2   68.9  0.607 13.556  3.995   2650.0  7.31501E+42 -2.52521E+43    0.000
 149 1.93758E+10  23.838 6.90463E+09    168.4   67.1  0.609 13.558  3.986   2658.6  7.31112E+42 -2.52835E+43    0.000
 150 2.00010E+10  23.820 6.90060E+09    166.7   66.4  0.610 13.559  3.983   2661.7  7.30964E+42 -2.52948E+43    0.000
