# GRAD, I(53) , J(26)
  0.39999000000000001                1           1
  0.39999000000000001                1           2
  0.39999000000000001                1           3
  0.39999000000000001                1           4
  0.39999000000000001                1           5
  0.39999000000000001                1           6
  0.39999000000000001                1           7
  0.39999000000000001                1           8
  0.39999000000000001                1           9
  0.39999000000000001                1          10
  0.39999000000000001                1          11
  0.39999000000000001                1          12
  0.39999000000000001                1          13
  0.39999000000000001                1          14
  0.39999000000000001                1          15
  0.39999000000000001                1          16
  0.39999000000000001                1          17
  0.39999000000000001                1          18
  0.39999000000000001                1          19
  0.39999000000000001                1          20
  0.39999000000000001                1          21
  0.39999000000000001                1          22
  0.39999000000000001                1          23
  0.39999000000000001                1          24
  0.39999000000000001                1          25
  0.39999000000000001                1          26
  0.39993000000000001                2           1
  0.39993000000000001                2           2
  0.39993000000000001                2           3
  0.39993000000000001                2           4
  0.39993000000000001                2           5
  0.39993000000000001                2           6
  0.39993000000000001                2           7
  0.39993000000000001                2           8
  0.39993000000000001                2           9
  0.39993000000000001                2          10
  0.39993000000000001                2          11
  0.39993000000000001                2          12
  0.39993000000000001                2          13
  0.39993000000000001                2          14
  0.39993000000000001                2          15
  0.39993000000000001                2          16
  0.39993000000000001                2          17
  0.39993000000000001                2          18
  0.39993000000000001                2          19
  0.39993000000000001                2          20
  0.39993000000000001                2          21
  0.39993000000000001                2          22
  0.39993000000000001                2          23
  0.39993000000000001                2          24
  0.39993000000000001                2          25
  0.39993000000000001                2          26
  0.39971000000000001                3           1
  0.39971000000000001                3           2
  0.39971000000000001                3           3
  0.39971000000000001                3           4
  0.39971000000000001                3           5
  0.39971000000000001                3           6
  0.39971000000000001                3           7
  0.39971000000000001                3           8
  0.39971000000000001                3           9
  0.39971000000000001                3          10
  0.39971000000000001                3          11
  0.39971000000000001                3          12
  0.39971000000000001                3          13
  0.39971000000000001                3          14
  0.39971000000000001                3          15
  0.39971000000000001                3          16
  0.39971000000000001                3          17
  0.39971000000000001                3          18
  0.39971000000000001                3          19
  0.39971000000000001                3          20
  0.39971000000000001                3          21
  0.39971000000000001                3          22
  0.39971000000000001                3          23
  0.39971000000000001                3          24
  0.39971000000000001                3          25
  0.39971000000000001                3          26
  0.39899000000000001                4           1
  0.39899000000000001                4           2
  0.39899000000000001                4           3
  0.39899000000000001                4           4
  0.39899000000000001                4           5
  0.39899000000000001                4           6
  0.39899000000000001                4           7
  0.39899000000000001                4           8
  0.39899000000000001                4           9
  0.39899000000000001                4          10
  0.39899000000000001                4          11
  0.39899000000000001                4          12
  0.39899000000000001                4          13
  0.39899000000000001                4          14
  0.39899000000000001                4          15
  0.39899000000000001                4          16
  0.39899000000000001                4          17
  0.39899000000000001                4          18
  0.39899000000000001                4          19
  0.39899000000000001                4          20
  0.39899000000000001                4          21
  0.39899000000000001                4          22
  0.39899000000000001                4          23
  0.39899000000000001                4          24
  0.39899000000000001                4          25
  0.39899000000000001                4          26
  0.39702999999999999                5           1
  0.39702999999999999                5           2
  0.39702999999999999                5           3
  0.39702999999999999                5           4
  0.39702999999999999                5           5
  0.39702999999999999                5           6
  0.39702999999999999                5           7
  0.39702999999999999                5           8
  0.39702999999999999                5           9
  0.39702999999999999                5          10
  0.39702999999999999                5          11
  0.39702999999999999                5          12
  0.39702999999999999                5          13
  0.39702999999999999                5          14
  0.39702999999999999                5          15
  0.39702999999999999                5          16
  0.39702999999999999                5          17
  0.39702999999999999                5          18
  0.39702999999999999                5          19
  0.39702999999999999                5          20
  0.39702999999999999                5          21
  0.39702999999999999                5          22
  0.39702999999999999                5          23
  0.39702999999999999                5          24
  0.39702999999999999                5          25
  0.39702999999999999                5          26
  0.39249000000000001                6           1
  0.39249000000000001                6           2
  0.39249000000000001                6           3
  0.39249000000000001                6           4
  0.39249000000000001                6           5
  0.39249000000000001                6           6
  0.39249000000000001                6           7
  0.39249000000000001                6           8
  0.39249000000000001                6           9
  0.39249000000000001                6          10
  0.39249000000000001                6          11
  0.39249000000000001                6          12
  0.39249000000000001                6          13
  0.39249000000000001                6          14
  0.39249000000000001                6          15
  0.39249000000000001                6          16
  0.39249000000000001                6          17
  0.39249000000000001                6          18
  0.39249000000000001                6          19
  0.39249000000000001                6          20
  0.39249000000000001                6          21
  0.39249000000000001                6          22
  0.39249000000000001                6          23
  0.39249000000000001                6          24
  0.39249000000000001                6          25
  0.39249000000000001                6          26
  0.38352999999999998                7           1
  0.38352999999999998                7           2
  0.38352999999999998                7           3
  0.38352999999999998                7           4
  0.38352999999999998                7           5
  0.38352999999999998                7           6
  0.38352999999999998                7           7
  0.38352999999999998                7           8
  0.38352999999999998                7           9
  0.38352999999999998                7          10
  0.38352999999999998                7          11
  0.38352999999999998                7          12
  0.38352999999999998                7          13
  0.38352999999999998                7          14
  0.38352999999999998                7          15
  0.38352999999999998                7          16
  0.38352999999999998                7          17
  0.38352999999999998                7          18
  0.38352999999999998                7          19
  0.38352999999999998                7          20
  0.38352999999999998                7          21
  0.38352999999999998                7          22
  0.38352999999999998                7          23
  0.38352999999999998                7          24
  0.38352999999999998                7          25
  0.38352999999999998                7          26
  0.36837999999999999                8           1
  0.36837999999999999                8           2
  0.36837999999999999                8           3
  0.36837999999999999                8           4
  0.36837999999999999                8           5
  0.36837999999999999                8           6
  0.36837999999999999                8           7
  0.36837999999999999                8           8
  0.36837999999999999                8           9
  0.36837999999999999                8          10
  0.36837999999999999                8          11
  0.36837999999999999                8          12
  0.36837999999999999                8          13
  0.36837999999999999                8          14
  0.36837999999999999                8          15
  0.36837999999999999                8          16
  0.36837999999999999                8          17
  0.36837999999999999                8          18
  0.36837999999999999                8          19
  0.36837999999999999                8          20
  0.36837999999999999                8          21
  0.36837999999999999                8          22
  0.36837999999999999                8          23
  0.36837999999999999                8          24
  0.36837999999999999                8          25
  0.36837999999999999                8          26
  0.34658000000000000                9           1
  0.34658000000000000                9           2
  0.34658000000000000                9           3
  0.34658000000000000                9           4
  0.34658000000000000                9           5
  0.34658000000000000                9           6
  0.34658000000000000                9           7
  0.34658000000000000                9           8
  0.34658000000000000                9           9
  0.34658000000000000                9          10
  0.34658000000000000                9          11
  0.34658000000000000                9          12
  0.34658000000000000                9          13
  0.34658000000000000                9          14
  0.34658000000000000                9          15
  0.34658000000000000                9          16
  0.34658000000000000                9          17
  0.34658000000000000                9          18
  0.34658000000000000                9          19
  0.34658000000000000                9          20
  0.34658000000000000                9          21
  0.34658000000000000                9          22
  0.34658000000000000                9          23
  0.34658000000000000                9          24
  0.34658000000000000                9          25
  0.34658000000000000                9          26
  0.31990000000000002               10           1
  0.31990000000000002               10           2
  0.31990000000000002               10           3
  0.31990000000000002               10           4
  0.31990000000000002               10           5
  0.31990000000000002               10           6
  0.31990000000000002               10           7
  0.31990000000000002               10           8
  0.31990000000000002               10           9
  0.31990000000000002               10          10
  0.31990000000000002               10          11
  0.31990000000000002               10          12
  0.31990000000000002               10          13
  0.31990000000000002               10          14
  0.31990000000000002               10          15
  0.31990000000000002               10          16
  0.31990000000000002               10          17
  0.31990000000000002               10          18
  0.31990000000000002               10          19
  0.31990000000000002               10          20
  0.31990000000000002               10          21
  0.31990000000000002               10          22
  0.31990000000000002               10          23
  0.31990000000000002               10          24
  0.31990000000000002               10          25
  0.31990000000000002               10          26
  0.29214000000000001               11           1
  0.29214000000000001               11           2
  0.29214000000000001               11           3
  0.29214000000000001               11           4
  0.29214000000000001               11           5
  0.29214000000000001               11           6
  0.29214000000000001               11           7
  0.29214000000000001               11           8
  0.29214000000000001               11           9
  0.29214000000000001               11          10
  0.29214000000000001               11          11
  0.29214000000000001               11          12
  0.29214000000000001               11          13
  0.29214000000000001               11          14
  0.29214000000000001               11          15
  0.29214000000000001               11          16
  0.29214000000000001               11          17
  0.29214000000000001               11          18
  0.29214000000000001               11          19
  0.29214000000000001               11          20
  0.29214000000000001               11          21
  0.29214000000000001               11          22
  0.29214000000000001               11          23
  0.29214000000000001               11          24
  0.29214000000000001               11          25
  0.29214000000000001               11          26
  0.26754000000000000               12           1
  0.26754000000000000               12           2
  0.26754000000000000               12           3
  0.26754000000000000               12           4
  0.26754000000000000               12           5
  0.26754000000000000               12           6
  0.26754000000000000               12           7
  0.26754000000000000               12           8
  0.26754000000000000               12           9
  0.26754000000000000               12          10
  0.26754000000000000               12          11
  0.26754000000000000               12          12
  0.26754000000000000               12          13
  0.26754000000000000               12          14
  0.26754000000000000               12          15
  0.26754000000000000               12          16
  0.26754000000000000               12          17
  0.26754000000000000               12          18
  0.26754000000000000               12          19
  0.26754000000000000               12          20
  0.26754000000000000               12          21
  0.26754000000000000               12          22
  0.26754000000000000               12          23
  0.26754000000000000               12          24
  0.26754000000000000               12          25
  0.26754000000000000               12          26
  0.24926999999999999               13           1
  0.24926999999999999               13           2
  0.24926999999999999               13           3
  0.24926999999999999               13           4
  0.24926999999999999               13           5
  0.24926999999999999               13           6
  0.24926999999999999               13           7
  0.24926999999999999               13           8
  0.24926999999999999               13           9
  0.24926999999999999               13          10
  0.24926999999999999               13          11
  0.24926999999999999               13          12
  0.24926999999999999               13          13
  0.24926999999999999               13          14
  0.24926999999999999               13          15
  0.24926999999999999               13          16
  0.24926999999999999               13          17
  0.24926999999999999               13          18
  0.24926999999999999               13          19
  0.24926999999999999               13          20
  0.24926999999999999               13          21
  0.24926999999999999               13          22
  0.24926999999999999               13          23
  0.24926999999999999               13          24
  0.24926999999999999               13          25
  0.24926999999999999               13          26
  0.23888999999999999               14           1
  0.23888999999999999               14           2
  0.23888999999999999               14           3
  0.23888999999999999               14           4
  0.23888999999999999               14           5
  0.23888999999999999               14           6
  0.23888999999999999               14           7
  0.23888999999999999               14           8
  0.23888999999999999               14           9
  0.23888999999999999               14          10
  0.23888999999999999               14          11
  0.23888999999999999               14          12
  0.23888999999999999               14          13
  0.23888999999999999               14          14
  0.23888999999999999               14          15
  0.23888999999999999               14          16
  0.23888999999999999               14          17
  0.23888999999999999               14          18
  0.23888999999999999               14          19
  0.23888999999999999               14          20
  0.23888999999999999               14          21
  0.23888999999999999               14          22
  0.23888999999999999               14          23
  0.23888999999999999               14          24
  0.23888999999999999               14          25
  0.23888999999999999               14          26
  0.23654000000000000               15           1
  0.23654000000000000               15           2
  0.23654000000000000               15           3
  0.23654000000000000               15           4
  0.23654000000000000               15           5
  0.23654000000000000               15           6
  0.23654000000000000               15           7
  0.23654000000000000               15           8
  0.23654000000000000               15           9
  0.23654000000000000               15          10
  0.23654000000000000               15          11
  0.23654000000000000               15          12
  0.23654000000000000               15          13
  0.23654000000000000               15          14
  0.23654000000000000               15          15
  0.23654000000000000               15          16
  0.23654000000000000               15          17
  0.23654000000000000               15          18
  0.23654000000000000               15          19
  0.23654000000000000               15          20
  0.23654000000000000               15          21
  0.23654000000000000               15          22
  0.23654000000000000               15          23
  0.23654000000000000               15          24
  0.23654000000000000               15          25
  0.23654000000000000               15          26
  0.24138999999999999               16           1
  0.24138999999999999               16           2
  0.24138999999999999               16           3
  0.24138999999999999               16           4
  0.24138999999999999               16           5
  0.24138999999999999               16           6
  0.24138999999999999               16           7
  0.24138999999999999               16           8
  0.24138999999999999               16           9
  0.24138999999999999               16          10
  0.24138999999999999               16          11
  0.24138999999999999               16          12
  0.24138999999999999               16          13
  0.24138999999999999               16          14
  0.24138999999999999               16          15
  0.24138999999999999               16          16
  0.24138999999999999               16          17
  0.24138999999999999               16          18
  0.24138999999999999               16          19
  0.24138999999999999               16          20
  0.24138999999999999               16          21
  0.24138999999999999               16          22
  0.24138999999999999               16          23
  0.24138999999999999               16          24
  0.24138999999999999               16          25
  0.24138999999999999               16          26
  0.25187999999999999               17           1
  0.25187999999999999               17           2
  0.25187999999999999               17           3
  0.25187999999999999               17           4
  0.25187999999999999               17           5
  0.25187999999999999               17           6
  0.25187999999999999               17           7
  0.25187999999999999               17           8
  0.25187999999999999               17           9
  0.25187999999999999               17          10
  0.25187999999999999               17          11
  0.25187999999999999               17          12
  0.25187999999999999               17          13
  0.25187999999999999               17          14
  0.25187999999999999               17          15
  0.25187999999999999               17          16
  0.25187999999999999               17          17
  0.25187999999999999               17          18
  0.25187999999999999               17          19
  0.25187999999999999               17          20
  0.25187999999999999               17          21
  0.25187999999999999               17          22
  0.25187999999999999               17          23
  0.25187999999999999               17          24
  0.25187999999999999               17          25
  0.25187999999999999               17          26
  0.26597999999999999               18           1
  0.26597999999999999               18           2
  0.26597999999999999               18           3
  0.26597999999999999               18           4
  0.26597999999999999               18           5
  0.26597999999999999               18           6
  0.26597999999999999               18           7
  0.26597999999999999               18           8
  0.26597999999999999               18           9
  0.26597999999999999               18          10
  0.26597999999999999               18          11
  0.26597999999999999               18          12
  0.26597999999999999               18          13
  0.26597999999999999               18          14
  0.26597999999999999               18          15
  0.26597999999999999               18          16
  0.26597999999999999               18          17
  0.26597999999999999               18          18
  0.26597999999999999               18          19
  0.26597999999999999               18          20
  0.26597999999999999               18          21
  0.26597999999999999               18          22
  0.26597999999999999               18          23
  0.26597999999999999               18          24
  0.26597999999999999               18          25
  0.26597999999999999               18          26
  0.28144000000000002               19           1
  0.28144000000000002               19           2
  0.28144000000000002               19           3
  0.28144000000000002               19           4
  0.28144000000000002               19           5
  0.28144000000000002               19           6
  0.28144000000000002               19           7
  0.28144000000000002               19           8
  0.28144000000000002               19           9
  0.28144000000000002               19          10
  0.28144000000000002               19          11
  0.28144000000000002               19          12
  0.28144000000000002               19          13
  0.28144000000000002               19          14
  0.28144000000000002               19          15
  0.28144000000000002               19          16
  0.28144000000000002               19          17
  0.28144000000000002               19          18
  0.28144000000000002               19          19
  0.28144000000000002               19          20
  0.28144000000000002               19          21
  0.28144000000000002               19          22
  0.28144000000000002               19          23
  0.28144000000000002               19          24
  0.28144000000000002               19          25
  0.28144000000000002               19          26
  0.29620000000000002               20           1
  0.29620000000000002               20           2
  0.29620000000000002               20           3
  0.29620000000000002               20           4
  0.29620000000000002               20           5
  0.29620000000000002               20           6
  0.29620000000000002               20           7
  0.29620000000000002               20           8
  0.29620000000000002               20           9
  0.29620000000000002               20          10
  0.29620000000000002               20          11
  0.29620000000000002               20          12
  0.29620000000000002               20          13
  0.29620000000000002               20          14
  0.29620000000000002               20          15
  0.29620000000000002               20          16
  0.29620000000000002               20          17
  0.29620000000000002               20          18
  0.29620000000000002               20          19
  0.29620000000000002               20          20
  0.29620000000000002               20          21
  0.29620000000000002               20          22
  0.29620000000000002               20          23
  0.29620000000000002               20          24
  0.29620000000000002               20          25
  0.29620000000000002               20          26
  0.30864999999999998               21           1
  0.30864999999999998               21           2
  0.30864999999999998               21           3
  0.30864999999999998               21           4
  0.30864999999999998               21           5
  0.30864999999999998               21           6
  0.30864999999999998               21           7
  0.30864999999999998               21           8
  0.30864999999999998               21           9
  0.30864999999999998               21          10
  0.30864999999999998               21          11
  0.30864999999999998               21          12
  0.30864999999999998               21          13
  0.30864999999999998               21          14
  0.30864999999999998               21          15
  0.30864999999999998               21          16
  0.30864999999999998               21          17
  0.30864999999999998               21          18
  0.30864999999999998               21          19
  0.30864999999999998               21          20
  0.30864999999999998               21          21
  0.30864999999999998               21          22
  0.30864999999999998               21          23
  0.30864999999999998               21          24
  0.30864999999999998               21          25
  0.30864999999999998               21          26
  0.31779000000000002               22           1
  0.31779000000000002               22           2
  0.31779000000000002               22           3
  0.31779000000000002               22           4
  0.31779000000000002               22           5
  0.31779000000000002               22           6
  0.31779000000000002               22           7
  0.31779000000000002               22           8
  0.31779000000000002               22           9
  0.31779000000000002               22          10
  0.31779000000000002               22          11
  0.31779000000000002               22          12
  0.31779000000000002               22          13
  0.31779000000000002               22          14
  0.31779000000000002               22          15
  0.31779000000000002               22          16
  0.31779000000000002               22          17
  0.31779000000000002               22          18
  0.31779000000000002               22          19
  0.31779000000000002               22          20
  0.31779000000000002               22          21
  0.31779000000000002               22          22
  0.31779000000000002               22          23
  0.31779000000000002               22          24
  0.31779000000000002               22          25
  0.31779000000000002               22          26
  0.32318999999999998               23           1
  0.32318999999999998               23           2
  0.32318999999999998               23           3
  0.32318999999999998               23           4
  0.32318999999999998               23           5
  0.32318999999999998               23           6
  0.32318999999999998               23           7
  0.32318999999999998               23           8
  0.32318999999999998               23           9
  0.32318999999999998               23          10
  0.32318999999999998               23          11
  0.32318999999999998               23          12
  0.32318999999999998               23          13
  0.32318999999999998               23          14
  0.32318999999999998               23          15
  0.32318999999999998               23          16
  0.32318999999999998               23          17
  0.32318999999999998               23          18
  0.32318999999999998               23          19
  0.32318999999999998               23          20
  0.32318999999999998               23          21
  0.32318999999999998               23          22
  0.32318999999999998               23          23
  0.32318999999999998               23          24
  0.32318999999999998               23          25
  0.32318999999999998               23          26
  0.32496000000000003               24           1
  0.32496000000000003               24           2
  0.32496000000000003               24           3
  0.32496000000000003               24           4
  0.32496000000000003               24           5
  0.32496000000000003               24           6
  0.32496000000000003               24           7
  0.32496000000000003               24           8
  0.32496000000000003               24           9
  0.32496000000000003               24          10
  0.32496000000000003               24          11
  0.32496000000000003               24          12
  0.32496000000000003               24          13
  0.32496000000000003               24          14
  0.32496000000000003               24          15
  0.32496000000000003               24          16
  0.32496000000000003               24          17
  0.32496000000000003               24          18
  0.32496000000000003               24          19
  0.32496000000000003               24          20
  0.32496000000000003               24          21
  0.32496000000000003               24          22
  0.32496000000000003               24          23
  0.32496000000000003               24          24
  0.32496000000000003               24          25
  0.32496000000000003               24          26
  0.32362999999999997               25           1
  0.32362999999999997               25           2
  0.32362999999999997               25           3
  0.32362999999999997               25           4
  0.32362999999999997               25           5
  0.32362999999999997               25           6
  0.32362999999999997               25           7
  0.32362999999999997               25           8
  0.32362999999999997               25           9
  0.32362999999999997               25          10
  0.32362999999999997               25          11
  0.32362999999999997               25          12
  0.32362999999999997               25          13
  0.32362999999999997               25          14
  0.32362999999999997               25          15
  0.32362999999999997               25          16
  0.32362999999999997               25          17
  0.32362999999999997               25          18
  0.32362999999999997               25          19
  0.32362999999999997               25          20
  0.32362999999999997               25          21
  0.32362999999999997               25          22
  0.32362999999999997               25          23
  0.32362999999999997               25          24
  0.32362999999999997               25          25
  0.32362999999999997               25          26
  0.32012000000000002               26           1
  0.32012000000000002               26           2
  0.32012000000000002               26           3
  0.32012000000000002               26           4
  0.32012000000000002               26           5
  0.32012000000000002               26           6
  0.32012000000000002               26           7
  0.32012000000000002               26           8
  0.32012000000000002               26           9
  0.32012000000000002               26          10
  0.32012000000000002               26          11
  0.32012000000000002               26          12
  0.32012000000000002               26          13
  0.32012000000000002               26          14
  0.32012000000000002               26          15
  0.32012000000000002               26          16
  0.32012000000000002               26          17
  0.32012000000000002               26          18
  0.32012000000000002               26          19
  0.32012000000000002               26          20
  0.32012000000000002               26          21
  0.32012000000000002               26          22
  0.32012000000000002               26          23
  0.32012000000000002               26          24
  0.32012000000000002               26          25
  0.32012000000000002               26          26
  0.31546999999999997               27           1
  0.31546999999999997               27           2
  0.31546999999999997               27           3
  0.31546999999999997               27           4
  0.31546999999999997               27           5
  0.31546999999999997               27           6
  0.31546999999999997               27           7
  0.31546999999999997               27           8
  0.31546999999999997               27           9
  0.31546999999999997               27          10
  0.31546999999999997               27          11
  0.31546999999999997               27          12
  0.31546999999999997               27          13
  0.31546999999999997               27          14
  0.31546999999999997               27          15
  0.31546999999999997               27          16
  0.31546999999999997               27          17
  0.31546999999999997               27          18
  0.31546999999999997               27          19
  0.31546999999999997               27          20
  0.31546999999999997               27          21
  0.31546999999999997               27          22
  0.31546999999999997               27          23
  0.31546999999999997               27          24
  0.31546999999999997               27          25
  0.31546999999999997               27          26
  0.31069000000000002               28           1
  0.31069000000000002               28           2
  0.31069000000000002               28           3
  0.31069000000000002               28           4
  0.31069000000000002               28           5
  0.31069000000000002               28           6
  0.31069000000000002               28           7
  0.31069000000000002               28           8
  0.31069000000000002               28           9
  0.31069000000000002               28          10
  0.31069000000000002               28          11
  0.31069000000000002               28          12
  0.31069000000000002               28          13
  0.31069000000000002               28          14
  0.31069000000000002               28          15
  0.31069000000000002               28          16
  0.31069000000000002               28          17
  0.31069000000000002               28          18
  0.31069000000000002               28          19
  0.31069000000000002               28          20
  0.31069000000000002               28          21
  0.31069000000000002               28          22
  0.31069000000000002               28          23
  0.31069000000000002               28          24
  0.31069000000000002               28          25
  0.31069000000000002               28          26
  0.30648999999999998               29           1
  0.30648999999999998               29           2
  0.30648999999999998               29           3
  0.30648999999999998               29           4
  0.30648999999999998               29           5
  0.30648999999999998               29           6
  0.30648999999999998               29           7
  0.30648999999999998               29           8
  0.30648999999999998               29           9
  0.30648999999999998               29          10
  0.30648999999999998               29          11
  0.30648999999999998               29          12
  0.30648999999999998               29          13
  0.30648999999999998               29          14
  0.30648999999999998               29          15
  0.30648999999999998               29          16
  0.30648999999999998               29          17
  0.30648999999999998               29          18
  0.30648999999999998               29          19
  0.30648999999999998               29          20
  0.30648999999999998               29          21
  0.30648999999999998               29          22
  0.30648999999999998               29          23
  0.30648999999999998               29          24
  0.30648999999999998               29          25
  0.30648999999999998               29          26
  0.30326999999999998               30           1
  0.30326999999999998               30           2
  0.30326999999999998               30           3
  0.30326999999999998               30           4
  0.30326999999999998               30           5
  0.30326999999999998               30           6
  0.30326999999999998               30           7
  0.30326999999999998               30           8
  0.30326999999999998               30           9
  0.30326999999999998               30          10
  0.30326999999999998               30          11
  0.30326999999999998               30          12
  0.30326999999999998               30          13
  0.30326999999999998               30          14
  0.30326999999999998               30          15
  0.30326999999999998               30          16
  0.30326999999999998               30          17
  0.30326999999999998               30          18
  0.30326999999999998               30          19
  0.30326999999999998               30          20
  0.30326999999999998               30          21
  0.30326999999999998               30          22
  0.30326999999999998               30          23
  0.30326999999999998               30          24
  0.30326999999999998               30          25
  0.30326999999999998               30          26
  0.30107000000000000               31           1
  0.30107000000000000               31           2
  0.30107000000000000               31           3
  0.30107000000000000               31           4
  0.30107000000000000               31           5
  0.30107000000000000               31           6
  0.30107000000000000               31           7
  0.30107000000000000               31           8
  0.30107000000000000               31           9
  0.30107000000000000               31          10
  0.30107000000000000               31          11
  0.30107000000000000               31          12
  0.30107000000000000               31          13
  0.30107000000000000               31          14
  0.30107000000000000               31          15
  0.30107000000000000               31          16
  0.30107000000000000               31          17
  0.30107000000000000               31          18
  0.30107000000000000               31          19
  0.30107000000000000               31          20
  0.30107000000000000               31          21
  0.30107000000000000               31          22
  0.30107000000000000               31          23
  0.30107000000000000               31          24
  0.30107000000000000               31          25
  0.30107000000000000               31          26
  0.29970999999999998               32           1
  0.29970999999999998               32           2
  0.29970999999999998               32           3
  0.29970999999999998               32           4
  0.29970999999999998               32           5
  0.29970999999999998               32           6
  0.29970999999999998               32           7
  0.29970999999999998               32           8
  0.29970999999999998               32           9
  0.29970999999999998               32          10
  0.29970999999999998               32          11
  0.29970999999999998               32          12
  0.29970999999999998               32          13
  0.29970999999999998               32          14
  0.29970999999999998               32          15
  0.29970999999999998               32          16
  0.29970999999999998               32          17
  0.29970999999999998               32          18
  0.29970999999999998               32          19
  0.29970999999999998               32          20
  0.29970999999999998               32          21
  0.29970999999999998               32          22
  0.29970999999999998               32          23
  0.29970999999999998               32          24
  0.29970999999999998               32          25
  0.29970999999999998               32          26
  0.29893999999999998               33           1
  0.29893999999999998               33           2
  0.29893999999999998               33           3
  0.29893999999999998               33           4
  0.29893999999999998               33           5
  0.29893999999999998               33           6
  0.29893999999999998               33           7
  0.29893999999999998               33           8
  0.29893999999999998               33           9
  0.29893999999999998               33          10
  0.29893999999999998               33          11
  0.29893999999999998               33          12
  0.29893999999999998               33          13
  0.29893999999999998               33          14
  0.29893999999999998               33          15
  0.29893999999999998               33          16
  0.29893999999999998               33          17
  0.29893999999999998               33          18
  0.29893999999999998               33          19
  0.29893999999999998               33          20
  0.29893999999999998               33          21
  0.29893999999999998               33          22
  0.29893999999999998               33          23
  0.29893999999999998               33          24
  0.29893999999999998               33          25
  0.29893999999999998               33          26
  0.29849999999999999               34           1
  0.29849999999999999               34           2
  0.29849999999999999               34           3
  0.29849999999999999               34           4
  0.29849999999999999               34           5
  0.29849999999999999               34           6
  0.29849999999999999               34           7
  0.29849999999999999               34           8
  0.29849999999999999               34           9
  0.29849999999999999               34          10
  0.29849999999999999               34          11
  0.29849999999999999               34          12
  0.29849999999999999               34          13
  0.29849999999999999               34          14
  0.29849999999999999               34          15
  0.29849999999999999               34          16
  0.29849999999999999               34          17
  0.29849999999999999               34          18
  0.29849999999999999               34          19
  0.29849999999999999               34          20
  0.29849999999999999               34          21
  0.29849999999999999               34          22
  0.29849999999999999               34          23
  0.29849999999999999               34          24
  0.29849999999999999               34          25
  0.29849999999999999               34          26
  0.29816999999999999               35           1
  0.29816999999999999               35           2
  0.29816999999999999               35           3
  0.29816999999999999               35           4
  0.29816999999999999               35           5
  0.29816999999999999               35           6
  0.29816999999999999               35           7
  0.29816999999999999               35           8
  0.29816999999999999               35           9
  0.29816999999999999               35          10
  0.29816999999999999               35          11
  0.29816999999999999               35          12
  0.29816999999999999               35          13
  0.29816999999999999               35          14
  0.29816999999999999               35          15
  0.29816999999999999               35          16
  0.29816999999999999               35          17
  0.29816999999999999               35          18
  0.29816999999999999               35          19
  0.29816999999999999               35          20
  0.29816999999999999               35          21
  0.29816999999999999               35          22
  0.29816999999999999               35          23
  0.29816999999999999               35          24
  0.29816999999999999               35          25
  0.29816999999999999               35          26
  0.29780000000000001               36           1
  0.29780000000000001               36           2
  0.29780000000000001               36           3
  0.29780000000000001               36           4
  0.29780000000000001               36           5
  0.29780000000000001               36           6
  0.29780000000000001               36           7
  0.29780000000000001               36           8
  0.29780000000000001               36           9
  0.29780000000000001               36          10
  0.29780000000000001               36          11
  0.29780000000000001               36          12
  0.29780000000000001               36          13
  0.29780000000000001               36          14
  0.29780000000000001               36          15
  0.29780000000000001               36          16
  0.29780000000000001               36          17
  0.29780000000000001               36          18
  0.29780000000000001               36          19
  0.29780000000000001               36          20
  0.29780000000000001               36          21
  0.29780000000000001               36          22
  0.29780000000000001               36          23
  0.29780000000000001               36          24
  0.29780000000000001               36          25
  0.29780000000000001               36          26
  0.29725000000000001               37           1
  0.29725000000000001               37           2
  0.29725000000000001               37           3
  0.29725000000000001               37           4
  0.29725000000000001               37           5
  0.29725000000000001               37           6
  0.29725000000000001               37           7
  0.29725000000000001               37           8
  0.29725000000000001               37           9
  0.29725000000000001               37          10
  0.29725000000000001               37          11
  0.29725000000000001               37          12
  0.29725000000000001               37          13
  0.29725000000000001               37          14
  0.29725000000000001               37          15
  0.29725000000000001               37          16
  0.29725000000000001               37          17
  0.29725000000000001               37          18
  0.29725000000000001               37          19
  0.29725000000000001               37          20
  0.29725000000000001               37          21
  0.29725000000000001               37          22
  0.29725000000000001               37          23
  0.29725000000000001               37          24
  0.29725000000000001               37          25
  0.29725000000000001               37          26
  0.29633999999999999               38           1
  0.29633999999999999               38           2
  0.29633999999999999               38           3
  0.29633999999999999               38           4
  0.29633999999999999               38           5
  0.29633999999999999               38           6
  0.29633999999999999               38           7
  0.29633999999999999               38           8
  0.29633999999999999               38           9
  0.29633999999999999               38          10
  0.29633999999999999               38          11
  0.29633999999999999               38          12
  0.29633999999999999               38          13
  0.29633999999999999               38          14
  0.29633999999999999               38          15
  0.29633999999999999               38          16
  0.29633999999999999               38          17
  0.29633999999999999               38          18
  0.29633999999999999               38          19
  0.29633999999999999               38          20
  0.29633999999999999               38          21
  0.29633999999999999               38          22
  0.29633999999999999               38          23
  0.29633999999999999               38          24
  0.29633999999999999               38          25
  0.29633999999999999               38          26
  0.29487999999999998               39           1
  0.29487999999999998               39           2
  0.29487999999999998               39           3
  0.29487999999999998               39           4
  0.29487999999999998               39           5
  0.29487999999999998               39           6
  0.29487999999999998               39           7
  0.29487999999999998               39           8
  0.29487999999999998               39           9
  0.29487999999999998               39          10
  0.29487999999999998               39          11
  0.29487999999999998               39          12
  0.29487999999999998               39          13
  0.29487999999999998               39          14
  0.29487999999999998               39          15
  0.29487999999999998               39          16
  0.29487999999999998               39          17
  0.29487999999999998               39          18
  0.29487999999999998               39          19
  0.29487999999999998               39          20
  0.29487999999999998               39          21
  0.29487999999999998               39          22
  0.29487999999999998               39          23
  0.29487999999999998               39          24
  0.29487999999999998               39          25
  0.29487999999999998               39          26
  0.29266999999999999               40           1
  0.29266999999999999               40           2
  0.29266999999999999               40           3
  0.29266999999999999               40           4
  0.29266999999999999               40           5
  0.29266999999999999               40           6
  0.29266999999999999               40           7
  0.29266999999999999               40           8
  0.29266999999999999               40           9
  0.29266999999999999               40          10
  0.29266999999999999               40          11
  0.29266999999999999               40          12
  0.29266999999999999               40          13
  0.29266999999999999               40          14
  0.29266999999999999               40          15
  0.29266999999999999               40          16
  0.29266999999999999               40          17
  0.29266999999999999               40          18
  0.29266999999999999               40          19
  0.29266999999999999               40          20
  0.29266999999999999               40          21
  0.29266999999999999               40          22
  0.29266999999999999               40          23
  0.29266999999999999               40          24
  0.29266999999999999               40          25
  0.29266999999999999               40          26
  0.28958000000000000               41           1
  0.28958000000000000               41           2
  0.28958000000000000               41           3
  0.28958000000000000               41           4
  0.28958000000000000               41           5
  0.28958000000000000               41           6
  0.28958000000000000               41           7
  0.28958000000000000               41           8
  0.28958000000000000               41           9
  0.28958000000000000               41          10
  0.28958000000000000               41          11
  0.28958000000000000               41          12
  0.28958000000000000               41          13
  0.28958000000000000               41          14
  0.28958000000000000               41          15
  0.28958000000000000               41          16
  0.28958000000000000               41          17
  0.28958000000000000               41          18
  0.28958000000000000               41          19
  0.28958000000000000               41          20
  0.28958000000000000               41          21
  0.28958000000000000               41          22
  0.28958000000000000               41          23
  0.28958000000000000               41          24
  0.28958000000000000               41          25
  0.28958000000000000               41          26
  0.28555999999999998               42           1
  0.28555999999999998               42           2
  0.28556999999999999               42           3
  0.28556999999999999               42           4
  0.28556999999999999               42           5
  0.28556999999999999               42           6
  0.28556999999999999               42           7
  0.28556999999999999               42           8
  0.28556999999999999               42           9
  0.28556999999999999               42          10
  0.28556999999999999               42          11
  0.28558000000000000               42          12
  0.28558000000000000               42          13
  0.28558000000000000               42          14
  0.28558000000000000               42          15
  0.28558000000000000               42          16
  0.28558000000000000               42          17
  0.28558000000000000               42          18
  0.28558000000000000               42          19
  0.28558000000000000               42          20
  0.28558000000000000               42          21
  0.28558000000000000               42          22
  0.28558000000000000               42          23
  0.28558000000000000               42          24
  0.28558000000000000               42          25
  0.28558000000000000               42          26
  0.28056999999999999               43           1
  0.28061000000000003               43           2
  0.28064000000000000               43           3
  0.28066000000000002               43           4
  0.28067999999999999               43           5
  0.28069000000000000               43           6
  0.28070000000000001               43           7
  0.28071000000000002               43           8
  0.28072000000000003               43           9
  0.28072000000000003               43          10
  0.28072999999999998               43          11
  0.28072999999999998               43          12
  0.28072999999999998               43          13
  0.28073999999999999               43          14
  0.28073999999999999               43          15
  0.28073999999999999               43          16
  0.28073999999999999               43          17
  0.28073999999999999               43          18
  0.28073999999999999               43          19
  0.28073999999999999               43          20
  0.28073999999999999               43          21
  0.28073999999999999               43          22
  0.28073999999999999               43          23
  0.28073999999999999               43          24
  0.28073999999999999               43          25
  0.28073999999999999               43          26
  0.27395999999999998               44           1
  0.27422999999999997               44           2
  0.27444000000000002               44           3
  0.27461000000000002               44           4
  0.27473999999999998               44           5
  0.27484999999999998               44           6
  0.27494000000000002               44           7
  0.27500000000000002               44           8
  0.27506000000000003               44           9
  0.27510000000000001               44          10
  0.27512999999999999               44          11
  0.27516000000000002               44          12
  0.27517999999999998               44          13
  0.27520000000000000               44          14
  0.27521000000000001               44          15
  0.27522000000000002               44          16
  0.27522999999999997               44          17
  0.27523999999999998               44          18
  0.27523999999999998               44          19
  0.27524999999999999               44          20
  0.27524999999999999               44          21
  0.27524999999999999               44          22
  0.27526000000000000               44          23
  0.27526000000000000               44          24
  0.27526000000000000               44          25
  0.27526000000000000               44          26
  0.26168000000000002               45           1
  0.26322000000000001               45           2
  0.26445999999999997               45           3
  0.26545000000000002               45           4
  0.26624999999999999               45           5
  0.26688000000000001               45           6
  0.26739000000000002               45           7
  0.26778999999999997               45           8
  0.26811000000000001               45           9
  0.26837000000000000               45          10
  0.26856999999999998               45          11
  0.26873999999999998               45          12
  0.26887000000000000               45          13
  0.26896999999999999               45          14
  0.26905000000000001               45          15
  0.26912000000000003               45          16
  0.26917000000000002               45          17
  0.26921000000000000               45          18
  0.26923999999999998               45          19
  0.26927000000000001               45          20
  0.26928999999999997               45          21
  0.26929999999999998               45          22
  0.26932000000000000               45          23
  0.26933000000000001               45          24
  0.26933000000000001               45          25
  0.26934000000000002               45          26
  0.23047999999999999               46           1
  0.23643000000000000               46           2
  0.24142000000000000               46           3
  0.24556000000000000               46           4
  0.24897000000000000               46           5
  0.25175999999999998               46           6
  0.25402999999999998               46           7
  0.25586999999999999               46           8
  0.25735000000000002               46           9
  0.25853999999999999               46          10
  0.25949000000000000               46          11
  0.26024999999999998               46          12
  0.26085999999999998               46          13
  0.26135000000000003               46          14
  0.26173999999999997               46          15
  0.26205000000000001               46          16
  0.26229999999999998               46          17
  0.26249000000000000               46          18
  0.26264999999999999               46          19
  0.26277000000000000               46          20
  0.26286999999999999               46          21
  0.26295000000000002               46          22
  0.26301000000000002               46          23
  0.26306000000000002               46          24
  0.26310000000000000               46          25
  0.26312999999999998               46          26
  0.16803999999999999               47           1
  0.17985000000000001               47           2
  0.19089999999999999               47           3
  0.20100000000000001               47           4
  0.21004000000000000               47           5
  0.21797000000000000               47           6
  0.22481999999999999               47           7
  0.23064999999999999               47           8
  0.23554000000000000               47           9
  0.23960999999999999               47          10
  0.24296999999999999               47          11
  0.24571999999999999               47          12
  0.24796000000000001               47          13
  0.24976999999999999               47          14
  0.25123000000000001               47          15
  0.25240000000000001               47          16
  0.25335000000000002               47          17
  0.25409999999999999               47          18
  0.25470999999999999               47          19
  0.25518999999999997               47          20
  0.25557000000000002               47          21
  0.25588000000000000               47          22
  0.25612000000000001               47          23
  0.25631999999999999               47          24
  0.25646999999999998               47          25
  0.25658999999999998               47          26
  0.10539000000000000               48           1
  0.11566000000000000               48           2
  0.12670000000000001               48           3
  0.13829000000000000               48           4
  0.15012000000000000               48           5
  0.16189000000000001               48           6
  0.17330999999999999               48           7
  0.18409000000000000               48           8
  0.19403999999999999               48           9
  0.20301000000000000               48          10
  0.21095000000000000               48          11
  0.21784999999999999               48          12
  0.22375000000000000               48          13
  0.22872999999999999               48          14
  0.23288000000000000               48          15
  0.23632000000000000               48          16
  0.23915000000000000               48          17
  0.24145000000000000               48          18
  0.24331000000000000               48          19
  0.24482000000000001               48          20
  0.24604000000000001               48          21
  0.24701000000000001               48          22
  0.24779999999999999               48          23
  0.24842000000000000               48          24
  0.24892000000000000               48          25
  0.24932000000000001               48          26
   7.5090000000000004E-002          49           1
   8.0189999999999997E-002          49           2
   8.6249999999999993E-002          49           3
   9.3320000000000000E-002          49           4
  0.10138999999999999               49           5
  0.11043000000000000               49           6
  0.12032000000000000               49           7
  0.13089000000000001               49           8
  0.14188999999999999               49           9
  0.15304000000000001               49          10
  0.16406000000000001               49          11
  0.17466000000000001               49          12
  0.18459999999999999               49          13
  0.19370999999999999               49          14
  0.20188999999999999               49          15
  0.20907000000000001               49          16
  0.21529000000000001               49          17
  0.22058000000000000               49          18
  0.22503999999999999               49          19
  0.22875000000000001               49          20
  0.23180999999999999               49          21
  0.23430999999999999               49          22
  0.23635000000000000               49          23
  0.23801000000000000               49          24
  0.23934000000000000               49          25
  0.24041000000000001               49          26
   7.0340000000000000E-002          50           1
   7.1580000000000005E-002          50           2
   7.3620000000000005E-002          50           3
   7.6460000000000000E-002          50           4
   8.0140000000000003E-002          50           5
   8.4690000000000001E-002          50           6
   9.0179999999999996E-002          50           7
   9.6619999999999998E-002          50           8
  0.10403999999999999               50           9
  0.11237000000000000               50          10
  0.12152000000000000               50          11
  0.13131999999999999               50          12
  0.14155999999999999               50          13
  0.15196999999999999               50          14
  0.16228000000000001               50          15
  0.17222999999999999               50          16
  0.18157999999999999               50          17
  0.19017000000000001               50          18
  0.19788000000000000               50          19
  0.20468000000000000               50          20
  0.21057000000000001               50          21
  0.21559000000000000               50          22
  0.21981999999999999               50          23
  0.22334000000000001               50          24
  0.22625000000000001               50          25
  0.22864000000000001               50          26
   9.1429999999999997E-002          51           1
   8.5410000000000000E-002          51           2
   8.1879999999999994E-002          51           3
   8.0170000000000005E-002          51           4
   7.9829999999999998E-002          51           5
   8.0589999999999995E-002          51           6
   8.2309999999999994E-002          51           7
   8.4940000000000002E-002          51           8
   8.8450000000000001E-002          51           9
   9.2880000000000004E-002          51          10
   9.8229999999999998E-002          51          11
  0.10452000000000000               51          12
  0.11171000000000000               51          13
  0.11973000000000000               51          14
  0.12845999999999999               51          15
  0.13772000000000001               51          16
  0.14729000000000000               51          17
  0.15690000000000001               51          18
  0.16630000000000000               51          19
  0.17527000000000001               51          20
  0.18361000000000000               51          21
  0.19119000000000000               51          22
  0.19794000000000000               51          23
  0.20383999999999999               51          24
  0.20891000000000001               51          25
  0.21321000000000001               51          26
  0.18692000000000000               52           1
  0.15750000000000000               52           2
  0.13442999999999999               52           3
  0.11758000000000000               52           4
  0.10599000000000000               52           5
   9.8470000000000002E-002          52           6
   9.3939999999999996E-002          52           7
   9.1609999999999997E-002          52           8
   9.0929999999999997E-002          52           9
   9.1550000000000006E-002          52          10
   9.3289999999999998E-002          52          11
   9.6030000000000004E-002          52          12
   9.9729999999999999E-002          52          13
  0.10437000000000000               52          14
  0.10992000000000000               52          15
  0.11636000000000001               52          16
  0.12359000000000001               52          17
  0.13150000000000001               52          18
  0.13991999999999999               52          19
  0.14863999999999999               52          20
  0.15742000000000000               52          21
  0.16603000000000001               52          22
  0.17426000000000000               52          23
  0.18192000000000000               52          24
  0.18889000000000000               52          25
  0.19510000000000000               52          26
  0.32885999999999999               53           1
  0.30075000000000002               53           2
  0.26776000000000000               53           3
  0.23266999999999999               53           4
  0.19903000000000001               53           5
  0.16988000000000000               53           6
  0.14677000000000001               53           7
  0.12978999999999999               53           8
  0.11809000000000000               53           9
  0.11051999999999999               53          10
  0.10606000000000000               53          11
  0.10389000000000000               53          12
  0.10347000000000001               53          13
  0.10445000000000000               53          14
  0.10662000000000001               53          15
  0.10983999999999999               53          16
  0.11404000000000000               53          17
  0.11915000000000001               53          18
  0.12509999999999999               53          19
  0.13178999999999999               53          20
  0.13907000000000000               53          21
  0.14677000000000001               53          22
  0.15468000000000001               53          23
  0.16256999999999999               53          24
  0.17024000000000000               53          25
  0.17749999999999999               53          26
