3.737500000000000000e+01 1.315000000000000213e+01
5.052500000000000568e+01 1.314999999999999858e+01
6.457500000000000284e+01 1.494999999999999574e+01
7.952500000000000568e+01 1.495000000000000284e+01
9.465000000000000568e+01 1.529999999999999716e+01
1.099499999999999886e+02 1.529999999999999716e+01
1.266499999999999915e+02 1.809999999999999432e+01
1.447500000000000000e+02 1.810000000000002274e+01
1.696999999999999886e+02 3.179999999999998295e+01
2.015000000000000000e+02 3.180000000000001137e+01
2.271500000000000057e+02 1.950000000000000000e+01
2.466499999999999773e+02 1.949999999999997158e+01
2.680499999999999545e+02 2.330000000000001137e+01
2.913500000000000227e+02 2.330000000000001137e+01
3.198500000000000227e+02 3.369999999999998863e+01
3.535499999999999545e+02 3.369999999999998863e+01
3.865000000000000000e+02 3.220000000000004547e+01
4.187000000000000455e+02 3.219999999999998863e+01
4.511000000000000227e+02 3.259999999999996589e+01
4.836999999999999886e+02 3.260000000000002274e+01
5.079750000000000227e+02 1.595000000000004547e+01
5.239249999999999545e+02 1.594999999999993179e+01
5.409749999999999091e+02 1.814999999999997726e+01
5.591250000000000000e+02 1.815000000000009095e+01
5.786000000000000227e+02 2.079999999999995453e+01
5.993999999999999773e+02 2.079999999999995453e+01
6.218250000000000455e+02 2.405000000000006821e+01
6.458750000000000000e+02 2.404999999999995453e+01
6.720000000000000000e+02 2.820000000000004547e+01
7.002000000000000455e+02 2.819999999999993179e+01
7.251250000000000000e+02 2.165000000000009095e+01
7.467750000000000909e+02 2.164999999999997726e+01
7.698250000000000455e+02 2.444999999999993179e+01
7.840149999999999864e+02 3.930000000000063665e+00
7.879549999999999272e+02 3.949999999999931788e+00
7.919149999999999636e+02 3.970000000000027285e+00
7.958949999999999818e+02 3.990000000000009095e+00
7.998949999999999818e+02 4.009999999999990905e+00
8.039149999999999636e+02 4.029999999999972715e+00
8.079549999999999272e+02 4.050000000000068212e+00
8.120149999999999864e+02 4.069999999999936335e+00
8.160950000000000273e+02 4.090000000000031832e+00
8.201949999999999363e+02 4.110000000000013642e+00
8.243150000000000546e+02 4.129999999999995453e+00
8.284549999999999272e+02 4.149999999999977263e+00
8.326200000000000045e+02 4.180000000000063665e+00
8.368050000000000637e+02 4.189999999999940883e+00
8.410099999999999909e+02 4.220000000000027285e+00
8.452400000000000091e+02 4.240000000000009095e+00
8.494850000000000136e+02 4.250000000000000000e+00
8.537500000000000000e+02 4.279999999999972715e+00
8.589950000000000045e+02 6.210000000000036380e+00
8.633099999999999454e+02 2.419999999999959073e+00
8.666900000000000546e+02 4.340000000000031832e+00
8.710450000000000728e+02 4.370000000000004547e+00
8.754200000000000728e+02 4.379999999999995453e+00
8.798150000000000546e+02 4.409999999999968168e+00
8.842400000000000091e+02 4.440000000000054570e+00
8.886849999999999454e+02 4.449999999999931788e+00
8.931499999999999773e+02 4.480000000000018190e+00
8.976399999999999864e+02 4.500000000000000000e+00
9.021499999999999773e+02 4.519999999999981810e+00
9.066800000000000637e+02 4.540000000000077307e+00
9.090250000000000909e+02 1.499999999999772626e-01
9.113099999999999454e+02 4.419999999999959073e+00
9.158150000000000546e+02 4.590000000000031832e+00
9.204200000000000728e+02 4.620000000000004547e+00
9.250450000000000728e+02 4.629999999999995453e+00
9.296900000000000546e+02 4.659999999999968168e+00
9.343650000000000091e+02 4.690000000000054570e+00
9.390599999999999454e+02 4.699999999999931788e+00
9.437749999999999773e+02 4.730000000000018190e+00
9.485199999999999818e+02 4.759999999999990905e+00
9.532899999999999636e+02 4.779999999999972715e+00
9.580799999999999272e+02 4.800000000000068212e+00
9.628949999999999818e+02 4.829999999999927240e+00
9.677349999999999000e+02 4.850000000000022737e+00
9.725950000000000273e+02 4.870000000000004547e+00
9.774800000000000182e+02 4.899999999999977263e+00
9.823949999999999818e+02 4.930000000000063665e+00
9.873350000000000364e+02 4.949999999999931788e+00
9.922949999999999591e+02 4.970000000000027285e+00
9.972799999999999727e+02 5.000000000000000000e+00
1.002289999999999964e+03 5.019999999999981810e+00
1.005120000000000005e+03 6.400000000001000444e-01
1.010515000000000100e+03 1.014999999999997726e+01
1.020720000000000027e+03 1.025999999999987722e+01
1.031174999999999955e+03 1.065000000000009095e+01
1.040525000000000091e+03 8.049999999999954525e+00
1.048574999999999818e+03 8.049999999999954525e+00
1.056900000000000091e+03 8.600000000000136424e+00
1.065500000000000000e+03 8.599999999999909051e+00
1.074099999999999909e+03 8.600000000000136424e+00
1.082700000000000045e+03 8.599999999999909051e+00
1.093174999999999955e+03 1.234999999999990905e+01
1.105525000000000091e+03 1.235000000000013642e+01
1.117875000000000000e+03 1.234999999999990905e+01
1.130224999999999909e+03 1.235000000000013642e+01
1.140550000000000182e+03 8.299999999999954525e+00
1.148849999999999909e+03 8.299999999999954525e+00
1.157150000000000091e+03 8.299999999999954525e+00
1.165449999999999818e+03 8.299999999999954525e+00
1.176775000000000091e+03 1.435000000000013642e+01
1.191125000000000000e+03 1.434999999999990905e+01
1.205474999999999909e+03 1.435000000000013642e+01
1.219825000000000045e+03 1.434999999999990905e+01
1.229875000000000000e+03 5.750000000000000000e+00
1.235625000000000000e+03 5.750000000000000000e+00
1.241375000000000000e+03 5.750000000000000000e+00
1.247125000000000000e+03 5.750000000000000000e+00
1.253799999999999955e+03 7.599999999999909051e+00
1.261400000000000091e+03 7.600000000000136424e+00
1.269000000000000000e+03 7.599999999999909051e+00
1.276599999999999909e+03 7.600000000000136424e+00
1.284390000000000100e+03 7.980000000000018190e+00
1.292365000000000009e+03 7.969999999999799911e+00
1.300339999999999918e+03 7.980000000000018190e+00
1.308315000000000055e+03 7.970000000000027285e+00
1.317639999999999873e+03 1.068000000000006366e+01
1.328315000000000055e+03 1.067000000000007276e+01
1.338990000000000009e+03 1.067999999999983629e+01
1.349664999999999964e+03 1.067000000000007276e+01
1.359474999999999909e+03 8.950000000000045475e+00
1.368425000000000182e+03 8.950000000000045475e+00
1.377375000000000000e+03 8.949999999999818101e+00
1.386324999999999818e+03 8.950000000000045475e+00
1.395525000000000091e+03 9.450000000000045475e+00
1.404974999999999909e+03 9.450000000000045475e+00
1.414425000000000182e+03 9.450000000000045475e+00
1.423875000000000000e+03 9.449999999999818101e+00
1.432190000000000055e+03 7.180000000000063665e+00
1.439384999999999991e+03 7.210000000000036380e+00
1.446619999999999891e+03 7.259999999999990905e+00
1.453889999999999873e+03 7.279999999999972715e+00
1.461194999999999936e+03 7.329999999999927240e+00
1.468539999999999964e+03 7.360000000000127329e+00
1.475920000000000073e+03 7.399999999999863576e+00
1.483335000000000036e+03 7.430000000000063665e+00
1.490784999999999854e+03 7.470000000000027285e+00
1.498275000000000091e+03 7.509999999999990905e+00
1.505804999999999836e+03 7.549999999999954525e+00
1.513375000000000000e+03 7.590000000000145519e+00
1.520980000000000018e+03 7.619999999999890861e+00
1.528619999999999891e+03 7.660000000000081855e+00
1.536305000000000064e+03 7.710000000000036380e+00
1.544025000000000091e+03 7.730000000000018190e+00
1.551780000000000200e+03 7.779999999999972715e+00
1.559579999999999927e+03 7.819999999999936335e+00
1.567420000000000073e+03 7.859999999999899956e+00
1.575295000000000073e+03 7.890000000000100044e+00
1.583210000000000036e+03 7.940000000000054570e+00
1.591170000000000073e+03 7.980000000000018190e+00
1.599164999999999964e+03 8.009999999999990905e+00
1.607200000000000045e+03 8.059999999999945430e+00
1.615275000000000091e+03 8.089999999999918145e+00
1.623389999999999873e+03 8.140000000000100044e+00
1.631550000000000182e+03 8.180000000000063665e+00
1.639750000000000000e+03 8.219999999999799911e+00
1.647989999999999782e+03 8.259999999999990905e+00
1.656269999999999982e+03 8.300000000000181899e+00
1.664595000000000027e+03 8.349999999999909051e+00
1.670485000000000127e+03 3.430000000000063665e+00
1.677950000000000045e+03 1.150000000000000000e+01
1.689450000000000045e+03 1.150000000000000000e+01
1.700950000000000045e+03 1.150000000000000000e+01
1.712450000000000045e+03 1.150000000000000000e+01
1.722724999999999909e+03 9.049999999999954525e+00
1.731775000000000091e+03 9.049999999999954525e+00
1.740824999999999818e+03 9.049999999999954525e+00
1.749875000000000000e+03 9.050000000000181899e+00
1.764465000000000146e+03 2.012999999999988177e+01
1.784590000000000146e+03 2.012000000000011823e+01
1.804715000000000146e+03 2.012999999999988177e+01
1.824840000000000146e+03 2.012000000000011823e+01
1.840940000000000055e+03 1.207999999999992724e+01
1.853014999999999873e+03 1.206999999999993634e+01
1.865090000000000146e+03 1.208000000000015461e+01
1.877164999999999964e+03 1.206999999999993634e+01
1.887264999999999873e+03 8.129999999999881766e+00
1.895389999999999873e+03 8.120000000000118234e+00
1.903514999999999873e+03 8.129999999999881766e+00
1.911639999999999873e+03 8.120000000000118234e+00
1.922300000000000182e+03 1.320000000000004547e+01
1.935500000000000000e+03 1.319999999999981810e+01
1.948699999999999818e+03 1.320000000000004547e+01
1.961900000000000091e+03 1.320000000000004547e+01
1.976400000000000091e+03 1.579999999999995453e+01
1.992199999999999818e+03 1.579999999999995453e+01
2.008000000000000000e+03 1.580000000000018190e+01
2.023800000000000182e+03 1.579999999999995453e+01
2.035900000000000091e+03 8.399999999999863576e+00
2.044299999999999955e+03 8.400000000000090949e+00
2.052699999999999818e+03 8.400000000000090949e+00
2.061100000000000364e+03 8.400000000000090949e+00
2.066850000000000364e+03 3.099999999999909051e+00
2.069949999999999818e+03 3.099999999999909051e+00
2.073050000000000182e+03 3.099999999999909051e+00
2.076149999999999636e+03 3.099999999999909051e+00
2.079500000000000000e+03 3.600000000000363798e+00
2.083100000000000364e+03 3.599999999999909051e+00
2.086699999999999818e+03 3.599999999999909051e+00
2.090300000000000182e+03 3.599999999999909051e+00
2.095414999999999964e+03 6.630000000000109139e+00
2.102039999999999964e+03 6.619999999999890861e+00
2.108664999999999964e+03 6.630000000000109139e+00
2.115289999999999964e+03 6.619999999999890861e+00
2.120875000000000000e+03 4.550000000000181899e+00
2.125425000000000182e+03 4.549999999999727152e+00
2.129974999999999909e+03 4.550000000000181899e+00
2.134525000000000091e+03 4.550000000000181899e+00
2.138815000000000055e+03 4.029999999999745341e+00
2.142840000000000146e+03 4.019999999999981810e+00
2.146864999999999782e+03 4.030000000000200089e+00
2.150890000000000327e+03 4.019999999999981810e+00
2.157565000000000055e+03 9.329999999999927240e+00
2.166890000000000327e+03 9.320000000000163709e+00
2.176215000000000146e+03 9.329999999999927240e+00
2.185539999999999964e+03 9.319999999999708962e+00
2.197699999999999818e+03 1.500000000000000000e+01
2.212699999999999818e+03 1.500000000000000000e+01
2.227699999999999818e+03 1.500000000000000000e+01
2.242699999999999818e+03 1.500000000000000000e+01
2.256449999999999818e+03 1.250000000000000000e+01
2.268949999999999818e+03 1.250000000000000000e+01
2.281449999999999818e+03 1.250000000000000000e+01
2.293949999999999818e+03 1.250000000000000000e+01
2.306449999999999818e+03 1.250000000000000000e+01
2.318949999999999818e+03 1.250000000000000000e+01
2.331449999999999818e+03 1.250000000000000000e+01
2.343949999999999818e+03 1.250000000000000000e+01
2.357625000000000000e+03 1.485000000000036380e+01
2.372475000000000364e+03 1.484999999999990905e+01
2.387324999999999818e+03 1.484999999999990905e+01
2.402175000000000182e+03 1.484999999999990905e+01
2.420899999999999636e+03 2.259999999999990905e+01
2.443500000000000000e+03 2.260000000000036380e+01
2.466100000000000364e+03 2.259999999999990905e+01
2.488699999999999818e+03 2.259999999999990905e+01
2.508015000000000327e+03 1.603000000000020009e+01
2.524039999999999964e+03 1.601999999999998181e+01
2.540065000000000055e+03 1.602999999999974534e+01
2.556090000000000146e+03 1.601999999999998181e+01
2.572539999999999964e+03 1.688000000000010914e+01
2.589414999999999964e+03 1.686999999999989086e+01
2.606289999999999964e+03 1.688000000000010914e+01
2.623164999999999964e+03 1.686999999999989086e+01
2.640489999999999782e+03 1.778000000000020009e+01
2.658265000000000327e+03 1.776999999999998181e+01
2.676039999999999964e+03 1.777999999999974534e+01
2.693814999999999600e+03 1.776999999999998181e+01
2.709689999999999600e+03 1.398000000000001819e+01
2.723664999999999964e+03 1.397000000000025466e+01
2.737640000000000327e+03 1.398000000000001819e+01
2.751614999999999782e+03 1.396999999999979991e+01
2.765889999999999873e+03 1.457999999999992724e+01
2.780465000000000146e+03 1.457000000000016371e+01
2.795039999999999964e+03 1.457999999999992724e+01
2.809614999999999782e+03 1.457000000000016371e+01
2.824289999999999964e+03 1.477999999999974534e+01
2.839064999999999600e+03 1.476999999999998181e+01
2.853840000000000146e+03 1.478000000000020009e+01
2.868614999999999782e+03 1.476999999999998181e+01
2.884150000000000091e+03 1.630000000000018190e+01
2.900449999999999818e+03 1.629999999999972715e+01
2.916750000000000000e+03 1.630000000000018190e+01
2.933050000000000182e+03 1.629999999999972715e+01
2.949199999999999818e+03 1.600000000000000000e+01
2.965199999999999818e+03 1.600000000000000000e+01
2.981199999999999818e+03 1.600000000000000000e+01
2.997199999999999818e+03 1.600000000000000000e+01
3.009684999999999945e+03 8.970000000000254659e+00
3.018650000000000091e+03 8.960000000000036380e+00
3.027610000000000127e+03 8.960000000000036380e+00
3.036570000000000164e+03 8.960000000000036380e+00
3.045534999999999854e+03 8.969999999999799911e+00
3.054500000000000000e+03 8.960000000000036380e+00
3.063460000000000036e+03 8.960000000000036380e+00
3.072420000000000073e+03 8.960000000000036380e+00
3.081444999999999709e+03 9.089999999999690772e+00
3.090534999999999854e+03 9.090000000000145519e+00
3.099625000000000000e+03 9.090000000000145519e+00
3.108710000000000036e+03 9.079999999999927240e+00
3.117795000000000073e+03 9.090000000000145519e+00
3.126880000000000109e+03 9.079999999999927240e+00
3.135965000000000146e+03 9.090000000000145519e+00
3.145055000000000291e+03 9.089999999999690772e+00
3.154364999999999782e+03 9.530000000000200089e+00
3.163890000000000327e+03 9.519999999999981810e+00
3.173414999999999964e+03 9.529999999999745341e+00
3.182939999999999600e+03 9.519999999999981810e+00
3.192465000000000146e+03 9.530000000000200089e+00
3.201989999999999782e+03 9.519999999999981810e+00
3.211515000000000327e+03 9.530000000000200089e+00
3.221039999999999964e+03 9.519999999999981810e+00
3.229784999999999854e+03 7.969999999999799911e+00
3.237750000000000000e+03 7.960000000000036380e+00
3.245710000000000036e+03 7.960000000000036380e+00
3.253670000000000073e+03 7.960000000000036380e+00
3.261635000000000218e+03 7.969999999999799911e+00
3.269599999999999909e+03 7.960000000000036380e+00
3.277559999999999945e+03 7.960000000000036380e+00
3.285519999999999982e+03 7.960000000000036380e+00
3.296460000000000036e+03 1.392000000000007276e+01
3.310375000000000000e+03 1.390999999999985448e+01
3.324284999999999854e+03 1.390999999999985448e+01
3.338194999999999709e+03 1.391000000000030923e+01
3.352110000000000127e+03 1.392000000000007276e+01
3.366025000000000091e+03 1.390999999999985448e+01
3.379934999999999945e+03 1.390999999999985448e+01
3.393845000000000255e+03 1.391000000000030923e+01
3.410125000000000000e+03 1.864999999999963620e+01
3.428774999999999636e+03 1.865000000000009095e+01
3.447425000000000182e+03 1.865000000000009095e+01
3.466074999999999818e+03 1.865000000000009095e+01
3.484725000000000364e+03 1.865000000000009095e+01
3.503375000000000000e+03 1.864999999999963620e+01
3.522024999999999636e+03 1.865000000000009095e+01
3.540675000000000182e+03 1.865000000000009095e+01
3.559375000000000000e+03 1.875000000000000000e+01
3.578125000000000000e+03 1.875000000000000000e+01
3.596875000000000000e+03 1.875000000000000000e+01
3.615625000000000000e+03 1.875000000000000000e+01
3.634375000000000000e+03 1.875000000000000000e+01
3.653125000000000000e+03 1.875000000000000000e+01
3.671875000000000000e+03 1.875000000000000000e+01
3.690625000000000000e+03 1.875000000000000000e+01
3.709375000000000000e+03 1.875000000000000000e+01
3.728125000000000000e+03 1.875000000000000000e+01
3.746875000000000000e+03 1.875000000000000000e+01
3.765625000000000000e+03 1.875000000000000000e+01
3.784375000000000000e+03 1.875000000000000000e+01
3.803125000000000000e+03 1.875000000000000000e+01
3.821875000000000000e+03 1.875000000000000000e+01
3.840625000000000000e+03 1.875000000000000000e+01
3.858914999999999964e+03 1.782999999999992724e+01
3.876739999999999782e+03 1.782000000000016371e+01
3.894565000000000055e+03 1.782999999999992724e+01
3.912390000000000327e+03 1.782000000000016371e+01
3.930215000000000146e+03 1.782999999999992724e+01
3.948039999999999964e+03 1.781999999999970896e+01
3.965864999999999782e+03 1.783000000000038199e+01
3.983690000000000055e+03 1.781999999999970896e+01
4.001864999999999782e+03 1.853000000000020009e+01
4.020390000000000327e+03 1.851999999999998181e+01
4.038914999999999964e+03 1.852999999999974534e+01
4.057439999999999600e+03 1.851999999999998181e+01
4.075965000000000146e+03 1.853000000000020009e+01
4.094489999999999782e+03 1.851999999999998181e+01
4.113014999999999418e+03 1.852999999999974534e+01
4.131539999999999964e+03 1.852000000000043656e+01
4.149800000000000182e+03 1.800000000000000000e+01
4.167800000000000182e+03 1.800000000000000000e+01
4.185800000000000182e+03 1.800000000000000000e+01
4.203800000000000182e+03 1.800000000000000000e+01
4.221800000000000182e+03 1.800000000000000000e+01
4.239800000000000182e+03 1.800000000000000000e+01
4.257800000000000182e+03 1.800000000000000000e+01
4.275800000000000182e+03 1.800000000000000000e+01
4.293825000000000728e+03 1.805000000000018190e+01
4.311875000000000000e+03 1.804999999999927240e+01
4.329924999999999272e+03 1.805000000000018190e+01
4.347975000000000364e+03 1.805000000000018190e+01
4.365940000000000509e+03 1.788000000000010914e+01
4.383815000000000509e+03 1.786999999999989086e+01
4.401690000000000509e+03 1.788000000000010914e+01
4.419565000000000509e+03 1.786999999999989086e+01
4.437440000000000509e+03 1.788000000000010914e+01
4.455315000000000509e+03 1.786999999999989086e+01
4.473190000000000509e+03 1.788000000000010914e+01
4.491065000000000509e+03 1.786999999999989086e+01
4.506770000000000437e+03 1.353999999999996362e+01
4.520309999999999491e+03 1.353999999999996362e+01
4.533850000000000364e+03 1.353999999999996362e+01
4.547385000000000218e+03 1.352999999999974534e+01
4.560920000000000073e+03 1.353999999999996362e+01
4.574459999999999127e+03 1.353999999999996362e+01
4.588000000000000000e+03 1.354000000000087311e+01
4.601534999999999854e+03 1.352999999999974534e+01
4.612284999999999854e+03 7.970000000000254659e+00
4.620250000000000000e+03 7.959999999999126885e+00
4.628209999999999127e+03 7.960000000000036380e+00
4.636170000000000073e+03 7.960000000000036380e+00
4.644135000000000218e+03 7.970000000000254659e+00
4.652100000000000364e+03 7.960000000000036380e+00
4.660059999999999491e+03 7.960000000000036380e+00
4.668020000000000437e+03 7.960000000000036380e+00
4.674119999999999891e+03 4.239999999999781721e+00
4.678359999999999673e+03 4.239999999999781721e+00
4.682600000000000364e+03 4.240000000000691216e+00
4.686835000000000036e+03 4.229999999999563443e+00
4.691069999999999709e+03 4.239999999999781721e+00
4.695309999999999491e+03 4.240000000000691216e+00
4.699550000000000182e+03 4.239999999999781721e+00
4.703784999999999854e+03 4.229999999999563443e+00
4.712264999999999418e+03 1.273000000000047294e+01
4.724989999999999782e+03 1.272000000000025466e+01
4.737715000000000146e+03 1.272999999999956344e+01
4.750440000000000509e+03 1.272000000000025466e+01
4.763164999999999964e+03 1.272999999999956344e+01
4.775889999999999418e+03 1.272000000000025466e+01
4.788614999999999782e+03 1.272999999999956344e+01
4.801340000000000146e+03 1.272000000000025466e+01
4.813594999999999345e+03 1.178999999999996362e+01
4.825385000000000218e+03 1.178999999999996362e+01
4.837174999999999272e+03 1.178999999999996362e+01
4.848960000000000036e+03 1.178000000000065484e+01
4.860745000000000800e+03 1.178999999999996362e+01
4.872534999999999854e+03 1.178999999999996362e+01
4.884325000000000728e+03 1.178999999999996362e+01
4.896110000000000582e+03 1.177999999999974534e+01
4.908125000000000000e+03 1.225000000000000000e+01
4.920375000000000000e+03 1.225000000000000000e+01
4.932625000000000000e+03 1.225000000000000000e+01
4.944875000000000000e+03 1.225000000000000000e+01
4.957125000000000000e+03 1.225000000000000000e+01
4.969375000000000000e+03 1.225000000000000000e+01
4.981625000000000000e+03 1.225000000000000000e+01
4.993875000000000000e+03 1.225000000000000000e+01
5.011335000000000036e+03 2.267000000000007276e+01
5.034000000000000000e+03 2.265999999999985448e+01
5.056659999999999854e+03 2.265999999999985448e+01
5.079319999999999709e+03 2.265999999999985448e+01
5.101984999999999673e+03 2.267000000000007276e+01
5.124649999999999636e+03 2.265999999999985448e+01
5.147309999999999491e+03 2.266000000000076398e+01
5.169970000000000255e+03 2.265999999999985448e+01
5.190595000000000255e+03 1.859000000000014552e+01
5.209184999999999491e+03 1.858999999999923602e+01
5.227774999999999636e+03 1.859000000000014552e+01
5.246359999999999673e+03 1.857999999999992724e+01
5.264944999999999709e+03 1.859000000000014552e+01
5.283534999999999854e+03 1.859000000000014552e+01
5.302125000000000000e+03 1.859000000000014552e+01
5.320710000000000036e+03 1.857999999999992724e+01
5.339375000000000000e+03 1.875000000000000000e+01
5.358125000000000000e+03 1.875000000000000000e+01
5.376875000000000000e+03 1.875000000000000000e+01
5.395625000000000000e+03 1.875000000000000000e+01
5.414375000000000000e+03 1.875000000000000000e+01
5.433125000000000000e+03 1.875000000000000000e+01
5.451875000000000000e+03 1.875000000000000000e+01
5.470625000000000000e+03 1.875000000000000000e+01
5.489449999999999818e+03 1.889999999999963620e+01
5.508350000000000364e+03 1.890000000000054570e+01
5.527250000000000000e+03 1.889999999999963620e+01
5.546149999999999636e+03 1.890000000000054570e+01
5.564625000000000000e+03 1.804999999999927240e+01
5.582674999999999272e+03 1.805000000000018190e+01
5.600725000000000364e+03 1.805000000000018190e+01
5.618774999999999636e+03 1.805000000000018190e+01
5.636825000000000728e+03 1.805000000000018190e+01
5.654875000000000000e+03 1.804999999999927240e+01
5.672924999999999272e+03 1.805000000000018190e+01
5.690975000000000364e+03 1.805000000000018190e+01
5.711399999999999636e+03 2.280000000000018190e+01
5.734200000000000728e+03 2.280000000000018190e+01
5.757000000000000000e+03 2.279999999999927240e+01
5.779799999999999272e+03 2.280000000000018190e+01
5.802600000000000364e+03 2.280000000000018190e+01
5.825399999999999636e+03 2.280000000000018190e+01
5.848200000000000728e+03 2.280000000000018190e+01
5.871000000000000000e+03 2.279999999999927240e+01
5.889750000000000000e+03 1.470000000000072760e+01
5.904450000000000728e+03 1.469999999999981810e+01
5.919149999999999636e+03 1.469999999999981810e+01
5.933850000000000364e+03 1.469999999999981810e+01
5.948549999999999272e+03 1.469999999999981810e+01
5.963250000000000000e+03 1.470000000000072760e+01
5.977950000000000728e+03 1.469999999999981810e+01
5.992649999999999636e+03 1.469999999999981810e+01
6.006250000000000000e+03 1.250000000000000000e+01
6.018750000000000000e+03 1.250000000000000000e+01
6.031250000000000000e+03 1.250000000000000000e+01
6.043750000000000000e+03 1.250000000000000000e+01
6.056250000000000000e+03 1.250000000000000000e+01
6.068750000000000000e+03 1.250000000000000000e+01
6.081250000000000000e+03 1.250000000000000000e+01
6.093750000000000000e+03 1.250000000000000000e+01
6.111164999999999964e+03 2.232999999999992724e+01
6.133489999999999782e+03 2.231999999999970896e+01
6.155814999999999600e+03 2.232999999999992724e+01
6.178139999999999418e+03 2.232000000000061846e+01
6.200550000000000182e+03 2.250000000000000000e+01
6.223050000000000182e+03 2.250000000000000000e+01
6.245550000000000182e+03 2.250000000000000000e+01
6.268050000000000182e+03 2.250000000000000000e+01
6.288065000000000509e+03 1.752999999999974534e+01
6.305590000000000146e+03 1.752000000000043656e+01
6.323114999999999782e+03 1.752999999999974534e+01
6.340639999999999418e+03 1.751999999999952706e+01
6.357299999999999272e+03 1.580000000000018190e+01
6.373100000000000364e+03 1.580000000000018190e+01
6.388899999999999636e+03 1.580000000000018190e+01
6.404700000000000728e+03 1.580000000000018190e+01
6.419975000000000364e+03 1.475000000000000000e+01
6.434725000000000364e+03 1.475000000000000000e+01
6.449475000000000364e+03 1.475000000000000000e+01
6.464225000000000364e+03 1.475000000000000000e+01
6.479625000000000000e+03 1.604999999999927240e+01
6.495674999999999272e+03 1.605000000000018190e+01
6.511725000000000364e+03 1.605000000000018190e+01
6.527774999999999636e+03 1.605000000000018190e+01
6.543825000000000728e+03 1.605000000000018190e+01
6.559875000000000000e+03 1.604999999999927240e+01
6.575924999999999272e+03 1.605000000000018190e+01
6.591975000000000364e+03 1.605000000000018190e+01
6.610000000000000000e+03 2.000000000000000000e+01
6.630000000000000000e+03 2.000000000000000000e+01
6.650000000000000000e+03 2.000000000000000000e+01
6.670000000000000000e+03 2.000000000000000000e+01
6.690000000000000000e+03 2.000000000000000000e+01
6.710000000000000000e+03 2.000000000000000000e+01
6.730000000000000000e+03 2.000000000000000000e+01
6.750000000000000000e+03 2.000000000000000000e+01
6.770000000000000000e+03 2.000000000000000000e+01
6.790000000000000000e+03 2.000000000000000000e+01
6.810000000000000000e+03 2.000000000000000000e+01
6.830000000000000000e+03 2.000000000000000000e+01
6.851250000000000000e+03 2.250000000000000000e+01
6.873750000000000000e+03 2.250000000000000000e+01
6.896250000000000000e+03 2.250000000000000000e+01
6.918750000000000000e+03 2.250000000000000000e+01
6.941250000000000000e+03 2.250000000000000000e+01
6.963750000000000000e+03 2.250000000000000000e+01
6.986250000000000000e+03 2.250000000000000000e+01
7.008750000000000000e+03 2.250000000000000000e+01
7.030625000000000000e+03 2.125000000000000000e+01
7.051875000000000000e+03 2.125000000000000000e+01
7.073125000000000000e+03 2.125000000000000000e+01
7.094375000000000000e+03 2.125000000000000000e+01
7.114375000000000000e+03 1.875000000000000000e+01
7.133125000000000000e+03 1.875000000000000000e+01
7.151875000000000000e+03 1.875000000000000000e+01
7.170625000000000000e+03 1.875000000000000000e+01
7.188125000000000000e+03 1.625000000000000000e+01
7.204375000000000000e+03 1.625000000000000000e+01
7.220625000000000000e+03 1.625000000000000000e+01
7.236875000000000000e+03 1.625000000000000000e+01
7.253125000000000000e+03 1.625000000000000000e+01
7.269375000000000000e+03 1.625000000000000000e+01
7.285625000000000000e+03 1.625000000000000000e+01
7.301875000000000000e+03 1.625000000000000000e+01
7.323050000000000182e+03 2.610000000000036380e+01
7.349149999999999636e+03 2.609999999999945430e+01
7.375250000000000000e+03 2.610000000000036380e+01
7.401350000000000364e+03 2.609999999999945430e+01
7.427449999999999818e+03 2.610000000000036380e+01
7.453550000000000182e+03 2.610000000000036380e+01
7.479649999999999636e+03 2.609999999999945430e+01
7.505750000000000000e+03 2.610000000000036380e+01
7.535260000000000218e+03 3.292000000000007276e+01
7.568175000000000182e+03 3.290999999999985448e+01
7.601085000000000036e+03 3.290999999999985448e+01
7.633994999999999891e+03 3.290999999999985448e+01
7.666909999999999854e+03 3.292000000000007276e+01
7.699824999999999818e+03 3.290999999999985448e+01
7.732734999999999673e+03 3.290999999999985448e+01
7.765645000000000437e+03 3.291000000000076398e+01
7.795720000000000255e+03 2.723999999999978172e+01
7.822960000000000036e+03 2.723999999999978172e+01
7.850199999999999818e+03 2.723999999999978172e+01
7.877434999999999491e+03 2.723000000000047294e+01
7.904670000000000073e+03 2.723999999999978172e+01
7.931909999999999854e+03 2.723999999999978172e+01
7.959149999999999636e+03 2.724000000000069122e+01
7.986385000000000218e+03 2.722999999999956344e+01
8.014409999999999854e+03 2.881999999999970896e+01
8.043225000000000364e+03 2.881000000000040018e+01
8.072034999999999854e+03 2.880999999999949068e+01
8.100844999999999345e+03 2.881000000000040018e+01
8.129659999999999854e+03 2.881999999999970896e+01
8.158475000000000364e+03 2.881000000000040018e+01
8.187284999999999854e+03 2.881000000000040018e+01
8.216095000000001164e+03 2.880999999999949068e+01
8.245760000000000218e+03 3.052000000000043656e+01
8.276275000000001455e+03 3.051000000000021828e+01
8.306784999999999854e+03 3.051000000000021828e+01
8.337295000000000073e+03 3.050999999999839929e+01
8.367809999999999491e+03 3.052000000000043656e+01
8.398325000000000728e+03 3.051000000000021828e+01
8.428834999999999127e+03 3.051000000000021828e+01
8.459345000000001164e+03 3.051000000000021828e+01
8.494145000000000437e+03 3.909000000000014552e+01
8.533235000000000582e+03 3.909000000000014552e+01
8.572325000000000728e+03 3.909000000000014552e+01
8.611409999999999854e+03 3.907999999999992724e+01
8.650495000000000800e+03 3.909000000000014552e+01
8.689584999999999127e+03 3.908999999999832653e+01
8.728674999999999272e+03 3.909000000000014552e+01
8.767759999999998399e+03 3.907999999999992724e+01
8.811489999999999782e+03 4.838000000000101863e+01
8.859864999999999782e+03 4.836999999999898137e+01
8.908239999999999782e+03 4.838000000000101863e+01
8.956614999999999782e+03 4.836999999999898137e+01
9.004989999999999782e+03 4.838000000000101863e+01
9.053364999999999782e+03 4.836999999999898137e+01
9.101739999999999782e+03 4.838000000000101863e+01
9.150114999999999782e+03 4.836999999999898137e+01
9.195014999999999418e+03 4.143000000000029104e+01
9.236439999999998690e+03 4.142000000000007276e+01
9.277864999999999782e+03 4.143000000000029104e+01
9.319290000000000873e+03 4.142000000000007276e+01
9.360715000000000146e+03 4.143000000000029104e+01
9.402139999999999418e+03 4.142000000000007276e+01
9.443565000000000509e+03 4.143000000000029104e+01
9.484990000000001601e+03 4.142000000000007276e+01
9.534110000000000582e+03 5.681999999999970896e+01
9.590924999999999272e+03 5.680999999999949068e+01
9.647735000000000582e+03 5.680999999999949068e+01
9.704545000000000073e+03 5.681000000000130967e+01
9.761360000000000582e+03 5.681999999999970896e+01
9.818174999999999272e+03 5.680999999999949068e+01
9.874985000000000582e+03 5.680999999999949068e+01
9.931795000000000073e+03 5.681000000000130967e+01
1.000012500000000000e+04 7.984999999999854481e+01
1.007997499999999854e+04 7.985000000000036380e+01
1.019975000000000000e+04 1.597000000000007276e+02
1.038640000000000146e+04 2.136000000000003638e+02
1.059420000000000073e+04 2.020000000000000000e+02
1.073554999999999927e+04 8.069999999999890861e+01
1.088245000000000073e+04 2.131000000000003638e+02
1.106245000000000073e+04 1.468999999999996362e+02
1.121764999999999964e+04 1.635000000000000000e+02
1.139684999999999854e+04 1.948999999999996362e+02
1.155434999999999854e+04 1.201000000000003638e+02
1.173489999999999964e+04 2.410000000000000000e+02
1.198829999999999927e+04 2.658000000000010914e+02
1.216040000000000146e+04 7.839999999999963620e+01
1.234979999999999927e+04 3.003999999999996362e+02
1.261945000000000073e+04 2.388999999999996362e+02
1.286295000000000073e+04 2.481000000000003638e+02
1.307245000000000073e+04 1.708999999999996362e+02
1.329034999999999854e+04 2.648999999999996362e+02
1.353270000000000073e+04 2.198000000000010914e+02
1.372165000000000146e+04 1.581000000000003638e+02
1.400060000000000036e+04 3.997999999999992724e+02
1.434979999999999927e+04 2.986000000000003638e+02
1.476835000000000036e+04 5.385000000000000000e+02
1.521110000000000036e+04 3.470000000000000000e+02
1.556629999999999927e+04 3.633999999999996362e+02
1.592425000000000000e+04 3.525000000000000000e+02
1.622020000000000073e+04 2.393999999999996362e+02
1.654515000000000146e+04 4.105000000000018190e+02
1.692220000000000073e+04 3.435999999999985448e+02
1.728825000000000000e+04 3.885000000000000000e+02
1.768579999999999927e+04 4.065999999999985448e+02
1.811884999999999854e+04 4.595000000000000000e+02
1.862429999999999927e+04 5.514000000000014552e+02
1.910250000000000000e+04 4.050000000000000000e+02
1.974740000000000146e+04 8.847999999999992724e+02
2.062119999999999709e+04 8.627999999999992724e+02
2.151529999999999927e+04 9.254000000000014552e+02
2.248325000000000000e+04 1.010500000000000000e+03
2.348465000000000146e+04 9.922999999999992724e+02
2.449040000000000146e+04 1.019200000000000728e+03
2.583332500000000073e+04 1.666650000000001455e+03
2.761902500000000146e+04 1.904750000000000000e+03
2.967030000000000291e+04 2.197799999999999272e+03
3.205125000000000000e+04 2.564100000000002183e+03
3.484847500000000582e+04 3.030349999999998545e+03
3.733182499999999709e+04 1.936349999999998545e+03
