wavenumber 60 80 100 150 200 250 300 350
  11000.00  2.1650e-18  3.7410e-16  8.0520e-15  4.8630e-13  3.8780e-12  1.3800e-11  3.2970e-11  6.3020e-11
  11010.00  3.1330e-18  5.0050e-16  1.0230e-14  5.7250e-13  4.3790e-12  1.5200e-11  3.5730e-11  6.7550e-11
  11020.00  4.5300e-18  6.7020e-16  1.3040e-14  6.7680e-13  4.9670e-12  1.6820e-11  3.8890e-11  7.2720e-11
  11030.00  6.5490e-18  8.9860e-16  1.6650e-14  8.0320e-13  5.6570e-12  1.8680e-11  4.2500e-11  7.8620e-11
  11040.00  9.4760e-18  1.2070e-15  2.1310e-14  9.5640e-13  6.4680e-12  2.0830e-11  4.6630e-11  8.5300e-11
  11050.00  1.3730e-17  1.6250e-15  2.7360e-14  1.1430e-12  7.4210e-12  2.3300e-11  5.1320e-11  9.2870e-11
  11060.00  1.9960e-17  2.1960e-15  3.5250e-14  1.3700e-12  8.5420e-12  2.6150e-11  5.6660e-11  1.0140e-10
  11070.00  2.9140e-17  2.9810e-15  4.5600e-14  1.6480e-12  9.8640e-12  2.9440e-11  6.2720e-11  1.1100e-10
  11080.00  4.2790e-17  4.0670e-15  5.9260e-14  1.9900e-12  1.1430e-11  3.3230e-11  6.9600e-11  1.2180e-10
  11090.00  6.3270e-17  5.5820e-15  7.7390e-14  2.4110e-12  1.3280e-11  3.7600e-11  7.7390e-11  1.3390e-10
  11100.00  9.4290e-17  7.7090e-15  1.0160e-13  2.9310e-12  1.5470e-11  4.2640e-11  8.6180e-11  1.4720e-10
  11110.00  1.4170e-16  1.0710e-14  1.3380e-13  3.5700e-12  1.8050e-11  4.8410e-11  9.6020e-11  1.6200e-10
  11120.00  2.1430e-16  1.4930e-14  1.7660e-13  4.3520e-12  2.1060e-11  5.4950e-11  1.0690e-10  1.7790e-10
  11130.00  3.2520e-16  2.0810e-14  2.3270e-13  5.2900e-12  2.4530e-11  6.2210e-11  1.1870e-10  1.9480e-10
  11140.00  4.9080e-16  2.8760e-14  3.0380e-13  6.3810e-12  2.8370e-11  7.0020e-11  1.3100e-10  2.1220e-10
  11150.00  7.2600e-16  3.8920e-14  3.8890e-13  7.5800e-12  3.2400e-11  7.7970e-11  1.4330e-10  2.2910e-10
  11160.00  1.0290e-15  5.0670e-14  4.8130e-13  8.7830e-12  3.6290e-11  8.5430e-11  1.5460e-10  2.4440e-10
  11170.00  1.3560e-15  6.2180e-14  5.6720e-13  9.8290e-12  3.9560e-11  9.1610e-11  1.6390e-10  2.5690e-10
  11180.00  1.6200e-15  7.0880e-14  6.2970e-13  1.0550e-11  4.1780e-11  9.5790e-11  1.7020e-10  2.6550e-10
  11190.00  1.7550e-15  7.4970e-14  6.5790e-13  1.0860e-11  4.2720e-11  9.7640e-11  1.7320e-10  2.6980e-10
  11200.00  1.7800e-15  7.4840e-14  6.5430e-13  1.0780e-11  4.2470e-11  9.7310e-11  1.7300e-10  2.6990e-10
  11210.00  1.7770e-15  7.2530e-14  6.3120e-13  1.0440e-11  4.1370e-11  9.5370e-11  1.7040e-10  2.6690e-10
  11220.00  1.8290e-15  7.0270e-14  6.0330e-13  9.9780e-12  3.9840e-11  9.2530e-11  1.6640e-10  2.6170e-10
  11230.00  1.9960e-15  6.9730e-14  5.8170e-13  9.5250e-12  3.8230e-11  8.9410e-11  1.6180e-10  2.5550e-10
  11240.00  2.3320e-15  7.1960e-14  5.7340e-13  9.1560e-12  3.6790e-11  8.6470e-11  1.5720e-10  2.4920e-10
  11250.00  2.8930e-15  7.7720e-14  5.8240e-13  8.9130e-12  3.5650e-11  8.4000e-11  1.5320e-10  2.4340e-10
  11260.00  3.7550e-15  8.7780e-14  6.1170e-13  8.8210e-12  3.4890e-11  8.2150e-11  1.5000e-10  2.3850e-10
  11270.00  5.0250e-15  1.0300e-13  6.6440e-13  8.8930e-12  3.4550e-11  8.1000e-11  1.4780e-10  2.3470e-10
  11280.00  6.8560e-15  1.2480e-13  7.4420e-13  9.1420e-12  3.4660e-11  8.0600e-11  1.4660e-10  2.3240e-10
  11290.00  9.4690e-15  1.5500e-13  8.5680e-13  9.5840e-12  3.5220e-11  8.0990e-11  1.4660e-10  2.3150e-10
  11300.00  1.3190e-14  1.9600e-13  1.0100e-12  1.0240e-11  3.6280e-11  8.2190e-11  1.4770e-10  2.3210e-10
  11310.00  1.8480e-14  2.5170e-13  1.2130e-12  1.1140e-11  3.7870e-11  8.4260e-11  1.5000e-10  2.3440e-10
  11320.00  2.6070e-14  3.2740e-13  1.4830e-12  1.2330e-11  4.0050e-11  8.7240e-11  1.5360e-10  2.3830e-10
  11330.00  3.7040e-14  4.3050e-13  1.8390e-12  1.3860e-11  4.2880e-11  9.1220e-11  1.5850e-10  2.4400e-10
  11340.00  5.3050e-14  5.7220e-13  2.3100e-12  1.5810e-11  4.6460e-11  9.6270e-11  1.6490e-10  2.5150e-10
  11350.00  7.6740e-14  7.6810e-13  2.9340e-12  1.8250e-11  5.0890e-11  1.0250e-10  1.7270e-10  2.6080e-10
  11360.00  1.1220e-13  1.0400e-12  3.7580e-12  2.1280e-11  5.6270e-11  1.1000e-10  1.8200e-10  2.7190e-10
  11370.00  1.6550e-13  1.4190e-12  4.8450e-12  2.5010e-11  6.2680e-11  1.1880e-10  1.9290e-10  2.8480e-10
  11380.00  2.4580e-13  1.9400e-12  6.2540e-12  2.9500e-11  7.0160e-11  1.2880e-10  2.0520e-10  2.9930e-10
  11390.00  3.6440e-13  2.6370e-12  8.0260e-12  3.4720e-11  7.8600e-11  1.3990e-10  2.1870e-10  3.1510e-10
  11400.00  5.3120e-13  3.5200e-12  1.0130e-11  4.0480e-11  8.7640e-11  1.5170e-10  2.3280e-10  3.3160e-10
  11410.00  7.4320e-13  4.5280e-12  1.2390e-11  4.6330e-11  9.6660e-11  1.6340e-10  2.4690e-10  3.4810e-10
  11420.00  9.6570e-13  5.4940e-12  1.4470e-11  5.1550e-11  1.0480e-10  1.7410e-10  2.6010e-10  3.6390e-10
  11430.00  1.1290e-12  6.1790e-12  1.5940e-11  5.5410e-11  1.1130e-10  1.8320e-10  2.7190e-10  3.7840e-10
  11440.00  1.1760e-12  6.4140e-12  1.6520e-11  5.7530e-11  1.1570e-10  1.9030e-10  2.8190e-10  3.9140e-10
  11450.00  1.1160e-12  6.2220e-12  1.6270e-11  5.8040e-11  1.1820e-10  1.9570e-10  2.9040e-10  4.0330e-10
  11460.00  1.0000e-12  5.7690e-12  1.5480e-11  5.7550e-11  1.1970e-10  2.0020e-10  2.9830e-10  4.1470e-10
  11470.00  8.7310e-13  5.2350e-12  1.4510e-11  5.6760e-11  1.2100e-10  2.0460e-10  3.0640e-10  4.2670e-10
  11480.00  7.6070e-13  4.7470e-12  1.3630e-11  5.6280e-11  1.2290e-10  2.1000e-10  3.1580e-10  4.4000e-10
  11490.00  6.7330e-13  4.3750e-12  1.3000e-11  5.6530e-11  1.2600e-10  2.1700e-10  3.2710e-10  4.5570e-10
  11500.00  6.1410e-13  4.1510e-12  1.2740e-11  5.7790e-11  1.3070e-10  2.2620e-10  3.4100e-10  4.7430e-10
  11510.00  5.8510e-13  4.0980e-12  1.2900e-11  6.0290e-11  1.3740e-10  2.3790e-10  3.5790e-10  4.9640e-10
  11520.00  5.9000e-13  4.2440e-12  1.3570e-11  6.4190e-11  1.4630e-10  2.5250e-10  3.7840e-10  5.2250e-10
  11530.00  6.3680e-13  4.6240e-12  1.4810e-11  6.9680e-11  1.5770e-10  2.7030e-10  4.0270e-10  5.5310e-10
  11540.00  7.3900e-13  5.2960e-12  1.6740e-11  7.6980e-11  1.7180e-10  2.9170e-10  4.3120e-10  5.8850e-10
  11550.00  9.1930e-13  6.3410e-12  1.9520e-11  8.6320e-11  1.8900e-10  3.1680e-10  4.6420e-10  6.2920e-10
  11560.00  1.2120e-12  7.8730e-12  2.3310e-11  9.8020e-11  2.0950e-10  3.4620e-10  5.0220e-10  6.7540e-10
  11570.00  1.6700e-12  1.0040e-11  2.8380e-11  1.1240e-10  2.3370e-10  3.8020e-10  5.4540e-10  7.2770e-10
  11580.00  2.3720e-12  1.3060e-11  3.5030e-11  1.2990e-10  2.6210e-10  4.1890e-10  5.9420e-10  7.8620e-10
  11590.00  3.4290e-12  1.7190e-11  4.3640e-11  1.5100e-10  2.9500e-10  4.6300e-10  6.4870e-10  8.5130e-10
  11600.00  5.0070e-12  2.2790e-11  5.4690e-11  1.7620e-10  3.3290e-10  5.1250e-10  7.0930e-10  9.2300e-10
  11610.00  7.3370e-12  3.0320e-11  6.8750e-11  2.0610e-10  3.7620e-10  5.6770e-10  7.7610e-10  1.0020e-09
  11620.00  1.0750e-11  4.0350e-11  8.6550e-11  2.4140e-10  4.2530e-10  6.2900e-10  8.4910e-10  1.0870e-09
  11630.00  1.5700e-11  5.3650e-11  1.0900e-10  2.8280e-10  4.8070e-10  6.9650e-10  9.2850e-10  1.1790e-09
  11640.00  2.2820e-11  7.1180e-11  1.3710e-10  3.3110e-10  5.4280e-10  7.7020e-10  1.0140e-09  1.2780e-09
  11650.00  3.2980e-11  9.4200e-11  1.7230e-10  3.8740e-10  6.1210e-10  8.5030e-10  1.1050e-09  1.3820e-09
  11660.00  4.7370e-11  1.2430e-10  2.1620e-10  4.5280e-10  6.8900e-10  9.3670e-10  1.2020e-09  1.4920e-09
  11670.00  6.7650e-11  1.6370e-10  2.7110e-10  5.2860e-10  7.7410e-10  1.0300e-09  1.3040e-09  1.6060e-09
  11680.00  9.6100e-11  2.1520e-10  3.3950e-10  6.1620e-10  8.6810e-10  1.1290e-09  1.4100e-09  1.7230e-09
  11690.00  1.3600e-10  2.8260e-10  4.2490e-10  7.1740e-10  9.7150e-10  1.2340e-09  1.5210e-09  1.8420e-09
  11700.00  1.9180e-10  3.7070e-10  5.3100e-10  8.3340e-10  1.0850e-09  1.3450e-09  1.6340e-09  1.9620e-09
  11710.00  2.7000e-10  4.8560e-10  6.6200e-10  9.6510e-10  1.2070e-09  1.4620e-09  1.7480e-09  2.0800e-09
  11720.00  3.7910e-10  6.3360e-10  8.2100e-10  1.1120e-09  1.3370e-09  1.5810e-09  1.8620e-09  2.1950e-09
  11730.00  5.2890e-10  8.1940e-10  1.0080e-09  1.2700e-09  1.4710e-09  1.6990e-09  1.9710e-09  2.3010e-09
  11740.00  7.2580e-10  1.0400e-09  1.2160e-09  1.4310e-09  1.6010e-09  1.8100e-09  2.0710e-09  2.3950e-09
  11750.00  9.6090e-10  1.2770e-09  1.4260e-09  1.5820e-09  1.7180e-09  1.9060e-09  2.1540e-09  2.4700e-09
  11760.00  1.1920e-09  1.4910e-09  1.6070e-09  1.7050e-09  1.8110e-09  1.9800e-09  2.2160e-09  2.5230e-09
  11770.00  1.3520e-09  1.6350e-09  1.7280e-09  1.7850e-09  1.8690e-09  2.0260e-09  2.2510e-09  2.5490e-09
  11780.00  1.4040e-09  1.6850e-09  1.7730e-09  1.8160e-09  1.8910e-09  2.0400e-09  2.2590e-09  2.5480e-09
  11790.00  1.3710e-09  1.6530e-09  1.7490e-09  1.8020e-09  1.8790e-09  2.0280e-09  2.2420e-09  2.5210e-09
  11800.00  1.2970e-09  1.5720e-09  1.6800e-09  1.7560e-09  1.8420e-09  1.9930e-09  2.2040e-09  2.4750e-09
  11810.00  1.2120e-09  1.4700e-09  1.5880e-09  1.6900e-09  1.7900e-09  1.9450e-09  2.1520e-09  2.4120e-09
  11820.00  1.1300e-09  1.3660e-09  1.4880e-09  1.6160e-09  1.7290e-09  1.8880e-09  2.0910e-09  2.3400e-09
  11830.00  1.0540e-09  1.2660e-09  1.3900e-09  1.5400e-09  1.6650e-09  1.8260e-09  2.0250e-09  2.2610e-09
  11840.00  9.8240e-10  1.1750e-09  1.2970e-09  1.4640e-09  1.6010e-09  1.7630e-09  1.9560e-09  2.1790e-09
  11850.00  9.1320e-10  1.0900e-09  1.2100e-09  1.3920e-09  1.5380e-09  1.7000e-09  1.8860e-09  2.0970e-09
  11860.00  8.4480e-10  1.0100e-09  1.1300e-09  1.3230e-09  1.4760e-09  1.6390e-09  1.8180e-09  2.0160e-09
  11870.00  7.7650e-10  9.3520e-10  1.0540e-09  1.2570e-09  1.4170e-09  1.5790e-09  1.7510e-09  1.9380e-09
  11880.00  7.0830e-10  8.6410e-10  9.8380e-10  1.1950e-09  1.3600e-09  1.5210e-09  1.6870e-09  1.8640e-09
  11890.00  6.4080e-10  7.9620e-10  9.1730e-10  1.1360e-09  1.3050e-09  1.4650e-09  1.6260e-09  1.7950e-09
  11900.00  5.7510e-10  7.3170e-10  8.5460e-10  1.0800e-09  1.2530e-09  1.4120e-09  1.5690e-09  1.7320e-09
  11910.00  5.1240e-10  6.7100e-10  7.9620e-10  1.0270e-09  1.2040e-09  1.3630e-09  1.5170e-09  1.6750e-09
  11920.00  4.5430e-10  6.1520e-10  7.4270e-10  9.7870e-10  1.1580e-09  1.3170e-09  1.4700e-09  1.6250e-09
  11930.00  4.0220e-10  5.6530e-10  6.9530e-10  9.3550e-10  1.1170e-09  1.2770e-09  1.4300e-09  1.5830e-09
  11940.00  3.5760e-10  5.2290e-10  6.5500e-10  8.9840e-10  1.0820e-09  1.2430e-09  1.3960e-09  1.5500e-09
  11950.00  3.2220e-10  4.8940e-10  6.2340e-10  8.6850e-10  1.0530e-09  1.2150e-09  1.3700e-09  1.5250e-09
  11960.00  2.9770e-10  4.6670e-10  6.0190e-10  8.4680e-10  1.0310e-09  1.1950e-09  1.3510e-09  1.5090e-09
  11970.00  2.8660e-10  4.5740e-10  5.9250e-10  8.3420e-10  1.0170e-09  1.1820e-09  1.3410e-09  1.5020e-09
  11980.00  2.9240e-10  4.6460e-10  5.9750e-10  8.3190e-10  1.0120e-09  1.1780e-09  1.3400e-09  1.5050e-09
  11990.00  3.2040e-10  4.9230e-10  6.1990e-10  8.4090e-10  1.0160e-09  1.1820e-09  1.3480e-09  1.5180e-09
  12000.00  3.7840e-10  5.4640e-10  6.6310e-10  8.6230e-10  1.0290e-09  1.1950e-09  1.3650e-09  1.5410e-09
  12010.00  4.7870e-10  6.3420e-10  7.3150e-10  8.9730e-10  1.0530e-09  1.2180e-09  1.3920e-09  1.5740e-09
  12020.00  6.3970e-10  7.6590e-10  8.3000e-10  9.4660e-10  1.0870e-09  1.2510e-09  1.4280e-09  1.6170e-09
  12030.00  8.8850e-10  9.5360e-10  9.6340e-10  1.0110e-09  1.1320e-09  1.2930e-09  1.4740e-09  1.6690e-09
  12040.00  1.2630e-09  1.2100e-09  1.1350e-09  1.0900e-09  1.1870e-09  1.3450e-09  1.5290e-09  1.7310e-09
  12050.00  1.8070e-09  1.5460e-09  1.3450e-09  1.1810e-09  1.2510e-09  1.4050e-09  1.5920e-09  1.8000e-09
  12060.00  2.5540e-09  1.9520e-09  1.5840e-09  1.2800e-09  1.3220e-09  1.4720e-09  1.6630e-09  1.8770e-09
  12070.00  3.4670e-09  2.3930e-09  1.8270e-09  1.3810e-09  1.3970e-09  1.5440e-09  1.7390e-09  1.9590e-09
  12080.00  4.3530e-09  2.7860e-09  2.0400e-09  1.4730e-09  1.4720e-09  1.6200e-09  1.8200e-09  2.0460e-09
  12090.00  4.8950e-09  3.0410e-09  2.1860e-09  1.5510e-09  1.5440e-09  1.6970e-09  1.9040e-09  2.1360e-09
  12100.00  4.9360e-09  3.1100e-09  2.2490e-09  1.6100e-09  1.6130e-09  1.7770e-09  1.9920e-09  2.2300e-09
  12110.00  4.6150e-09  3.0210e-09  2.2380e-09  1.6550e-09  1.6820e-09  1.8600e-09  2.0850e-09  2.3290e-09
  12120.00  4.1490e-09  2.8430e-09  2.1790e-09  1.6950e-09  1.7550e-09  1.9500e-09  2.1830e-09  2.4330e-09
  12130.00  3.6750e-09  2.6360e-09  2.1010e-09  1.7380e-09  1.8370e-09  2.0490e-09  2.2900e-09  2.5430e-09
  12140.00  3.2540e-09  2.4390e-09  2.0290e-09  1.7940e-09  1.9320e-09  2.1590e-09  2.4060e-09  2.6610e-09
  12150.00  2.9040e-09  2.2750e-09  1.9790e-09  1.8700e-09  2.0450e-09  2.2830e-09  2.5320e-09  2.7860e-09
  12160.00  2.6270e-09  2.1550e-09  1.9630e-09  1.9720e-09  2.1780e-09  2.4200e-09  2.6670e-09  2.9190e-09
  12170.00  2.4190e-09  2.0880e-09  1.9920e-09  2.1050e-09  2.3310e-09  2.5700e-09  2.8100e-09  3.0580e-09
  12180.00  2.2770e-09  2.0810e-09  2.0750e-09  2.2720e-09  2.5030e-09  2.7300e-09  2.9590e-09  3.2010e-09
  12190.00  2.2050e-09  2.1450e-09  2.2200e-09  2.4730e-09  2.6900e-09  2.8970e-09  3.1110e-09  3.3460e-09
  12200.00  2.2120e-09  2.2890e-09  2.4300e-09  2.7020e-09  2.8870e-09  3.0660e-09  3.2610e-09  3.4890e-09
  12210.00  2.3090e-09  2.5160e-09  2.7020e-09  2.9480e-09  3.0850e-09  3.2290e-09  3.4050e-09  3.6250e-09
  12220.00  2.4960e-09  2.8120e-09  3.0120e-09  3.1930e-09  3.2720e-09  3.3800e-09  3.5370e-09  3.7520e-09
  12230.00  2.7450e-09  3.1360e-09  3.3230e-09  3.4150e-09  3.4340e-09  3.5100e-09  3.6510e-09  3.8620e-09
  12240.00  2.9970e-09  3.4330e-09  3.5890e-09  3.5910e-09  3.5620e-09  3.6120e-09  3.7410e-09  3.9520e-09
  12250.00  3.2070e-09  3.6570e-09  3.7760e-09  3.7070e-09  3.6460e-09  3.6810e-09  3.8040e-09  4.0160e-09
  12260.00  3.3370e-09  3.7780e-09  3.8660e-09  3.7560e-09  3.6810e-09  3.7120e-09  3.8350e-09  4.0510e-09
  12270.00  3.3270e-09  3.7700e-09  3.8520e-09  3.7380e-09  3.6680e-09  3.7040e-09  3.8330e-09  4.0540e-09
  12280.00  3.1480e-09  3.6310e-09  3.7390e-09  3.6600e-09  3.6110e-09  3.6610e-09  3.7990e-09  4.0270e-09
  12290.00  2.8570e-09  3.3900e-09  3.5480e-09  3.5340e-09  3.5170e-09  3.5870e-09  3.7370e-09  3.9730e-09
  12300.00  2.5330e-09  3.0980e-09  3.3090e-09  3.3760e-09  3.3970e-09  3.4890e-09  3.6530e-09  3.8950e-09
  12310.00  2.2220e-09  2.7950e-09  3.0500e-09  3.2000e-09  3.2620e-09  3.3760e-09  3.5530e-09  3.8000e-09
  12320.00  1.9450e-09  2.5080e-09  2.7920e-09  3.0180e-09  3.1180e-09  3.2540e-09  3.4430e-09  3.6930e-09
  12330.00  1.7040e-09  2.2470e-09  2.5480e-09  2.8360e-09  2.9730e-09  3.1290e-09  3.3280e-09  3.5800e-09
  12340.00  1.4990e-09  2.0150e-09  2.3240e-09  2.6610e-09  2.8310e-09  3.0040e-09  3.2110e-09  3.4640e-09
  12350.00  1.3240e-09  1.8120e-09  2.1210e-09  2.4950e-09  2.6930e-09  2.8820e-09  3.0960e-09  3.3490e-09
  12360.00  1.1760e-09  1.6350e-09  1.9400e-09  2.3410e-09  2.5630e-09  2.7650e-09  2.9850e-09  3.2380e-09
  12370.00  1.0500e-09  1.4810e-09  1.7790e-09  2.1990e-09  2.4410e-09  2.6540e-09  2.8790e-09  3.1320e-09
  12380.00  9.4290e-10  1.3480e-09  1.6370e-09  2.0690e-09  2.3280e-09  2.5510e-09  2.7790e-09  3.0320e-09
  12390.00  8.5170e-10  1.2320e-09  1.5120e-09  1.9520e-09  2.2240e-09  2.4540e-09  2.6860e-09  2.9390e-09
  12400.00  7.7420e-10  1.1330e-09  1.4040e-09  1.8460e-09  2.1280e-09  2.3660e-09  2.6000e-09  2.8530e-09
  12410.00  7.0830e-10  1.0480e-09  1.3090e-09  1.7510e-09  2.0410e-09  2.2840e-09  2.5210e-09  2.7730e-09
  12420.00  6.5280e-10  9.7440e-10  1.2270e-09  1.6660e-09  1.9620e-09  2.2090e-09  2.4470e-09  2.6990e-09
  12430.00  6.0630e-10  9.1240e-10  1.1560e-09  1.5920e-09  1.8910e-09  2.1400e-09  2.3790e-09  2.6300e-09
  12440.00  5.6870e-10  8.6120e-10  1.0970e-09  1.5260e-09  1.8270e-09  2.0780e-09  2.3180e-09  2.5670e-09
  12450.00  5.4050e-10  8.2160e-10  1.0500e-09  1.4710e-09  1.7720e-09  2.0230e-09  2.2620e-09  2.5090e-09
  12460.00  5.2350e-10  7.9560e-10  1.0160e-09  1.4280e-09  1.7260e-09  1.9760e-09  2.2120e-09  2.4570e-09
  12470.00  5.2090e-10  7.8640e-10  9.9910e-10  1.3980e-09  1.6900e-09  1.9360e-09  2.1700e-09  2.4120e-09
  12480.00  5.3830e-10  7.9900e-10  1.0030e-09  1.3830e-09  1.6660e-09  1.9060e-09  2.1350e-09  2.3730e-09
  12490.00  5.8510e-10  8.4090e-10  1.0330e-09  1.3870e-09  1.6540e-09  1.8850e-09  2.1070e-09  2.3410e-09
  12500.00  6.7650e-10  9.2320e-10  1.0960e-09  1.4100e-09  1.6550e-09  1.8720e-09  2.0860e-09  2.3150e-09
  12510.00  8.3710e-10  1.0610e-09  1.2020e-09  1.4550e-09  1.6680e-09  1.8680e-09  2.0720e-09  2.2950e-09
  12520.00  1.1050e-09  1.2760e-09  1.3590e-09  1.5210e-09  1.6910e-09  1.8690e-09  2.0620e-09  2.2790e-09
  12530.00  1.5330e-09  1.5860e-09  1.5730e-09  1.6060e-09  1.7210e-09  1.8750e-09  2.0550e-09  2.2650e-09
  12540.00  2.1770e-09  2.0010e-09  1.8380e-09  1.7000e-09  1.7540e-09  1.8810e-09  2.0480e-09  2.2530e-09
  12550.00  3.0420e-09  2.4870e-09  2.1250e-09  1.7900e-09  1.7810e-09  1.8840e-09  2.0400e-09  2.2390e-09
  12560.00  3.9780e-09  2.9510e-09  2.3770e-09  1.8590e-09  1.7980e-09  1.8810e-09  2.0280e-09  2.2220e-09
  12570.00  4.6750e-09  3.2630e-09  2.5350e-09  1.8920e-09  1.7980e-09  1.8690e-09  2.0110e-09  2.2010e-09
  12580.00  4.9030e-09  3.3430e-09  2.5620e-09  1.8810e-09  1.7790e-09  1.8480e-09  1.9880e-09  2.1770e-09
  12590.00  4.7020e-09  3.2110e-09  2.4710e-09  1.8310e-09  1.7430e-09  1.8180e-09  1.9610e-09  2.1490e-09
  12600.00  4.2470e-09  2.9470e-09  2.3000e-09  1.7510e-09  1.6940e-09  1.7830e-09  1.9330e-09  2.1210e-09
  12610.00  3.7010e-09  2.6270e-09  2.0920e-09  1.6550e-09  1.6390e-09  1.7470e-09  1.9040e-09  2.0940e-09
  12620.00  3.1620e-09  2.3030e-09  1.8770e-09  1.5550e-09  1.5830e-09  1.7130e-09  1.8790e-09  2.0700e-09
  12630.00  2.6790e-09  2.0050e-09  1.6760e-09  1.4610e-09  1.5340e-09  1.6840e-09  1.8590e-09  2.0500e-09
  12640.00  2.2700e-09  1.7450e-09  1.4980e-09  1.3800e-09  1.4940e-09  1.6640e-09  1.8470e-09  2.0380e-09
  12650.00  1.9320e-09  1.5270e-09  1.3490e-09  1.3160e-09  1.4680e-09  1.6560e-09  1.8440e-09  2.0330e-09
  12660.00  1.6580e-09  1.3500e-09  1.2310e-09  1.2740e-09  1.4600e-09  1.6620e-09  1.8520e-09  2.0360e-09
  12670.00  1.4380e-09  1.2110e-09  1.1450e-09  1.2570e-09  1.4720e-09  1.6830e-09  1.8720e-09  2.0480e-09
  12680.00  1.2640e-09  1.1090e-09  1.0910e-09  1.2680e-09  1.5060e-09  1.7210e-09  1.9040e-09  2.0690e-09
  12690.00  1.1310e-09  1.0450e-09  1.0750e-09  1.3110e-09  1.5640e-09  1.7750e-09  1.9460e-09  2.0960e-09
  12700.00  1.0370e-09  1.0220e-09  1.1000e-09  1.3880e-09  1.6460e-09  1.8450e-09  1.9980e-09  2.1290e-09
  12710.00  9.8560e-10  1.0470e-09  1.1730e-09  1.5020e-09  1.7520e-09  1.9280e-09  2.0570e-09  2.1660e-09
  12720.00  9.8360e-10  1.1300e-09  1.3030e-09  1.6520e-09  1.8760e-09  2.0200e-09  2.1190e-09  2.2040e-09
  12730.00  1.0450e-09  1.2820e-09  1.4920e-09  1.8310e-09  2.0110e-09  2.1140e-09  2.1800e-09  2.2380e-09
  12740.00  1.1820e-09  1.5040e-09  1.7320e-09  2.0250e-09  2.1460e-09  2.2020e-09  2.2330e-09  2.2670e-09
  12750.00  1.3880e-09  1.7690e-09  1.9900e-09  2.2090e-09  2.2650e-09  2.2760e-09  2.2750e-09  2.2860e-09
  12760.00  1.6040e-09  2.0120e-09  2.2130e-09  2.3560e-09  2.3550e-09  2.3270e-09  2.3000e-09  2.2920e-09
  12770.00  1.7360e-09  2.1630e-09  2.3500e-09  2.4440e-09  2.4050e-09  2.3500e-09  2.3050e-09  2.2840e-09
  12780.00  1.7500e-09  2.1930e-09  2.3820e-09  2.4630e-09  2.4080e-09  2.3420e-09  2.2880e-09  2.2610e-09
  12790.00  1.6830e-09  2.1280e-09  2.3210e-09  2.4160e-09  2.3680e-09  2.3040e-09  2.2510e-09  2.2230e-09
  12800.00  1.5750e-09  2.0000e-09  2.1950e-09  2.3150e-09  2.2890e-09  2.2390e-09  2.1940e-09  2.1710e-09
  12810.00  1.4410e-09  1.8350e-09  2.0290e-09  2.1790e-09  2.1820e-09  2.1530e-09  2.1230e-09  2.1080e-09
  12820.00  1.2920e-09  1.6550e-09  1.8450e-09  2.0220e-09  2.0580e-09  2.0530e-09  2.0400e-09  2.0370e-09
  12830.00  1.1430e-09  1.4740e-09  1.6580e-09  1.8590e-09  1.9240e-09  1.9450e-09  1.9510e-09  1.9610e-09
  12840.00  1.0080e-09  1.3050e-09  1.4810e-09  1.6970e-09  1.7900e-09  1.8350e-09  1.8590e-09  1.8830e-09
  12850.00  8.9450e-10  1.1560e-09  1.3200e-09  1.5450e-09  1.6590e-09  1.7250e-09  1.7680e-09  1.8040e-09
  12860.00  8.0690e-10  1.0300e-09  1.1790e-09  1.4050e-09  1.5360e-09  1.6210e-09  1.6790e-09  1.7270e-09
  12870.00  7.4800e-10  9.2770e-10  1.0590e-09  1.2790e-09  1.4230e-09  1.5230e-09  1.5950e-09  1.6540e-09
  12880.00  7.1900e-10  8.4800e-10  9.5780e-10  1.1690e-09  1.3220e-09  1.4340e-09  1.5160e-09  1.5840e-09
  12890.00  7.1530e-10  7.8630e-10  8.7320e-10  1.0730e-09  1.2310e-09  1.3520e-09  1.4430e-09  1.5180e-09
  12900.00  7.1910e-10  7.3460e-10  8.0080e-10  9.8910e-10  1.1510e-09  1.2790e-09  1.3770e-09  1.4570e-09
  12910.00  7.0260e-10  6.8340e-10  7.3600e-10  9.1660e-10  1.0810e-09  1.2130e-09  1.3150e-09  1.4010e-09
  12920.00  6.5370e-10  6.2830e-10  6.7600e-10  8.5300e-10  1.0190e-09  1.1530e-09  1.2590e-09  1.3470e-09
  12930.00  5.8550e-10  5.7140e-10  6.2010e-10  7.9630e-10  9.6220e-10  1.0980e-09  1.2060e-09  1.2970e-09
  12940.00  5.1560e-10  5.1670e-10  5.6860e-10  7.4470e-10  9.1000e-10  1.0460e-09  1.1560e-09  1.2500e-09
  12950.00  4.5340e-10  4.6700e-10  5.2130e-10  6.9660e-10  8.6080e-10  9.9710e-10  1.1090e-09  1.2050e-09
  12960.00  4.0080e-10  4.2280e-10  4.7830e-10  6.5120e-10  8.1360e-10  9.5000e-10  1.0630e-09  1.1620e-09
  12970.00  3.5720e-10  3.8430e-10  4.3960e-10  6.0840e-10  7.6830e-10  9.0450e-10  1.0190e-09  1.1210e-09
  12980.00  3.2110e-10  3.5110e-10  4.0510e-10  5.6850e-10  7.2500e-10  8.6080e-10  9.7730e-10  1.0810e-09
  12990.00  2.9110e-10  3.2260e-10  3.7490e-10  5.3150e-10  6.8400e-10  8.1910e-10  9.3730e-10  1.0440e-09
  13000.00  2.6600e-10  2.9820e-10  3.4840e-10  4.9760e-10  6.4530e-10  7.7950e-10  8.9940e-10  1.0090e-09
  13010.00  2.4490e-10  2.7740e-10  3.2530e-10  4.6670e-10  6.0950e-10  7.4260e-10  8.6400e-10  9.7640e-10
  13020.00  2.2750e-10  2.6000e-10  3.0560e-10  4.3900e-10  5.7660e-10  7.0860e-10  8.3140e-10  9.4630e-10
  13030.00  2.1350e-10  2.4610e-10  2.8930e-10  4.1460e-10  5.4700e-10  6.7770e-10  8.0180e-10  9.1880e-10
  13040.00  2.0310e-10  2.3590e-10  2.7670e-10  3.9370e-10  5.2090e-10  6.5020e-10  7.7520e-10  8.9380e-10
  13050.00  1.9700e-10  2.3020e-10  2.6830e-10  3.7650e-10  4.9830e-10  6.2600e-10  7.5140e-10  8.7130e-10
  13060.00  1.9640e-10  2.3000e-10  2.6470e-10  3.6310e-10  4.7920e-10  6.0480e-10  7.3020e-10  8.5080e-10
  13070.00  2.0320e-10  2.3620e-10  2.6620e-10  3.5330e-10  4.6300e-10  5.8620e-10  7.1100e-10  8.3170e-10
  13080.00  2.1930e-10  2.4940e-10  2.7270e-10  3.4630e-10  4.4920e-10  5.6940e-10  6.9310e-10  8.1350e-10
  13090.00  2.4420e-10  2.6780e-10  2.8230e-10  3.4090e-10  4.3670e-10  5.5360e-10  6.7580e-10  7.9540e-10
  13100.00  2.7180e-10  2.8630e-10  2.9140e-10  3.3540e-10  4.2420e-10  5.3770e-10  6.5820e-10  7.7700e-10
  13110.00  2.9080e-10  2.9770e-10  2.9520e-10  3.2770e-10  4.1070e-10  5.2110e-10  6.3990e-10  7.5770e-10
  13120.00  2.9260e-10  2.9640e-10  2.9070e-10  3.1690e-10  3.9560e-10  5.0320e-10  6.2040e-10  7.3730e-10
  13130.00  2.7660e-10  2.8220e-10  2.7750e-10  3.0260e-10  3.7870e-10  4.8400e-10  5.9960e-10  7.1560e-10
  13140.00  2.4960e-10  2.5930e-10  2.5830e-10  2.8600e-10  3.6060e-10  4.6390e-10  5.7790e-10  6.9290e-10
  13150.00  2.2020e-10  2.3350e-10  2.3660e-10  2.6820e-10  3.4200e-10  4.4330e-10  5.5560e-10  6.6950e-10
  13160.00  1.9370e-10  2.0890e-10  2.1530e-10  2.5060e-10  3.2360e-10  4.2290e-10  5.3320e-10  6.4560e-10
  13170.00  1.7140e-10  1.8730e-10  1.9590e-10  2.3400e-10  3.0610e-10  4.0290e-10  5.1100e-10  6.2170e-10
  13180.00  1.5310e-10  1.6890e-10  1.7900e-10  2.1900e-10  2.8970e-10  3.8390e-10  4.8930e-10  5.9800e-10
  13190.00  1.3820e-10  1.5350e-10  1.6460e-10  2.0560e-10  2.7480e-10  3.6600e-10  4.6840e-10  5.7480e-10
  13200.00  1.2590e-10  1.4070e-10  1.5240e-10  1.9400e-10  2.6130e-10  3.4930e-10  4.4850e-10  5.5220e-10
  13210.00  1.1570e-10  1.3000e-10  1.4220e-10  1.8410e-10  2.4940e-10  3.3400e-10  4.2960e-10  5.3050e-10
  13220.00  1.0710e-10  1.2110e-10  1.3380e-10  1.7600e-10  2.3900e-10  3.2010e-10  4.1210e-10  5.0980e-10
  13230.00  9.9850e-11  1.1390e-10  1.2710e-10  1.6960e-10  2.3040e-10  3.0780e-10  3.9590e-10  4.9020e-10
  13240.00  9.3780e-11  1.0810e-10  1.2220e-10  1.6500e-10  2.2340e-10  2.9700e-10  3.8100e-10  4.7180e-10
  13250.00  8.8780e-11  1.0390e-10  1.1910e-10  1.6240e-10  2.1830e-10  2.8780e-10  3.6760e-10  4.5460e-10
  13260.00  8.4900e-11  1.0150e-10  1.1800e-10  1.6190e-10  2.1490e-10  2.8020e-10  3.5550e-10  4.3860e-10
  13270.00  8.2270e-11  1.0110e-10  1.1930e-10  1.6340e-10  2.1320e-10  2.7390e-10  3.4460e-10  4.2360e-10
  13280.00  8.1190e-11  1.0300e-10  1.2310e-10  1.6680e-10  2.1280e-10  2.6860e-10  3.3460e-10  4.0960e-10
  13290.00  8.1990e-11  1.0750e-10  1.2930e-10  1.7150e-10  2.1310e-10  2.6400e-10  3.2520e-10  3.9620e-10
  13300.00  8.4650e-11  1.1390e-10  1.3670e-10  1.7630e-10  2.1330e-10  2.5930e-10  3.1610e-10  3.8320e-10
  13310.00  8.7970e-11  1.2010e-10  1.4330e-10  1.7960e-10  2.1230e-10  2.5400e-10  3.0670e-10  3.7040e-10
  13320.00  8.9300e-11  1.2290e-10  1.4590e-10  1.7980e-10  2.0930e-10  2.4760e-10  2.9690e-10  3.5740e-10
  13330.00  8.6740e-11  1.2020e-10  1.4310e-10  1.7600e-10  2.0380e-10  2.3970e-10  2.8640e-10  3.4430e-10
  13340.00  8.1130e-11  1.1290e-10  1.3540e-10  1.6850e-10  1.9590e-10  2.3040e-10  2.7520e-10  3.3100e-10
  13350.00  7.4530e-11  1.0350e-10  1.2510e-10  1.5860e-10  1.8620e-10  2.2010e-10  2.6350e-10  3.1770e-10
  13360.00  6.8310e-11  9.4000e-11  1.1410e-10  1.4760e-10  1.7570e-10  2.0920e-10  2.5160e-10  3.0430e-10
  13370.00  6.2900e-11  8.5420e-11  1.0390e-10  1.3660e-10  1.6490e-10  1.9820e-10  2.3980e-10  2.9130e-10
  13380.00  5.8310e-11  7.8020e-11  9.4780e-11  1.2620e-10  1.5460e-10  1.8760e-10  2.2830e-10  2.7860e-10
  13390.00  5.4430e-11  7.1730e-11  8.6900e-11  1.1690e-10  1.4500e-10  1.7760e-10  2.1750e-10  2.6660e-10
  13400.00  5.1110e-11  6.6400e-11  8.0130e-11  1.0860e-10  1.3620e-10  1.6830e-10  2.0730e-10  2.5520e-10
  13410.00  4.8220e-11  6.1830e-11  7.4330e-11  1.0130e-10  1.2840e-10  1.5990e-10  1.9800e-10  2.4450e-10
  13420.00  4.5680e-11  5.7900e-11  6.9330e-11  9.5010e-11  1.2150e-10  1.5240e-10  1.8940e-10  2.3470e-10
  13430.00  4.3420e-11  5.4470e-11  6.5000e-11  8.9540e-11  1.1550e-10  1.4560e-10  1.8170e-10  2.2560e-10
  13440.00  4.1390e-11  5.1450e-11  6.1230e-11  8.4810e-11  1.1030e-10  1.3970e-10  1.7460e-10  2.1720e-10
  13450.00  3.9550e-11  4.8780e-11  5.7940e-11  8.0760e-11  1.0580e-10  1.3450e-10  1.6830e-10  2.0950e-10
  13460.00  3.7870e-11  4.6410e-11  5.5070e-11  7.7300e-11  1.0190e-10  1.2990e-10  1.6260e-10  2.0250e-10
  13470.00  3.6330e-11  4.4290e-11  5.2560e-11  7.4360e-11  9.8520e-11  1.2580e-10  1.5740e-10  1.9590e-10
  13480.00  3.4900e-11  4.2390e-11  5.0360e-11  7.1830e-11  9.5570e-11  1.2200e-10  1.5260e-10  1.8970e-10
  13490.00  3.3580e-11  4.0670e-11  4.8400e-11  6.9580e-11  9.2860e-11  1.1850e-10  1.4800e-10  1.8380e-10
  13500.00  3.2350e-11  3.9090e-11  4.6590e-11  6.7430e-11  9.0210e-11  1.1510e-10  1.4350e-10  1.7810e-10
  13510.00  3.1190e-11  3.7590e-11  4.4850e-11  6.5230e-11  8.7450e-11  1.1160e-10  1.3910e-10  1.7240e-10
  13520.00  3.0100e-11  3.6150e-11  4.3110e-11  6.2880e-11  8.4490e-11  1.0790e-10  1.3450e-10  1.6680e-10
  13530.00  2.9050e-11  3.4760e-11  4.1370e-11  6.0370e-11  8.1300e-11  1.0400e-10  1.2990e-10  1.6120e-10
  13540.00  2.8060e-11  3.3410e-11  3.9630e-11  5.7730e-11  7.7940e-11  1.0000e-10  1.2510e-10  1.5560e-10
  13550.00  2.7120e-11  3.2120e-11  3.7950e-11  5.5060e-11  7.4500e-11  9.5960e-11  1.2040e-10  1.5010e-10
  13560.00  2.6230e-11  3.0910e-11  3.6350e-11  5.2450e-11  7.1100e-11  9.1960e-11  1.1580e-10  1.4480e-10
  13570.00  2.5390e-11  2.9770e-11  3.4850e-11  4.9980e-11  6.7840e-11  8.8110e-11  1.1140e-10  1.3960e-10
  13580.00  2.4590e-11  2.8700e-11  3.3450e-11  4.7680e-11  6.4780e-11  8.4490e-11  1.0730e-10  1.3480e-10
  13590.00  2.3820e-11  2.7700e-11  3.2160e-11  4.5560e-11  6.1970e-11  8.1150e-11  1.0340e-10  1.3030e-10
  13600.00  2.3100e-11  2.6760e-11  3.0960e-11  4.3620e-11  5.9410e-11  7.8120e-11  9.9900e-11  1.2610e-10
  13610.00  2.2400e-11  2.5870e-11  2.9830e-11  4.1850e-11  5.7100e-11  7.5390e-11  9.6730e-11  1.2230e-10
  13620.00  2.1740e-11  2.5030e-11  2.8780e-11  4.0240e-11  5.5040e-11  7.2970e-11  9.3880e-11  1.1880e-10
  13630.00  2.1110e-11  2.4240e-11  2.7800e-11  3.8770e-11  5.3190e-11  7.0810e-11  9.1320e-11  1.1570e-10
  13640.00  2.0500e-11  2.3480e-11  2.6870e-11  3.7420e-11  5.1530e-11  6.8870e-11  8.8990e-11  1.1280e-10
  13650.00  1.9920e-11  2.2760e-11  2.6000e-11  3.6170e-11  5.0010e-11  6.7080e-11  8.6830e-11  1.1000e-10
  13660.00  1.9370e-11  2.2070e-11  2.5170e-11  3.5010e-11  4.8580e-11  6.5390e-11  8.4760e-11  1.0730e-10
  13670.00  1.8830e-11  2.1420e-11  2.4390e-11  3.3900e-11  4.7200e-11  6.3740e-11  8.2730e-11  1.0470e-10
  13680.00  1.8320e-11  2.0790e-11  2.3640e-11  3.2840e-11  4.5860e-11  6.2090e-11  8.0660e-11  1.0210e-10
  13690.00  1.7830e-11  2.0200e-11  2.2930e-11  3.1820e-11  4.4520e-11  6.0400e-11  7.8540e-11  9.9370e-11
  13700.00  1.7360e-11  1.9620e-11  2.2240e-11  3.0830e-11  4.3180e-11  5.8660e-11  7.6320e-11  9.6570e-11
  13710.00  1.6900e-11  1.9070e-11  2.1590e-11  2.9870e-11  4.1820e-11  5.6840e-11  7.4010e-11  9.3670e-11
  13720.00  1.6460e-11  1.8550e-11  2.0970e-11  2.8920e-11  4.0430e-11  5.4950e-11  7.1600e-11  9.0670e-11
  13730.00  1.6040e-11  1.8040e-11  2.0360e-11  2.7980e-11  3.9020e-11  5.3010e-11  6.9110e-11  8.7610e-11
  13740.00  1.5630e-11  1.7550e-11  1.9780e-11  2.7070e-11  3.7610e-11  5.1050e-11  6.6590e-11  8.4510e-11
  13750.00  1.5240e-11  1.7090e-11  1.9230e-11  2.6180e-11  3.6220e-11  4.9100e-11  6.4080e-11  8.1430e-11
  13760.00  1.4860e-11  1.6640e-11  1.8700e-11  2.5330e-11  3.4880e-11  4.7190e-11  6.1620e-11  7.8400e-11
  13770.00  1.4490e-11  1.6200e-11  1.8190e-11  2.4530e-11  3.3610e-11  4.5370e-11  5.9250e-11  7.5480e-11
  13780.00  1.4140e-11  1.5790e-11  1.7700e-11  2.3760e-11  3.2400e-11  4.3640e-11  5.7000e-11  7.2690e-11
  13790.00  1.3800e-11  1.5380e-11  1.7220e-11  2.3040e-11  3.1270e-11  4.2020e-11  5.4880e-11  7.0040e-11
  13800.00  1.3470e-11  1.5000e-11  1.6770e-11  2.2350e-11  3.0210e-11  4.0510e-11  5.2890e-11  6.7560e-11
  13810.00  1.3150e-11  1.4620e-11  1.6340e-11  2.1690e-11  2.9220e-11  3.9100e-11  5.1040e-11  6.5240e-11
  13820.00  1.2840e-11  1.4260e-11  1.5920e-11  2.1070e-11  2.8290e-11  3.7790e-11  4.9330e-11  6.3070e-11
  13830.00  1.2540e-11  1.3910e-11  1.5510e-11  2.0480e-11  2.7420e-11  3.6580e-11  4.7730e-11  6.1040e-11
  13840.00  1.2250e-11  1.3580e-11  1.5120e-11  1.9920e-11  2.6600e-11  3.5440e-11  4.6240e-11  5.9140e-11
  13850.00  1.1970e-11  1.3250e-11  1.4750e-11  1.9380e-11  2.5830e-11  3.4380e-11  4.4840e-11  5.7350e-11
  13860.00  1.1700e-11  1.2940e-11  1.4390e-11  1.8870e-11  2.5090e-11  3.3370e-11  4.3500e-11  5.5640e-11
  13870.00  1.1430e-11  1.2630e-11  1.4040e-11  1.8370e-11  2.4390e-11  3.2400e-11  4.2230e-11  5.3990e-11
  13880.00  1.1180e-11  1.2340e-11  1.3700e-11  1.7890e-11  2.3720e-11  3.1470e-11  4.0990e-11  5.2390e-11
  13890.00  1.0930e-11  1.2050e-11  1.3370e-11  1.7430e-11  2.3060e-11  3.0550e-11  3.9770e-11  5.0830e-11
  13900.00  1.0690e-11  1.1780e-11  1.3060e-11  1.6990e-11  2.2420e-11  2.9650e-11  3.8570e-11  4.9280e-11
  13910.00  1.0460e-11  1.1510e-11  1.2750e-11  1.6560e-11  2.1800e-11  2.8770e-11  3.7390e-11  4.7760e-11
  13920.00  1.0230e-11  1.1250e-11  1.2450e-11  1.6140e-11  2.1190e-11  2.7910e-11  3.6230e-11  4.6270e-11
  13930.00  1.0010e-11  1.1000e-11  1.2170e-11  1.5740e-11  2.0610e-11  2.7070e-11  3.5100e-11  4.4820e-11
  13940.00  9.8010e-12  1.0760e-11  1.1890e-11  1.5350e-11  2.0040e-11  2.6270e-11  3.4010e-11  4.3410e-11
  13950.00  9.5940e-12  1.0520e-11  1.1620e-11  1.4980e-11  1.9500e-11  2.5490e-11  3.2960e-11  4.2060e-11
  13960.00  9.3930e-12  1.0290e-11  1.1360e-11  1.4620e-11  1.8980e-11  2.4750e-11  3.1960e-11  4.0770e-11
  13970.00  9.1970e-12  1.0070e-11  1.1110e-11  1.4270e-11  1.8480e-11  2.4050e-11  3.1010e-11  3.9540e-11
  13980.00  9.0070e-12  9.8550e-12  1.0860e-11  1.3930e-11  1.8010e-11  2.3380e-11  3.0120e-11  3.8390e-11
  13990.00  8.8220e-12  9.6450e-12  1.0630e-11  1.3600e-11  1.7550e-11  2.2740e-11  2.9270e-11  3.7310e-11
  14000.00  8.6420e-12  9.4420e-12  1.0400e-11  1.3290e-11  1.7110e-11  2.2140e-11  2.8480e-11  3.6290e-11
  14010.00  8.4670e-12  9.2440e-12  1.0170e-11  1.2990e-11  1.6690e-11  2.1570e-11  2.7730e-11  3.5330e-11
  14020.00  8.2970e-12  9.0520e-12  9.9550e-12  1.2690e-11  1.6290e-11  2.1030e-11  2.7020e-11  3.4420e-11
  14030.00  8.1320e-12  8.8650e-12  9.7440e-12  1.2410e-11  1.5900e-11  2.0510e-11  2.6340e-11  3.3550e-11
  14040.00  7.9700e-12  8.6830e-12  9.5390e-12  1.2130e-11  1.5530e-11  2.0000e-11  2.5680e-11  3.2710e-11
  14050.00  7.8130e-12  8.5060e-12  9.3390e-12  1.1860e-11  1.5170e-11  1.9520e-11  2.5050e-11  3.1880e-11
  14060.00  7.6600e-12  8.3340e-12  9.1460e-12  1.1600e-11  1.4810e-11  1.9040e-11  2.4420e-11  3.1070e-11
  14070.00  7.5110e-12  8.1660e-12  8.9580e-12  1.1350e-11  1.4470e-11  1.8580e-11  2.3800e-11  3.0260e-11
  14080.00  7.3660e-12  8.0040e-12  8.7750e-12  1.1110e-11  1.4140e-11  1.8120e-11  2.3180e-11  2.9440e-11
  14090.00  7.2240e-12  7.8450e-12  8.5960e-12  1.0870e-11  1.3820e-11  1.7670e-11  2.2570e-11  2.8640e-11
  14100.00  7.0860e-12  7.6900e-12  8.4230e-12  1.0640e-11  1.3500e-11  1.7240e-11  2.1970e-11  2.7840e-11
  14110.00  6.9520e-12  7.5400e-12  8.2550e-12  1.0410e-11  1.3200e-11  1.6810e-11  2.1390e-11  2.7060e-11
  14120.00  6.8210e-12  7.3930e-12  8.0900e-12  1.0200e-11  1.2900e-11  1.6400e-11  2.0820e-11  2.6300e-11
  14130.00  6.6930e-12  7.2500e-12  7.9310e-12  9.9860e-12  1.2620e-11  1.6000e-11  2.0270e-11  2.5560e-11
  14140.00  6.5680e-12  7.1110e-12  7.7750e-12  9.7800e-12  1.2340e-11  1.5620e-11  1.9740e-11  2.4850e-11
  14150.00  6.4460e-12  6.9760e-12  7.6230e-12  9.5800e-12  1.2070e-11  1.5250e-11  1.9240e-11  2.4170e-11
  14160.00  6.3270e-12  6.8430e-12  7.4760e-12  9.3860e-12  1.1810e-11  1.4890e-11  1.8750e-11  2.3510e-11
  14170.00  6.2110e-12  6.7140e-12  7.3320e-12  9.1960e-12  1.1560e-11  1.4550e-11  1.8280e-11  2.2890e-11
  14180.00  6.0980e-12  6.5880e-12  7.1910e-12  9.0120e-12  1.1310e-11  1.4220e-11  1.7830e-11  2.2290e-11
  14190.00  5.9870e-12  6.4660e-12  7.0550e-12  8.8330e-12  1.1070e-11  1.3900e-11  1.7400e-11  2.1720e-11
  14200.00  5.8790e-12  6.3460e-12  6.9210e-12  8.6590e-12  1.0840e-11  1.3590e-11  1.6990e-11  2.1170e-11
  14210.00  5.7740e-12  6.2290e-12  6.7910e-12  8.4890e-12  1.0620e-11  1.3290e-11  1.6590e-11  2.0640e-11
  14220.00  5.6710e-12  6.1150e-12  6.6650e-12  8.3240e-12  1.0400e-11  1.3000e-11  1.6200e-11  2.0130e-11
  14230.00  5.5700e-12  6.0040e-12  6.5410e-12  8.1630e-12  1.0190e-11  1.2720e-11  1.5830e-11  1.9640e-11
  14240.00  5.4720e-12  5.8950e-12  6.4200e-12  8.0060e-12  9.9850e-12  1.2450e-11  1.5460e-11  1.9160e-11
  14250.00  5.3760e-12  5.7890e-12  6.3020e-12  7.8530e-12  9.7850e-12  1.2180e-11  1.5110e-11  1.8700e-11
  14260.00  5.2820e-12  5.6850e-12  6.1870e-12  7.7040e-12  9.5910e-12  1.1920e-11  1.4770e-11  1.8250e-11
  14270.00  5.1900e-12  5.5840e-12  6.0750e-12  7.5580e-12  9.4010e-12  1.1670e-11  1.4440e-11  1.7820e-11
  14280.00  5.1000e-12  5.4850e-12  5.9650e-12  7.4170e-12  9.2170e-12  1.1430e-11  1.4130e-11  1.7400e-11
  14290.00  5.0130e-12  5.3880e-12  5.8580e-12  7.2780e-12  9.0380e-12  1.1200e-11  1.3820e-11  1.7000e-11
  14300.00  4.9270e-12  5.2940e-12  5.7540e-12  7.1430e-12  8.8630e-12  1.0970e-11  1.3520e-11  1.6600e-11
  14310.00  4.8430e-12  5.2010e-12  5.6520e-12  7.0120e-12  8.6930e-12  1.0750e-11  1.3230e-11  1.6230e-11
  14320.00  4.7610e-12  5.1110e-12  5.5520e-12  6.8830e-12  8.5270e-12  1.0530e-11  1.2940e-11  1.5860e-11
  14330.00  4.6800e-12  5.0230e-12  5.4540e-12  6.7580e-12  8.3650e-12  1.0320e-11  1.2670e-11  1.5510e-11
  14340.00  4.6020e-12  4.9370e-12  5.3590e-12  6.6360e-12  8.2080e-12  1.0120e-11  1.2410e-11  1.5170e-11
  14350.00  4.5250e-12  4.8520e-12  5.2660e-12  6.5160e-12  8.0540e-12  9.9190e-12  1.2150e-11  1.4830e-11
  14360.00  4.4490e-12  4.7700e-12  5.1750e-12  6.4000e-12  7.9040e-12  9.7260e-12  1.1900e-11  1.4510e-11
  14370.00  4.3760e-12  4.6890e-12  5.0860e-12  6.2860e-12  7.7580e-12  9.5380e-12  1.1660e-11  1.4200e-11
  14380.00  4.3030e-12  4.6100e-12  4.9990e-12  6.1740e-12  7.6160e-12  9.3540e-12  1.1420e-11  1.3900e-11
  14390.00  4.2330e-12  4.5320e-12  4.9130e-12  6.0660e-12  7.4760e-12  9.1760e-12  1.1190e-11  1.3610e-11
  14400.00  4.1640e-12  4.4570e-12  4.8300e-12  5.9590e-12  7.3410e-12  9.0020e-12  1.0970e-11  1.3320e-11
  14410.00  4.0960e-12  4.3830e-12  4.7490e-12  5.8560e-12  7.2080e-12  8.8330e-12  1.0760e-11  1.3040e-11
  14420.00  4.0290e-12  4.3100e-12  4.6690e-12  5.7540e-12  7.0790e-12  8.6680e-12  1.0540e-11  1.2770e-11
  14430.00  3.9640e-12  4.2390e-12  4.5910e-12  5.6550e-12  6.9530e-12  8.5070e-12  1.0340e-11  1.2510e-11
  14440.00  3.9010e-12  4.1700e-12  4.5140e-12  5.5580e-12  6.8290e-12  8.3490e-12  1.0140e-11  1.2260e-11
  14450.00  3.8380e-12  4.1020e-12  4.4400e-12  5.4630e-12  6.7090e-12  8.1960e-12  9.9440e-12  1.2010e-11
  14460.00  3.7770e-12  4.0350e-12  4.3670e-12  5.3700e-12  6.5910e-12  8.0470e-12  9.7540e-12  1.1770e-11
  14470.00  3.7170e-12  3.9700e-12  4.2950e-12  5.2790e-12  6.4760e-12  7.9010e-12  9.5700e-12  1.1530e-11
  14480.00  3.6590e-12  3.9060e-12  4.2250e-12  5.1910e-12  6.3640e-12  7.7590e-12  9.3900e-12  1.1310e-11
  14490.00  3.6010e-12  3.8430e-12  4.1560e-12  5.1040e-12  6.2540e-12  7.6200e-12  9.2140e-12  1.1080e-11
  14500.00  3.5450e-12  3.7820e-12  4.0890e-12  5.0190e-12  6.1460e-12  7.4840e-12  9.0430e-12  1.0870e-11
  14510.00  3.4890e-12  3.7220e-12  4.0230e-12  4.9360e-12  6.0410e-12  7.3510e-12  8.8760e-12  1.0660e-11
  14520.00  3.4350e-12  3.6630e-12  3.9580e-12  4.8540e-12  5.9390e-12  7.2220e-12  8.7140e-12  1.0450e-11
  14530.00  3.3820e-12  3.6050e-12  3.8950e-12  4.7750e-12  5.8380e-12  7.0960e-12  8.5550e-12  1.0260e-11
  14540.00  3.3300e-12  3.5490e-12  3.8330e-12  4.6970e-12  5.7400e-12  6.9720e-12  8.4010e-12  1.0060e-11
  14550.00  3.2790e-12  3.4930e-12  3.7730e-12  4.6200e-12  5.6440e-12  6.8520e-12  8.2500e-12  9.8740e-12
  14560.00  3.2280e-12  3.4390e-12  3.7130e-12  4.5450e-12  5.5500e-12  6.7340e-12  8.1020e-12  9.6900e-12
  14570.00  3.1790e-12  3.3850e-12  3.6550e-12  4.4720e-12  5.4580e-12  6.6180e-12  7.9590e-12  9.5110e-12
  14580.00  3.1310e-12  3.3330e-12  3.5980e-12  4.4000e-12  5.3680e-12  6.5060e-12  7.8180e-12  9.3360e-12
  14590.00  3.0830e-12  3.2820e-12  3.5420e-12  4.3300e-12  5.2800e-12  6.3960e-12  7.6810e-12  9.1660e-12
  14600.00  3.0370e-12  3.2320e-12  3.4870e-12  4.2610e-12  5.1940e-12  6.2880e-12  7.5470e-12  8.9990e-12
  14610.00  2.9910e-12  3.1820e-12  3.4330e-12  4.1940e-12  5.1090e-12  6.1820e-12  7.4160e-12  8.8370e-12
  14620.00  2.9470e-12  3.1340e-12  3.3800e-12  4.1280e-12  5.0260e-12  6.0790e-12  7.2880e-12  8.6790e-12
  14630.00  2.9030e-12  3.0860e-12  3.3280e-12  4.0630e-12  4.9450e-12  5.9780e-12  7.1630e-12  8.5250e-12
  14640.00  2.8600e-12  3.0400e-12  3.2770e-12  3.9990e-12  4.8660e-12  5.8800e-12  7.0410e-12  8.3740e-12
  14650.00  2.8170e-12  2.9940e-12  3.2280e-12  3.9370e-12  4.7890e-12  5.7830e-12  6.9220e-12  8.2270e-12
  14660.00  2.7760e-12  2.9490e-12  3.1790e-12  3.8760e-12  4.7120e-12  5.6890e-12  6.8050e-12  8.0830e-12
  14670.00  2.7350e-12  2.9050e-12  3.1310e-12  3.8160e-12  4.6380e-12  5.5960e-12  6.6910e-12  7.9430e-12
  14680.00  2.6950e-12  2.8620e-12  3.0840e-12  3.7580e-12  4.5650e-12  5.5060e-12  6.5790e-12  7.8060e-12
  14690.00  2.6560e-12  2.8200e-12  3.0380e-12  3.7000e-12  4.4930e-12  5.4170e-12  6.4700e-12  7.6720e-12
  14700.00  2.6170e-12  2.7780e-12  2.9920e-12  3.6440e-12  4.4230e-12  5.3300e-12  6.3630e-12  7.5410e-12
  14710.00  2.5790e-12  2.7370e-12  2.9480e-12  3.5890e-12  4.3550e-12  5.2450e-12  6.2590e-12  7.4130e-12
  14720.00  2.5420e-12  2.6970e-12  2.9040e-12  3.5340e-12  4.2870e-12  5.1620e-12  6.1560e-12  7.2880e-12
  14730.00  2.5050e-12  2.6580e-12  2.8610e-12  3.4810e-12  4.2210e-12  5.0800e-12  6.0560e-12  7.1660e-12
  14740.00  2.4690e-12  2.6190e-12  2.8190e-12  3.4290e-12  4.1560e-12  5.0000e-12  5.9580e-12  7.0460e-12
  14750.00  2.4340e-12  2.5810e-12  2.7780e-12  3.3780e-12  4.0930e-12  4.9220e-12  5.8620e-12  6.9290e-12
  14760.00  2.3990e-12  2.5440e-12  2.7380e-12  3.3270e-12  4.0310e-12  4.8450e-12  5.7680e-12  6.8140e-12
  14770.00  2.3650e-12  2.5070e-12  2.6980e-12  3.2780e-12  3.9700e-12  4.7700e-12  5.6760e-12  6.7020e-12
  14780.00  2.3320e-12  2.4710e-12  2.6590e-12  3.2300e-12  3.9100e-12  4.6960e-12  5.5860e-12  6.5930e-12
  14790.00  2.2990e-12  2.4360e-12  2.6200e-12  3.1820e-12  3.8510e-12  4.6240e-12  5.4980e-12  6.4860e-12
  14800.00  2.2670e-12  2.4010e-12  2.5830e-12  3.1360e-12  3.7940e-12  4.5530e-12  5.4110e-12  6.3810e-12
  14810.00  2.2350e-12  2.3670e-12  2.5460e-12  3.0900e-12  3.7370e-12  4.4840e-12  5.3260e-12  6.2780e-12
  14820.00  2.2040e-12  2.3340e-12  2.5090e-12  3.0450e-12  3.6820e-12  4.4160e-12  5.2430e-12  6.1770e-12
  14830.00  2.1730e-12  2.3010e-12  2.4740e-12  3.0010e-12  3.6270e-12  4.3490e-12  5.1620e-12  6.0790e-12
  14840.00  2.1430e-12  2.2680e-12  2.4390e-12  2.9570e-12  3.5740e-12  4.2830e-12  5.0820e-12  5.9820e-12
  14850.00  2.1130e-12  2.2370e-12  2.4040e-12  2.9150e-12  3.5210e-12  4.2190e-12  5.0040e-12  5.8880e-12
  14860.00  2.0840e-12  2.2050e-12  2.3700e-12  2.8730e-12  3.4700e-12  4.1560e-12  4.9280e-12  5.7960e-12
  14870.00  2.0560e-12  2.1750e-12  2.3370e-12  2.8320e-12  3.4200e-12  4.0940e-12  4.8530e-12  5.7050e-12
  14880.00  2.0270e-12  2.1450e-12  2.3040e-12  2.7920e-12  3.3700e-12  4.0340e-12  4.7790e-12  5.6160e-12
  14890.00  2.0000e-12  2.1150e-12  2.2720e-12  2.7520e-12  3.3210e-12  3.9740e-12  4.7070e-12  5.5290e-12
  14900.00  1.9720e-12  2.0860e-12  2.2410e-12  2.7130e-12  3.2740e-12  3.9160e-12  4.6360e-12  5.4440e-12
  14910.00  1.9460e-12  2.0570e-12  2.2100e-12  2.6750e-12  3.2270e-12  3.8590e-12  4.5670e-12  5.3600e-12
  14920.00  1.9190e-12  2.0290e-12  2.1790e-12  2.6380e-12  3.1810e-12  3.8020e-12  4.4990e-12  5.2780e-12
  14930.00  1.8930e-12  2.0010e-12  2.1490e-12  2.6010e-12  3.1350e-12  3.7470e-12  4.4320e-12  5.1980e-12
  14940.00  1.8680e-12  1.9740e-12  2.1200e-12  2.5650e-12  3.0910e-12  3.6930e-12  4.3660e-12  5.1190e-12
  14950.00  1.8430e-12  1.9470e-12  2.0910e-12  2.5290e-12  3.0470e-12  3.6400e-12  4.3020e-12  5.0420e-12
  14960.00  1.8180e-12  1.9210e-12  2.0620e-12  2.4940e-12  3.0040e-12  3.5880e-12  4.2390e-12  4.9670e-12
  14970.00  1.7940e-12  1.8950e-12  2.0340e-12  2.4600e-12  2.9620e-12  3.5360e-12  4.1770e-12  4.8920e-12
  14980.00  1.7700e-12  1.8690e-12  2.0070e-12  2.4260e-12  2.9210e-12  3.4860e-12  4.1160e-12  4.8200e-12
  14990.00  1.7470e-12  1.8440e-12  1.9790e-12  2.3930e-12  2.8800e-12  3.4370e-12  4.0570e-12  4.7480e-12
  15000.00  1.7240e-12  1.8200e-12  1.9530e-12  2.3600e-12  2.8400e-12  3.3880e-12  3.9980e-12  4.6780e-12
  15010.00  1.7010e-12  1.7950e-12  1.9270e-12  2.3280e-12  2.8010e-12  3.3400e-12  3.9410e-12  4.6090e-12
  15020.00  1.6790e-12  1.7720e-12  1.9010e-12  2.2960e-12  2.7630e-12  3.2940e-12  3.8840e-12  4.5420e-12
  15030.00  1.6570e-12  1.7480e-12  1.8750e-12  2.2650e-12  2.7250e-12  3.2480e-12  3.8290e-12  4.4760e-12
  15040.00  1.6350e-12  1.7250e-12  1.8510e-12  2.2350e-12  2.6880e-12  3.2020e-12  3.7750e-12  4.4110e-12
  15050.00  1.6140e-12  1.7020e-12  1.8260e-12  2.2050e-12  2.6510e-12  3.1580e-12  3.7210e-12  4.3470e-12
  15060.00  1.5930e-12  1.6800e-12  1.8020e-12  2.1750e-12  2.6150e-12  3.1140e-12  3.6690e-12  4.2850e-12
  15070.00  1.5720e-12  1.6580e-12  1.7780e-12  2.1460e-12  2.5800e-12  3.0710e-12  3.6170e-12  4.2230e-12
  15080.00  1.5520e-12  1.6360e-12  1.7550e-12  2.1180e-12  2.5450e-12  3.0290e-12  3.5670e-12  4.1630e-12
  15090.00  1.5320e-12  1.6150e-12  1.7320e-12  2.0900e-12  2.5110e-12  2.9880e-12  3.5170e-12  4.1040e-12
  15100.00  1.5120e-12  1.5940e-12  1.7090e-12  2.0620e-12  2.4770e-12  2.9470e-12  3.4680e-12  4.0460e-12
  15110.00  1.4930e-12  1.5740e-12  1.6870e-12  2.0350e-12  2.4440e-12  2.9070e-12  3.4210e-12  3.9890e-12
  15120.00  1.4740e-12  1.5530e-12  1.6650e-12  2.0080e-12  2.4110e-12  2.8680e-12  3.3730e-12  3.9330e-12
  15130.00  1.4550e-12  1.5330e-12  1.6440e-12  1.9820e-12  2.3790e-12  2.8290e-12  3.3270e-12  3.8780e-12
  15140.00  1.4370e-12  1.5140e-12  1.6220e-12  1.9560e-12  2.3480e-12  2.7910e-12  3.2820e-12  3.8240e-12
  15150.00  1.4180e-12  1.4940e-12  1.6010e-12  1.9310e-12  2.3170e-12  2.7540e-12  3.2370e-12  3.7700e-12
  15160.00  1.4000e-12  1.4750e-12  1.5810e-12  1.9060e-12  2.2870e-12  2.7170e-12  3.1930e-12  3.7180e-12
  15170.00  1.3830e-12  1.4560e-12  1.5610e-12  1.8810e-12  2.2570e-12  2.6810e-12  3.1500e-12  3.6670e-12
  15180.00  1.3650e-12  1.4380e-12  1.5410e-12  1.8570e-12  2.2270e-12  2.6460e-12  3.1080e-12  3.6170e-12
  15190.00  1.3480e-12  1.4200e-12  1.5210e-12  1.8330e-12  2.1980e-12  2.6110e-12  3.0660e-12  3.5670e-12
  15200.00  1.3310e-12  1.4020e-12  1.5020e-12  1.8090e-12  2.1700e-12  2.5770e-12  3.0250e-12  3.5190e-12
  15210.00  1.3150e-12  1.3840e-12  1.4830e-12  1.7860e-12  2.1420e-12  2.5430e-12  2.9850e-12  3.4710e-12
  15220.00  1.2990e-12  1.3670e-12  1.4640e-12  1.7640e-12  2.1140e-12  2.5100e-12  2.9450e-12  3.4240e-12
  15230.00  1.2820e-12  1.3500e-12  1.4460e-12  1.7410e-12  2.0870e-12  2.4770e-12  2.9060e-12  3.3780e-12
  15240.00  1.2670e-12  1.3330e-12  1.4280e-12  1.7190e-12  2.0600e-12  2.4450e-12  2.8680e-12  3.3330e-12
  15250.00  1.2510e-12  1.3160e-12  1.4100e-12  1.6980e-12  2.0340e-12  2.4130e-12  2.8300e-12  3.2880e-12
  15260.00  1.2360e-12  1.3000e-12  1.3920e-12  1.6760e-12  2.0080e-12  2.3820e-12  2.7930e-12  3.2440e-12
  15270.00  1.2200e-12  1.2840e-12  1.3750e-12  1.6550e-12  1.9830e-12  2.3510e-12  2.7560e-12  3.2010e-12
  15280.00  1.2050e-12  1.2680e-12  1.3580e-12  1.6340e-12  1.9580e-12  2.3210e-12  2.7210e-12  3.1590e-12
  15290.00  1.1910e-12  1.2520e-12  1.3410e-12  1.6140e-12  1.9330e-12  2.2920e-12  2.6850e-12  3.1170e-12
  15300.00  1.1760e-12  1.2370e-12  1.3250e-12  1.5940e-12  1.9090e-12  2.2630e-12  2.6510e-12  3.0760e-12
  15310.00  1.1620e-12  1.2220e-12  1.3080e-12  1.5740e-12  1.8850e-12  2.2340e-12  2.6170e-12  3.0360e-12
  15320.00  1.1480e-12  1.2070e-12  1.2920e-12  1.5550e-12  1.8610e-12  2.2060e-12  2.5830e-12  2.9970e-12
  15330.00  1.1340e-12  1.1920e-12  1.2760e-12  1.5360e-12  1.8380e-12  2.1780e-12  2.5500e-12  2.9580e-12
  15340.00  1.1200e-12  1.1780e-12  1.2610e-12  1.5170e-12  1.8150e-12  2.1500e-12  2.5180e-12  2.9190e-12
  15350.00  1.1070e-12  1.1640e-12  1.2460e-12  1.4980e-12  1.7930e-12  2.1240e-12  2.4860e-12  2.8820e-12
  15360.00  1.0940e-12  1.1500e-12  1.2300e-12  1.4800e-12  1.7710e-12  2.0970e-12  2.4540e-12  2.8450e-12
  15370.00  1.0810e-12  1.1360e-12  1.2150e-12  1.4620e-12  1.7490e-12  2.0710e-12  2.4230e-12  2.8080e-12
  15380.00  1.0680e-12  1.1220e-12  1.2010e-12  1.4440e-12  1.7280e-12  2.0450e-12  2.3930e-12  2.7720e-12
  15390.00  1.0550e-12  1.1090e-12  1.1860e-12  1.4260e-12  1.7060e-12  2.0200e-12  2.3630e-12  2.7370e-12
  15400.00  1.0420e-12  1.0950e-12  1.1720e-12  1.4090e-12  1.6860e-12  1.9950e-12  2.3330e-12  2.7020e-12
  15410.00  1.0300e-12  1.0820e-12  1.1580e-12  1.3920e-12  1.6650e-12  1.9710e-12  2.3040e-12  2.6680e-12
  15420.00  1.0180e-12  1.0690e-12  1.1440e-12  1.3760e-12  1.6450e-12  1.9460e-12  2.2760e-12  2.6350e-12
  15430.00  1.0060e-12  1.0570e-12  1.1310e-12  1.3590e-12  1.6250e-12  1.9230e-12  2.2470e-12  2.6020e-12
  15440.00  9.9410e-13  1.0440e-12  1.1170e-12  1.3430e-12  1.6060e-12  1.8990e-12  2.2200e-12  2.5690e-12
  15450.00  9.8250e-13  1.0320e-12  1.1040e-12  1.3270e-12  1.5860e-12  1.8760e-12  2.1920e-12  2.5370e-12
  15460.00  9.7100e-13  1.0200e-12  1.0910e-12  1.3110e-12  1.5670e-12  1.8530e-12  2.1660e-12  2.5050e-12
  15470.00  9.5970e-13  1.0080e-12  1.0780e-12  1.2950e-12  1.5490e-12  1.8310e-12  2.1390e-12  2.4740e-12
  15480.00  9.4850e-13  9.9580e-13  1.0650e-12  1.2800e-12  1.5300e-12  1.8090e-12  2.1130e-12  2.4440e-12
  15490.00  9.3750e-13  9.8420e-13  1.0530e-12  1.2650e-12  1.5120e-12  1.7870e-12  2.0870e-12  2.4140e-12
  15500.00  9.2660e-13  9.7270e-13  1.0410e-12  1.2500e-12  1.4940e-12  1.7660e-12  2.0620e-12  2.3840e-12
  15510.00  9.1590e-13  9.6140e-13  1.0280e-12  1.2350e-12  1.4760e-12  1.7450e-12  2.0370e-12  2.3550e-12
  15520.00  9.0540e-13  9.5020e-13  1.0160e-12  1.2210e-12  1.4590e-12  1.7240e-12  2.0130e-12  2.3260e-12
  15530.00  8.9490e-13  9.3920e-13  1.0050e-12  1.2070e-12  1.4420e-12  1.7040e-12  1.9890e-12  2.2980e-12
  15540.00  8.8470e-13  9.2840e-13  9.9290e-13  1.1930e-12  1.4250e-12  1.6840e-12  1.9650e-12  2.2700e-12
  15550.00  8.7460e-13  9.1770e-13  9.8150e-13  1.1790e-12  1.4080e-12  1.6640e-12  1.9410e-12  2.2430e-12
  15560.00  8.6460e-13  9.0710e-13  9.7010e-13  1.1650e-12  1.3920e-12  1.6440e-12  1.9180e-12  2.2160e-12
  15570.00  8.5470e-13  8.9670e-13  9.5900e-13  1.1520e-12  1.3760e-12  1.6250e-12  1.8960e-12  2.1890e-12
  15580.00  8.4500e-13  8.8650e-13  9.4800e-13  1.1380e-12  1.3600e-12  1.6060e-12  1.8730e-12  2.1630e-12
  15590.00  8.3540e-13  8.7640e-13  9.3710e-13  1.1250e-12  1.3440e-12  1.5870e-12  1.8510e-12  2.1370e-12
  15600.00  8.2600e-13  8.6640e-13  9.2640e-13  1.1130e-12  1.3290e-12  1.5690e-12  1.8300e-12  2.1120e-12
  15610.00  8.1670e-13  8.5650e-13  9.1590e-13  1.1000e-12  1.3130e-12  1.5510e-12  1.8080e-12  2.0870e-12
  15620.00  8.0750e-13  8.4680e-13  9.0550e-13  1.0870e-12  1.2980e-12  1.5330e-12  1.7870e-12  2.0620e-12
  15630.00  7.9840e-13  8.3730e-13  8.9520e-13  1.0750e-12  1.2830e-12  1.5150e-12  1.7660e-12  2.0380e-12
  15640.00  7.8940e-13  8.2780e-13  8.8510e-13  1.0630e-12  1.2690e-12  1.4980e-12  1.7460e-12  2.0140e-12
  15650.00  7.8060e-13  8.1850e-13  8.7510e-13  1.0510e-12  1.2540e-12  1.4810e-12  1.7260e-12  1.9910e-12
  15660.00  7.7190e-13  8.0930e-13  8.6530e-13  1.0390e-12  1.2400e-12  1.4640e-12  1.7060e-12  1.9670e-12
  15670.00  7.6330e-13  8.0030e-13  8.5560e-13  1.0270e-12  1.2260e-12  1.4470e-12  1.6860e-12  1.9450e-12
  15680.00  7.5480e-13  7.9130e-13  8.4600e-13  1.0160e-12  1.2120e-12  1.4310e-12  1.6670e-12  1.9220e-12
  15690.00  7.4650e-13  7.8250e-13  8.3650e-13  1.0040e-12  1.1990e-12  1.4140e-12  1.6480e-12  1.9000e-12
  15700.00  7.3820e-13  7.7380e-13  8.2720e-13  9.9300e-13  1.1850e-12  1.3980e-12  1.6290e-12  1.8780e-12
  15710.00  7.3010e-13  7.6520e-13  8.1800e-13  9.8200e-13  1.1720e-12  1.3830e-12  1.6100e-12  1.8560e-12
  15720.00  7.2200e-13  7.5680e-13  8.0900e-13  9.7110e-13  1.1590e-12  1.3670e-12  1.5920e-12  1.8350e-12
  15730.00  7.1410e-13  7.4840e-13  8.0000e-13  9.6030e-13  1.1460e-12  1.3520e-12  1.5740e-12  1.8140e-12
  15740.00  7.0630e-13  7.4020e-13  7.9120e-13  9.4970e-13  1.1330e-12  1.3370e-12  1.5570e-12  1.7940e-12
  15750.00  6.9860e-13  7.3200e-13  7.8250e-13  9.3920e-13  1.1210e-12  1.3220e-12  1.5390e-12  1.7730e-12
  15760.00  6.9100e-13  7.2400e-13  7.7390e-13  9.2890e-13  1.1080e-12  1.3070e-12  1.5220e-12  1.7530e-12
  15770.00  6.8340e-13  7.1610e-13  7.6540e-13  9.1870e-13  1.0960e-12  1.2930e-12  1.5050e-12  1.7330e-12
  15780.00  6.7600e-13  7.0830e-13  7.5700e-13  9.0860e-13  1.0840e-12  1.2780e-12  1.4880e-12  1.7140e-12
  15790.00  6.6870e-13  7.0050e-13  7.4880e-13  8.9870e-13  1.0720e-12  1.2640e-12  1.4720e-12  1.6950e-12
  15800.00  6.6150e-13  6.9290e-13  7.4060e-13  8.8890e-13  1.0610e-12  1.2510e-12  1.4550e-12  1.6760e-12
  15810.00  6.5430e-13  6.8540e-13  7.3260e-13  8.7930e-13  1.0490e-12  1.2370e-12  1.4390e-12  1.6570e-12
  15820.00  6.4730e-13  6.7800e-13  7.2460e-13  8.6970e-13  1.0380e-12  1.2230e-12  1.4230e-12  1.6390e-12
  15830.00  6.4030e-13  6.7070e-13  7.1680e-13  8.6030e-13  1.0260e-12  1.2100e-12  1.4080e-12  1.6210e-12
  15840.00  6.3350e-13  6.6350e-13  7.0910e-13  8.5100e-13  1.0150e-12  1.1970e-12  1.3920e-12  1.6030e-12
  15850.00  6.2670e-13  6.5630e-13  7.0140e-13  8.4190e-13  1.0040e-12  1.1840e-12  1.3770e-12  1.5850e-12
  15860.00  6.2000e-13  6.4930e-13  6.9390e-13  8.3280e-13  9.9360e-13  1.1710e-12  1.3620e-12  1.5680e-12
  15870.00  6.1340e-13  6.4240e-13  6.8650e-13  8.2390e-13  9.8290e-13  1.1580e-12  1.3470e-12  1.5500e-12
  15880.00  6.0690e-13  6.3550e-13  6.7920e-13  8.1510e-13  9.7240e-13  1.1460e-12  1.3330e-12  1.5340e-12
  15890.00  6.0050e-13  6.2870e-13  6.7190e-13  8.0640e-13  9.6200e-13  1.1340e-12  1.3180e-12  1.5170e-12
  15900.00  5.9410e-13  6.2200e-13  6.6480e-13  7.9790e-13  9.5180e-13  1.1220e-12  1.3040e-12  1.5000e-12
  15910.00  5.8780e-13  6.1550e-13  6.5770e-13  7.8940e-13  9.4170e-13  1.1100e-12  1.2900e-12  1.4840e-12
  15920.00  5.8170e-13  6.0890e-13  6.5070e-13  7.8100e-13  9.3170e-13  1.0980e-12  1.2760e-12  1.4680e-12
  15930.00  5.7550e-13  6.0250e-13  6.4390e-13  7.7280e-13  9.2190e-13  1.0860e-12  1.2630e-12  1.4520e-12
  15940.00  5.6950e-13  5.9620e-13  6.3710e-13  7.6470e-13  9.1210e-13  1.0750e-12  1.2490e-12  1.4370e-12
  15950.00  5.6350e-13  5.8990e-13  6.3040e-13  7.5660e-13  9.0260e-13  1.0630e-12  1.2360e-12  1.4210e-12
  15960.00  5.5770e-13  5.8370e-13  6.2380e-13  7.4870e-13  8.9310e-13  1.0520e-12  1.2230e-12  1.4060e-12
  15970.00  5.5190e-13  5.7760e-13  6.1720e-13  7.4090e-13  8.8370e-13  1.0410e-12  1.2100e-12  1.3910e-12
  15980.00  5.4610e-13  5.7160e-13  6.1080e-13  7.3310e-13  8.7450e-13  1.0300e-12  1.1970e-12  1.3770e-12
  15990.00  5.4050e-13  5.6560e-13  6.0440e-13  7.2550e-13  8.6540e-13  1.0190e-12  1.1850e-12  1.3620e-12
  16000.00  5.3490e-13  5.5980e-13  5.9810e-13  7.1800e-13  8.5640e-13  1.0090e-12  1.1720e-12  1.3480e-12
  16010.00  5.2930e-13  5.5390e-13  5.9190e-13  7.1050e-13  8.4760e-13  9.9840e-13  1.1600e-12  1.3330e-12
  16020.00  5.2390e-13  5.4820e-13  5.8580e-13  7.0320e-13  8.3880e-13  9.8800e-13  1.1480e-12  1.3190e-12
  16030.00  5.1850e-13  5.4250e-13  5.7980e-13  6.9590e-13  8.3010e-13  9.7780e-13  1.1360e-12  1.3060e-12
  16040.00  5.1320e-13  5.3700e-13  5.7380e-13  6.8880e-13  8.2160e-13  9.6770e-13  1.1240e-12  1.2920e-12
  16050.00  5.0790e-13  5.3140e-13  5.6790e-13  6.8170e-13  8.1320e-13  9.5780e-13  1.1130e-12  1.2790e-12
  16060.00  5.0270e-13  5.2600e-13  5.6210e-13  6.7470e-13  8.0490e-13  9.4790e-13  1.1010e-12  1.2650e-12
  16070.00  4.9760e-13  5.2060e-13  5.5630e-13  6.6780e-13  7.9660e-13  9.3820e-13  1.0900e-12  1.2520e-12
  16080.00  4.9250e-13  5.1530e-13  5.5060e-13  6.6100e-13  7.8850e-13  9.2870e-13  1.0790e-12  1.2390e-12
  16090.00  4.8750e-13  5.1000e-13  5.4500e-13  6.5430e-13  7.8050e-13  9.1920e-13  1.0680e-12  1.2270e-12
  16100.00  4.8260e-13  5.0480e-13  5.3950e-13  6.4770e-13  7.7260e-13  9.0990e-13  1.0570e-12  1.2140e-12
  16110.00  4.7770e-13  4.9970e-13  5.3400e-13  6.4110e-13  7.6480e-13  9.0070e-13  1.0460e-12  1.2020e-12
  16120.00  4.7290e-13  4.9460e-13  5.2860e-13  6.3460e-13  7.5710e-13  8.9160e-13  1.0360e-12  1.1890e-12
  16130.00  4.6810e-13  4.8960e-13  5.2320e-13  6.2830e-13  7.4950e-13  8.8260e-13  1.0250e-12  1.1770e-12
  16140.00  4.6340e-13  4.8470e-13  5.1790e-13  6.2190e-13  7.4190e-13  8.7370e-13  1.0150e-12  1.1650e-12
  16150.00  4.5870e-13  4.7980e-13  5.1270e-13  6.1570e-13  7.3450e-13  8.6500e-13  1.0040e-12  1.1530e-12
  16160.00  4.5410e-13  4.7500e-13  5.0760e-13  6.0950e-13  7.2720e-13  8.5630e-13  9.9440e-13  1.1420e-12
  16170.00  4.4960e-13  4.7020e-13  5.0250e-13  6.0350e-13  7.1990e-13  8.4780e-13  9.8440e-13  1.1300e-12
  16180.00  4.4510e-13  4.6550e-13  4.9750e-13  5.9740e-13  7.1280e-13  8.3930e-13  9.7460e-13  1.1190e-12
  16190.00  4.4070e-13  4.6090e-13  4.9250e-13  5.9150e-13  7.0570e-13  8.3100e-13  9.6490e-13  1.1080e-12
  16200.00  4.3630e-13  4.5630e-13  4.8760e-13  5.8560e-13  6.9870e-13  8.2280e-13  9.5530e-13  1.0970e-12
  16210.00  4.3200e-13  4.5180e-13  4.8280e-13  5.7980e-13  6.9180e-13  8.1460e-13  9.4590e-13  1.0860e-12
  16220.00  4.2770e-13  4.4730e-13  4.7800e-13  5.7410e-13  6.8500e-13  8.0660e-13  9.3650e-13  1.0750e-12
  16230.00  4.2350e-13  4.4290e-13  4.7320e-13  5.6850e-13  6.7830e-13  7.9870e-13  9.2730e-13  1.0640e-12
  16240.00  4.1930e-13  4.3850e-13  4.6860e-13  5.6290e-13  6.7160e-13  7.9090e-13  9.1820e-13  1.0540e-12
  16250.00  4.1520e-13  4.3420e-13  4.6400e-13  5.5740e-13  6.6510e-13  7.8310e-13  9.0920e-13  1.0440e-12
  16260.00  4.1110e-13  4.2990e-13  4.5940e-13  5.5190e-13  6.5860e-13  7.7550e-13  9.0030e-13  1.0330e-12
  16270.00  4.0710e-13  4.2570e-13  4.5490e-13  5.4650e-13  6.5220e-13  7.6790e-13  8.9150e-13  1.0230e-12
  16280.00  4.0310e-13  4.2150e-13  4.5040e-13  5.4120e-13  6.4580e-13  7.6050e-13  8.8280e-13  1.0130e-12
  16290.00  3.9920e-13  4.1740e-13  4.4600e-13  5.3590e-13  6.3960e-13  7.5310e-13  8.7420e-13  1.0030e-12
  16300.00  3.9530e-13  4.1330e-13  4.4170e-13  5.3070e-13  6.3340e-13  7.4580e-13  8.6580e-13  9.9350e-13
  16310.00  3.9140e-13  4.0930e-13  4.3740e-13  5.2560e-13  6.2730e-13  7.3860e-13  8.5740e-13  9.8390e-13
  16320.00  3.8760e-13  4.0530e-13  4.3310e-13  5.2050e-13  6.2120e-13  7.3150e-13  8.4920e-13  9.7440e-13
  16330.00  3.8390e-13  4.0140e-13  4.2890e-13  5.1550e-13  6.1530e-13  7.2450e-13  8.4100e-13  9.6500e-13
  16340.00  3.8020e-13  3.9750e-13  4.2480e-13  5.1060e-13  6.0940e-13  7.1760e-13  8.3300e-13  9.5570e-13
  16350.00  3.7650e-13  3.9360e-13  4.2070e-13  5.0570e-13  6.0360e-13  7.1070e-13  8.2500e-13  9.4650e-13
  16360.00  3.7290e-13  3.8980e-13  4.1670e-13  5.0080e-13  5.9780e-13  7.0400e-13  8.1710e-13  9.3750e-13
  16370.00  3.6930e-13  3.8610e-13  4.1260e-13  4.9600e-13  5.9210e-13  6.9730e-13  8.0940e-13  9.2850e-13
  16380.00  3.6580e-13  3.8240e-13  4.0870e-13  4.9130e-13  5.8650e-13  6.9070e-13  8.0170e-13  9.1970e-13
  16390.00  3.6230e-13  3.7870e-13  4.0480e-13  4.8660e-13  5.8100e-13  6.8420e-13  7.9410e-13  9.1100e-13
