Title: Raman scattering by molecular hydrogen and nitrogen in exoplanetary 
       atmospheres 
Authors: Oklopcic A., Hirata C.M., Heng K. 
Table: Raman scattering cross sections for H2
================================================================================
Byte-by-byte Description of file: apjaa3ec7t2_mrt.txt
--------------------------------------------------------------------------------
   Bytes Format Units Label     Explanations
--------------------------------------------------------------------------------
   1-  1 I1     ---   Ji        Initial rotational quantum number for 
                                  ground vibrational level
   3-  4 I2     ---   Jf        Final rotational quantum number
   6-  6 I1     ---   vf        Final vibrational quantum number
   8- 24 E17.10 cm+6  C         Cross section coefficient
  26- 38 F13.7  cm-1  deltanu   Raman shift
--------------------------------------------------------------------------------
0  0 0 8.40817110301E-45     0.0       
0  0 1 1.56701934093E-46  4163.3085901 
0  2 0 2.64973960879E-46   354.5691479 
0  2 1 2.08231744526E-47  4500.1555355 
1  1 0 8.54368656301E-45     0.0       
1  1 1 1.66712462583E-46  4157.3872895 
1  3 0 1.61326313808E-46   587.3565875 
1  3 1 1.14413862330E-47  4715.3283129 
2  2 0 8.57452212207E-45     0.0       
2  2 1 1.64943280591E-46  4145.5863876 
2  4 0 1.41322718574E-46   814.8723577 
2  4 1 8.99497252605E-48  4919.5253956 
2  0 0 5.29947921758E-47  -354.5691479 
2  0 1 5.47400061544E-48  3808.7394422 
3  3 0 8.66100343534E-45     0.0       
3  3 1 1.65919698553E-46  4127.9717254 
3  5 0 1.34666724250E-46  1035.2356006 
3  5 1 7.65067843113E-48  5111.0019971 
3  1 0 6.91398487748E-47  -587.3565875 
3  1 1 7.73178839942E-48  3570.030702  
4  4 0 8.78151411226E-45     0.0       
4  4 1 1.67659025558E-46  4104.6530379 
4  6 0 1.33180164815E-46  1246.7761495 
4  6 1 6.71754722604E-48  5288.261332  
4  2 0 7.85126214300E-47  -814.8723577 
4  2 1 9.44975263985E-48  3330.7140299 
5  5 0 8.93412503994E-45     0.0       
5  5 1 1.69955503786E-46  4075.7663965 
5  7 0 1.34595882305E-46  1448.0586706 
5  7 1 5.99564349425E-48  5450.0590054 
5  3 0 8.56970063406E-47 -1035.2356006 
5  3 1 1.10371907875E-47  3092.7361248 
6  6 0 9.11867954403E-45     0.0       
6  6 1 1.72754802889E-46  4041.4851825 
6  8 0 1.38062185521E-46  1637.9155835 
6  8 1 5.40259261484E-48  5595.4447122 
6  4 0 9.22016525643E-47 -1246.7761495 
6  4 1 1.26352011669E-47  2857.8768884 
7  7 0 9.33548351749E-45     0.0       
7  7 1 1.76034290076E-46  4002.0003348 
7  9 0 1.43217835820E-46  1815.4448665 
7  9 1 4.89646740673E-48  5723.7534583 
7  5 0 9.87036470235E-47 -1448.0586706 
7  5 1 1.43134117969E-47  2627.7077259 
8  8 0 9.58506387926E-45     0.0       
8  8 1 1.79780102386E-46  3957.5291287 
8 10 0 1.49914332083E-46  1980.0034725 
8 10 1 4.45252920425E-48  5834.5836136 
8  6 0 1.05576965399E-46 -1637.9155835 
8  6 1 1.61159944807E-47  2403.569599  
9  9 0 9.86810716411E-45     0.0       
9  9 1 1.83980509380E-46  3908.3085918 
9 11 0 1.58112245707E-46  2131.1897714 
9 11 1 4.05447722125E-48  5927.7881332 
9  7 0 1.13066712489E-46 -1815.4448665 
9  7 1 1.80768199181E-47  2186.5554683 