   i   micron.    wavenumber idum     idum1    idum2     idum3
   1   227.531     43.95     30.80-   57.10    26.300    43.950
   2   138.793     72.05     57.10-   87.00    29.900    72.050
   3    97.752    102.30     87.00-  117.60    30.600   102.300
   4    73.692    135.70    117.60-  153.80    36.200   135.700
   5    53.879    185.60    153.80-  217.40    63.600   185.600
   6    42.212    236.90    217.40-  256.40    39.000   236.900
   7    35.753    279.70    256.40-  303.00    46.600   279.700
   8    29.700    336.70    303.00-  370.40    67.400   336.700
   9    24.839    402.60    370.40-  434.80    64.400   402.600
  10    21.395    467.40    434.80-  500.00    65.200   467.400
  11    19.382    515.95    500.00-  531.90    31.900   515.950
  12    18.180    550.05    531.90-  568.20    36.300   550.050
  13    16.978    589.00    568.20-  609.80    41.600   589.000
  14    15.777    633.85    609.80-  657.90    48.100   633.850
  15    14.575    686.10    657.90-  714.30    56.400   686.100
  16    13.588    735.95    714.30-  757.60    43.300   735.950
  17    12.787    782.05    757.60-  806.50    48.900   782.050
  18    11.986    834.30    806.50-  862.10    55.600   834.300
  19    11.292    885.60    862.10-  909.10    47.000   885.600
  20    10.692    935.30    909.10-  961.50    52.400   935.300
  21    10.091    990.95    961.50- 1020.40    58.900   990.950
  22     9.648   1036.50   1020.40- 1052.60    32.200  1036.500
  23     9.348   1069.80   1052.60- 1087.00    34.400  1069.800
  24     8.995   1111.70   1087.00- 1136.40    49.400  1111.700
  25     8.673   1153.00   1136.40- 1169.60    33.200  1153.000
  26     8.345   1198.30   1169.60- 1227.00    57.400  1198.300
  27     8.074   1238.50   1227.00- 1250.00    23.000  1238.500
  28     7.904   1265.20   1250.00- 1280.40    30.400  1265.200
  29     7.714   1296.35   1280.40- 1312.30    31.900  1296.350
  30     7.498   1333.65   1312.30- 1355.00    42.700  1333.650
  31     7.284   1372.90   1355.00- 1390.80    35.800  1372.900
  32     7.094   1409.70   1390.80- 1428.60    37.800  1409.700
  33     6.873   1455.05   1428.60- 1481.50    52.900  1455.050
  34     6.664   1500.65   1481.50- 1519.80    38.300  1500.650
  35     6.515   1534.85   1519.80- 1549.90    30.100  1534.850
  36     6.297   1587.95   1549.90- 1626.00    76.100  1587.950
  37     6.064   1649.10   1626.00- 1672.20    46.200  1649.100
  38     5.899   1695.20   1672.20- 1718.20    46.000  1695.200
  39     5.759   1736.30   1718.20- 1754.40    36.200  1736.300
  40     5.572   1794.65   1754.40- 1834.90    80.500  1794.650
  41     5.379   1859.05   1834.90- 1883.20    48.300  1859.050
  42     5.265   1899.45   1883.20- 1915.70    32.500  1899.450
  43     5.149   1942.10   1915.70- 1968.50    52.800  1942.100
  44     5.000   2000.10   1968.50- 2031.70    63.200  2000.100
  45     4.882   2048.50   2031.70- 2065.30    33.600  2048.500
  46     4.827   2071.50   2065.30- 2077.70    12.400  2071.500
  47     4.796   2084.90   2077.70- 2092.10    14.400  2084.900
  48     4.750   2105.35   2092.10- 2118.60    26.500  2105.350
  49     4.700   2127.70   2118.60- 2136.80    18.200  2127.700
  50     4.662   2144.85   2136.80- 2152.90    16.100  2144.850
  51     4.605   2171.55   2152.90- 2190.20    37.300  2171.550
  52     4.504   2220.20   2190.20- 2250.20    60.000  2220.200
  53     4.395   2275.20   2250.20- 2300.20    50.000  2275.200
  54     4.301   2325.20   2300.20- 2350.20    50.000  2325.200
  55     4.202   2379.90   2350.20- 2409.60    59.400  2379.900
  56     4.074   2454.80   2409.60- 2500.00    90.400  2454.800
  57     3.949   2532.05   2500.00- 2564.10    64.100  2532.050
  58     3.849   2597.85   2564.10- 2631.60    67.500  2597.850
  59     3.749   2667.15   2631.60- 2702.70    71.100  2667.150
  60     3.662   2730.65   2702.70- 2758.60    55.900  2730.650
  61     3.587   2787.75   2758.60- 2816.90    58.300  2787.750
  62     3.513   2846.45   2816.90- 2876.00    59.100  2846.450
  63     3.438   2908.60   2876.00- 2941.20    65.200  2908.600
  64     3.363   2973.20   2941.20- 3005.20    64.000  2973.200
  65     3.308   3023.13   3005.20- 3041.05    35.850  3023.125
  66     3.269   3058.98   3041.05- 3076.90    35.850  3058.975
  67     3.231   3095.07   3076.90- 3113.25    36.350  3095.075
  68     3.193   3131.43   3113.25- 3149.60    36.350  3131.425
  69     3.156   3168.65   3149.60- 3187.70    38.100  3168.650
  70     3.118   3206.75   3187.70- 3225.80    38.100  3206.750
  71     3.085   3241.73   3225.80- 3257.65    31.850  3241.725
  72     3.055   3273.57   3257.65- 3289.50    31.850  3273.575
  73     3.014   3317.32   3289.50- 3345.15    55.650  3317.325
  74     2.965   3372.98   3345.15- 3400.80    55.650  3372.975
  75     2.909   3438.10   3400.80- 3475.40    74.600  3438.100
  76     2.847   3512.70   3475.40- 3550.00    74.600  3512.700
  77     2.787   3587.50   3550.00- 3625.00    75.000  3587.500
  78     2.730   3662.50   3625.00- 3700.00    75.000  3662.500
  79     2.676   3737.50   3700.00- 3775.00    75.000  3737.500
  80     2.623   3812.50   3775.00- 3850.00    75.000  3812.500
  81     2.574   3885.65   3850.00- 3921.30    71.300  3885.650
  82     2.527   3956.95   3921.30- 3992.60    71.300  3956.950
  83     2.482   4029.65   3992.60- 4066.70    74.100  4029.650
  84     2.437   4103.75   4066.70- 4140.80    74.100  4103.750
  85     2.394   4176.80   4140.80- 4212.80    72.000  4176.800
  86     2.354   4248.80   4212.80- 4284.80    72.000  4248.800
  87     2.314   4320.90   4284.80- 4357.00    72.200  4320.900
  88     2.276   4392.75   4357.00- 4428.50    71.500  4392.750
  89     2.240   4464.25   4428.50- 4500.00    71.500  4464.250
  90     2.209   4527.07   4500.00- 4554.15    54.150  4527.075
  91     2.183   4581.23   4554.15- 4608.30    54.150  4581.225
  92     2.163   4624.23   4608.30- 4640.15    31.850  4624.225
  93     2.148   4656.07   4640.15- 4672.00    31.850  4656.075
  94     2.137   4680.48   4672.00- 4688.95    16.950  4680.475
  95     2.129   4697.42   4688.95- 4705.90    16.950  4697.425
  96     2.114   4731.35   4705.90- 4756.80    50.900  4731.350
  97     2.091   4782.25   4756.80- 4807.70    50.900  4782.250
  98     2.070   4831.27   4807.70- 4854.85    47.150  4831.275
  99     2.050   4878.43   4854.85- 4902.00    47.150  4878.425
 100     2.030   4926.50   4902.00- 4951.00    49.000  4926.500
 101     2.010   4975.50   4951.00- 5000.00    49.000  4975.500
 102     1.982   5045.32   5000.00- 5090.65    90.650  5045.325
 103     1.947   5135.98   5090.65- 5181.30    90.650  5135.975
 104     1.916   5218.48   5181.30- 5255.65    74.350  5218.475
 105     1.889   5292.82   5255.65- 5330.00    74.350  5292.825
 106     1.863   5367.50   5330.00- 5405.00    75.000  5367.500
 107     1.837   5442.50   5405.00- 5480.00    75.000  5442.500
 108     1.812   5517.80   5480.00- 5555.60    75.600  5517.800
 109     1.788   5591.70   5555.60- 5627.80    72.200  5591.700
 110     1.766   5663.90   5627.80- 5700.00    72.200  5663.900
 111     1.740   5745.60   5700.00- 5791.20    91.200  5745.600
 112     1.713   5836.80   5791.20- 5882.40    91.200  5836.800
 113     1.692   5911.80   5882.40- 5941.20    58.800  5911.800
 114     1.675   5970.60   5941.20- 6000.00    58.800  5970.600
 115     1.660   6025.00   6000.00- 6050.00    50.000  6025.000
 116     1.646   6075.00   6050.00- 6100.00    50.000  6075.000
 117     1.627   6144.65   6100.00- 6189.30    89.300  6144.650
 118     1.604   6234.30   6189.30- 6279.30    90.000  6234.300
 119     1.584   6314.35   6279.30- 6349.40    70.100  6314.350
 120     1.567   6381.00   6349.40- 6412.60    63.200  6381.000
 121     1.552   6442.10   6412.60- 6471.60    59.000  6442.100
 122     1.538   6503.70   6471.60- 6535.80    64.200  6503.700
 123     1.523   6567.90   6535.80- 6600.00    64.200  6567.900
 124     1.506   6640.00   6600.00- 6680.00    80.000  6640.000
 125     1.488   6720.00   6680.00- 6760.00    80.000  6720.000
 126     1.471   6800.00   6760.00- 6840.00    80.000  6800.000
 127     1.452   6885.00   6840.00- 6930.00    90.000  6885.000
 128     1.434   6975.00   6930.00- 7020.00    90.000  6975.000
 129     1.416   7062.50   7020.00- 7105.00    85.000  7062.500
 130     1.400   7142.50   7105.00- 7180.00    75.000  7142.500
 131     1.386   7212.50   7180.00- 7245.00    65.000  7212.500
 132     1.374   7277.50   7245.00- 7310.00    65.000  7277.500
 133     1.358   7362.20   7310.00- 7414.40   104.400  7362.200
 134     1.339   7466.60   7414.40- 7518.80   104.400  7466.600
 135     1.318   7584.63   7518.80- 7650.45   131.650  7584.625
 136     1.296   7716.27   7650.45- 7782.10   131.650  7716.275
 137     1.276   7836.58   7782.10- 7891.05   108.950  7836.575
 138     1.259   7945.52   7891.05- 8000.00   108.950  7945.525
 139     1.241   8057.63   8000.00- 8115.25   115.250  8057.625
 140     1.224   8172.88   8115.25- 8230.50   115.250  8172.875
 141     1.206   8291.52   8230.50- 8352.55   122.050  8291.525
 142     1.189   8413.58   8352.55- 8474.60   122.050  8413.575
 143     1.169   8552.78   8474.60- 8630.95   156.350  8552.775
 144     1.148   8709.13   8630.95- 8787.30   156.350  8709.125
 145     1.126   8884.05   8787.30- 8980.80   193.500  8884.050
 146     1.102   9077.55   8980.80- 9174.30   193.500  9077.550
 147     1.080   9257.15   9174.30- 9340.00   165.700  9257.150
 148     1.061   9422.85   9340.00- 9505.70   165.700  9422.850
 149     1.040   9619.33   9505.70- 9732.95   227.250  9619.325
 150     1.016   9846.58   9732.95- 9960.20   227.250  9846.575
 151     0.996  10040.05   9960.20-10119.90   159.700 10040.050
 152     0.980  10199.75  10119.90-10279.60   159.700 10199.750
 153     0.963  10386.40  10279.60-10493.20   213.600 10386.400
 154     0.944  10594.20  10493.20-10695.20   202.000 10594.200
 155     0.931  10735.55  10695.20-10775.90    80.700 10735.550
 156     0.919  10882.45  10775.90-10989.00   213.100 10882.450
 157     0.904  11062.45  10989.00-11135.90   146.900 11062.450
 158     0.891  11217.65  11135.90-11299.40   163.500 11217.650
 159     0.877  11396.85  11299.40-11494.30   194.900 11396.850
 160     0.865  11554.35  11494.30-11614.40   120.100 11554.350
 161     0.852  11734.90  11614.40-11855.40   241.000 11734.900
 162     0.834  11988.30  11855.40-12121.20   265.800 11988.300
 163     0.822  12160.40  12121.20-12199.60    78.400 12160.400
 164     0.810  12349.80  12199.60-12500.00   300.400 12349.800
 165     0.792  12619.45  12500.00-12738.90   238.900 12619.450
 166     0.777  12862.95  12738.90-12987.00   248.100 12862.950
 167     0.765  13072.45  12987.00-13157.90   170.900 13072.450
 168     0.752  13290.35  13157.90-13422.80   264.900 13290.350
 169     0.739  13532.70  13422.80-13642.60   219.800 13532.700
 170     0.729  13721.65  13642.60-13800.70   158.100 13721.650
 171     0.714  14000.60  13800.70-14200.50   399.800 14000.600
 172     0.697  14349.80  14200.50-14499.10   298.600 14349.800
 173     0.677  14768.35  14499.10-15037.60   538.500 14768.350
 174     0.657  15211.10  15037.60-15384.60   347.000 15211.100
 175     0.642  15566.30  15384.60-15748.00   363.400 15566.300
 176     0.628  15924.25  15748.00-16100.50   352.500 15924.250
 177     0.617  16220.20  16100.50-16339.90   239.400 16220.200
 178     0.604  16545.15  16339.90-16750.40   410.500 16545.150
 179     0.591  16922.20  16750.40-17094.00   343.600 16922.200
 180     0.578  17288.25  17094.00-17482.50   388.500 17288.250
 181     0.565  17685.80  17482.50-17889.10   406.600 17685.800
 182     0.552  18118.85  17889.10-18348.60   459.500 18118.850
 183     0.537  18624.30  18348.60-18900.00   551.400 18624.300
 184     0.523  19102.50  18900.00-19305.00   405.000 19102.500
 185     0.506  19747.40  19305.00-20189.80   884.800 19747.400
 186     0.485  20621.20  20189.80-21052.60   862.800 20621.200
 187     0.465  21515.30  21052.60-21978.00   925.400 21515.300
 188     0.445  22483.25  21978.00-22988.50  1010.500 22483.250
 189     0.426  23484.65  22988.50-23980.80   992.300 23484.650
 190     0.408  24490.40  23980.80-25000.00  1019.200 24490.400
 191     0.387  25833.33  25000.00-26666.65  1666.650 25833.325
 192     0.362  27619.03  26666.65-28571.40  1904.750 27619.025
 193     0.337  29670.30  28571.40-30769.20  2197.800 29670.300
 194     0.312  32051.25  30769.20-33333.30  2564.100 32051.250
 195     0.287  34848.48  33333.30-36363.65  3030.350 34848.475
 196     0.268  37331.82  36363.65-38300.00  1936.350 37331.825
