 663.96   1000.   0.28  0.0 0.100E+06  0.00  Teff, grav(MKS), Y, f_sed, kz_min, [Fe/H]
  1    0.000125890    237.14 1.0046E+02  0.0000  0.0000 1.5064E-08    4.79032E+01    1.98699E-02
  2    0.000239880    241.39 1.0057E+02  0.3083  0.0276 2.8199E-08    8.67222E+01    3.43898E-02
  3    0.000457090    253.08 1.0097E+02  0.3071  0.0733 5.1252E-08    1.44175E+02    8.29797E-02
  4    0.002290900    284.87 1.1813E+02  0.3046  0.0734 2.2820E-07    5.12022E+02    2.53197E-01
  5    0.008317600    318.76 3.2158E+02  0.3020  0.0872 7.4042E-07    1.33609E+03    4.64581E-01
  6    0.011482000    327.75 4.6858E+02  0.3008  0.0862 9.9409E-07    1.69865E+03    5.84701E-01
  7    0.015849000    339.23 7.4738E+02  0.3004  0.1068 1.3257E-06    2.11751E+03    7.28800E-01
  8    0.021878000    351.14 1.2755E+03  0.3000  0.1070 1.7680E-06    2.63911E+03    9.06325E-01
  9    0.030200000    363.99 2.2735E+03  0.2997  0.1115 2.3544E-06    3.27377E+03    1.12119E+00
 10    0.041687000    377.99 4.1532E+03  0.2994  0.1171 3.1295E-06    4.03864E+03    1.37853E+00
 11    0.057544000    393.39 7.6787E+03  0.2992  0.1239 4.1509E-06    4.94988E+03    1.68046E+00
 12    0.079433000    410.86 1.4251E+04  0.2989  0.1348 5.4859E-06    6.00151E+03    2.02489E+00
 13    0.109650000    430.86 2.6403E+04  0.2987  0.1474 7.2212E-06    7.18842E+03    2.41015E+00
 14    0.151360000    453.67 4.8611E+04  0.2985  0.1601 9.4666E-06    8.50511E+03    2.83286E+00
 15    0.208930000    479.74 8.8555E+04  0.2984  0.1733 1.2357E-05    9.93367E+03    3.24927E+00
 16    0.288400000    513.29 1.5885E+05  0.2982  0.2097 1.5943E-05    1.12030E+04    3.56386E+00
 17    0.330000000    526.07 1.9924E+05  0.2981  0.1826 1.7798E-05    1.19099E+04    3.74721E+00
 18    0.350000000    529.66 2.1943E+05  0.2980  0.1154 1.8749E-05    1.23778E+04    3.88991E+00
 19    0.398110000    546.15 2.7207E+05  0.2979  0.2381 2.0682E-05    1.28461E+04    4.02940E+00
 20    0.420000000    550.02 2.9680E+05  0.2979  0.1320 2.1666E-05    1.32693E+04    4.15745E+00
 21    0.450000000    557.18 3.3202E+05  0.2979  0.1876 2.2915E-05    1.36776E+04    4.29903E+00
 22    0.500000000    570.07 3.9408E+05  0.2978  0.2169 2.4886E-05    1.41948E+04    4.46506E+00
 23    0.549540000    580.86 4.5839E+05  0.2977  0.1985 2.6844E-05    1.47523E+04    4.66542E+00
 24    0.610000000    591.69 5.4040E+05  0.2976  0.1770 2.9251E-05    1.54972E+04    4.90849E+00
 25    0.758580000    624.93 7.5643E+05  0.2974  0.2508 3.4440E-05    1.63716E+04    5.15581E+00
 26    0.800000000    627.61 8.1736E+05  0.2973  0.0806 3.6166E-05    1.70462E+04    5.34696E+00
 27    0.870000000    638.44 9.2178E+05  0.2972  0.2039 3.8664E-05    1.76175E+04    5.54206E+00
 28    0.950000000    649.10 1.0421E+06  0.2971  0.1882 4.1528E-05    1.83134E+04    5.75476E+00
 29    1.047100000    662.45 1.1881E+06  0.2969  0.2092 4.4849E-05    1.89997E+04    5.95606E+00
 30    1.100000000    666.46 1.2674E+06  0.2968  0.1227 4.6830E-05    1.96039E+04    6.18119E+00
 31    1.200000000    676.34 1.4153E+06  0.2968  0.1691 5.0340E-05    2.04707E+04    6.58567E+00
 32    1.445400000    699.79 1.7574E+06  0.2966  0.1832 5.8602E-05    2.22807E+04    7.38347E+00
 33    1.995300000    742.47 2.3679E+06  0.2961  0.1836 7.6249E-05    2.58132E+04    8.62026E+00
 34    2.754200000    783.80 2.9125E+06  0.2954  0.1681 9.9703E-05    3.03565E+04    9.79092E+00
 35    3.200000000    800.08 3.1505E+06  0.2949  0.1370 1.1349E-04    3.31952E+04    1.07189E+01
 36    3.801900000    822.10 3.3596E+06  0.2945  0.1575 1.3121E-04    3.64188E+04    1.16128E+01
 37    4.300000000    838.04 3.4785E+06  0.2940  0.1561 1.4558E-04    3.89320E+04    1.25851E+01
 38    5.248100000    868.12 3.5856E+06  0.2935  0.1770 1.7152E-04    4.28452E+04    1.36085E+01
 39    6.000000000    890.41 3.6314E+06  0.2929  0.1894 1.9119E-04    4.54711E+04    1.45433E+01
 40    7.244400000    925.55 3.6577E+06  0.2922  0.2053 2.2208E-04    4.90577E+04    1.55583E+01
 41    8.500000000    958.38 3.6666E+06  0.2912  0.2181 2.5165E-04    5.20115E+04    1.64701E+01
 42   10.000000000    994.24 3.6694E+06  0.2902  0.2260 2.8539E-04    5.49915E+04    1.74503E+01
 43   12.000000000   1036.71 3.6700E+06  0.2890  0.2295 3.2842E-04    5.84920E+04    1.84429E+01
 44   13.804000000   1070.62 3.6701E+06  0.2878  0.2298 3.6583E-04    6.13312E+04    1.93734E+01
 45   16.000000000   1107.06 3.6701E+06  0.2866  0.2267 4.1007E-04    6.45573E+04    2.05066E+01
 46   19.055000000   1150.74 3.6701E+06  0.2853  0.2214 4.6982E-04    6.88263E+04    2.19575E+01
 47   23.000000000   1198.00 3.6701E+06  0.2837  0.2139 5.4472E-04    7.40662E+04    2.34355E+01
 48   26.303000000   1231.97 3.6701E+06  0.2822  0.2083 6.0576E-04    7.82119E+04    2.47489E+01
 49   30.000000000   1265.72 3.6701E+06  0.2811  0.2056 6.7250E-04    8.25967E+04    2.64423E+01
 50   36.308000000   1315.88 3.6701E+06  0.2795  0.2036 7.8285E-04    8.95605E+04    2.93567E+01
 51   50.119000000   1405.99 3.6701E+06  0.2770  0.2055 1.0112E-03    1.02508E+05    3.33315E+01
 52   69.183000000   1510.08 3.6702E+06  0.2736  0.2216 1.2995E-03    1.15768E+05    3.70626E+01
 53   95.499000000   1638.14 4.2163E+06  0.2696  0.2525 1.6537E-03    1.27218E+05    3.97958E+01
 54  110.000000000   1701.26 4.8033E+06  0.2664  0.2674 1.8342E-03    1.31861E+05    4.10524E+01
 55  120.000000000   1741.00 5.3898E+06  0.2647  0.2654 1.9549E-03    1.34868E+05    4.21231E+01
 56  135.000000000   1796.00 6.2732E+06  0.2632  0.2641 2.1317E-03    1.39152E+05    4.36999E+01
 57  160.000000000   1877.86 7.0106E+06  0.2609  0.2623 2.4160E-03    1.45825E+05    4.58367E+01
 58  190.000000000   1963.54 7.9570E+06  0.2583  0.2596 2.7442E-03    1.53062E+05    4.86583E+01
 59  250.000000000   2107.04 8.7798E+06  0.2546  0.2570 3.3651E-03    1.66243E+05    5.24185E+01
 60  300.000000000   2206.21 9.2197E+06  0.2506  0.2523 3.8583E-03    1.76037E+05    5.53693E+01
 61  350.000000000   2292.60 1.1017E+07  0.2477  0.2492 4.3353E-03    1.85519E+05    1.81850E+09
