T(K)  p(mbar)  mu(amu)  mean cp(kJ/kg/K)
       75.000000    0.0010000000       2.3422001       12.950785
       75.000000    0.0030000000       2.3422006       12.950785
       75.000000     0.010000000       2.3422000       12.950785
       75.000000     0.030000000       2.3422006       12.950785
       75.000000      0.10000000       2.3422000       12.950785
       75.000000      0.30000000       2.3422006       12.950785
       75.000000       1.0000000       2.3422000       12.950785
       75.000000       3.0000000       2.3422006       12.950785
       75.000000       10.000000       2.3422000       12.950785
       75.000000       30.000000       2.3422006       12.950785
       75.000000       100.00000       2.3422000       12.950785
       75.000000       300.00000       2.3422006       12.950785
       75.000000       1000.0000       2.3422000       12.950785
       75.000000       3000.0000       2.3422006       12.950785
       75.000000       10000.000       2.3422000       12.950785
       100.00000    0.0010000000       2.3442176       12.464806
       100.00000    0.0030000000       2.3442176       12.464806
       100.00000     0.010000000       2.3437403       12.464806
       100.00000     0.030000000       2.3427139       12.464806
       100.00000      0.10000000       2.3423546       12.464806
       100.00000      0.30000000       2.3422519       12.464806
       100.00000       1.0000000       2.3422160       12.464806
       100.00000       3.0000000       2.3422057       12.464806
       100.00000       10.000000       2.3422021       12.464806
       100.00000       30.000000       2.3422011       12.464806
       100.00000       100.00000       2.3422008       12.464806
       100.00000       300.00000       2.3422007       12.464806
       100.00000       1000.0000       2.3422006       12.464806
       100.00000       3000.0000       2.3422006       12.464806
       100.00000       10000.000       2.3422006       12.464806
       100.00000       30000.000       2.3422006       12.464806
       110.00000    0.0010000000       2.3442177       12.404090
       110.00000    0.0030000000       2.3442170       12.404090
       110.00000     0.010000000       2.3442176       12.404090
       110.00000     0.030000000       2.3442169       12.404090
       110.00000      0.10000000       2.3442176       12.404090
       110.00000      0.30000000       2.3436255       12.404090
       110.00000       1.0000000       2.3426283       12.404090
       110.00000       3.0000000       2.3423426       12.404090
       110.00000       10.000000       2.3422434       12.404090
       110.00000       30.000000       2.3422142       12.404090
       110.00000       100.00000       2.3422049       12.404090
       110.00000       300.00000       2.3422014       12.404090
       110.00000       1000.0000       2.3422010       12.404090
       110.00000       3000.0000       2.3422001       12.404090
       110.00000       10000.000       2.3422007       12.404090
       110.00000       30000.000       2.3422000       12.404090
       110.00000       100000.00       2.3422006       12.404090
       120.00000    0.0010000000       2.3442272       12.405438
       120.00000    0.0030000000       2.3442210       12.405438
       120.00000     0.010000000       2.3442180       12.405439
       120.00000     0.030000000       2.3442179       12.405439
       120.00000      0.10000000       2.3442170       12.405439
       120.00000      0.30000000       2.3442176       12.405439
       120.00000       1.0000000       2.3442170       12.405439
       120.00000       3.0000000       2.3442176       12.405439
       120.00000       10.000000       2.3428826       12.405439
       120.00000       30.000000       2.3424281       12.405439
       120.00000       100.00000       2.3422682       12.405439
       120.00000       300.00000       2.3422234       12.405439
       120.00000       1000.0000       2.3422068       12.405439
       120.00000       3000.0000       2.3422029       12.405439
       120.00000       10000.000       2.3422007       12.405439
       120.00000       30000.000       2.3422008       12.405439
       120.00000       100000.00       2.3422001       12.405439
       130.00000    0.0010000000       2.3445768       12.459291
       130.00000    0.0030000000       2.3443369       12.459299
       130.00000     0.010000000       2.3442529       12.459301
       130.00000     0.030000000       2.3442289       12.459302
       130.00000      0.10000000       2.3442205       12.459302
       130.00000      0.30000000       2.3442181       12.459302
       130.00000       1.0000000       2.3442173       12.459302
       130.00000       3.0000000       2.3442171       12.459302
       130.00000       10.000000       2.3442170       12.459302
       130.00000       30.000000       2.3442170       12.459302
       130.00000       100.00000       2.3429113       12.459302
       130.00000       300.00000       2.3424371       12.459302
       130.00000       1000.0000       2.3422711       12.459302
       130.00000       3000.0000       2.3422237       12.459302
       130.00000       10000.000       2.3422071       12.459302
       130.00000       30000.000       2.3422024       12.459302
       130.00000       100000.00       2.3422007       12.459302
       140.00000    0.0010000000       2.3450693       12.555806
       140.00000    0.0030000000       2.3450392       12.556024
       140.00000     0.010000000       2.3449792       12.556100
       140.00000     0.030000000       2.3444714       12.556122
       140.00000      0.10000000       2.3442937       12.556130
       140.00000      0.30000000       2.3442430       12.556132
       140.00000       1.0000000       2.3442252       12.556133
       140.00000       3.0000000       2.3442201       12.556133
       140.00000       10.000000       2.3442183       12.556133
       140.00000       30.000000       2.3442178       12.556133
       140.00000       100.00000       2.3442176       12.556133
       140.00000       300.00000       2.3439685       12.556133
       140.00000       1000.0000       2.3427310       12.556133
       140.00000       3000.0000       2.3423774       12.556133
       140.00000       10000.000       2.3422537       12.556133
       140.00000       30000.000       2.3422183       12.556133
       140.00000       100000.00       2.3422059       12.556133
       150.00000    0.0010000000       2.3458766       12.680124
       150.00000    0.0030000000       2.3453085       12.684296
       150.00000     0.010000000       2.3451089       12.685756
       150.00000     0.030000000       2.3450526       12.686174
       150.00000      0.10000000       2.3450321       12.686320
       150.00000      0.30000000       2.3445754       12.686362
       150.00000       1.0000000       2.3443243       12.686376
       150.00000       3.0000000       2.3442534       12.686380
       150.00000       10.000000       2.3442277       12.686382
       150.00000       30.000000       2.3442211       12.686382
       150.00000       100.00000       2.3442180       12.686382
       150.00000       300.00000       2.3442179       12.686382
       150.00000       1000.0000       2.3442171       12.686382
       150.00000       3000.0000       2.3432091       12.686382
       150.00000       10000.000       2.3425026       12.686382
       150.00000       30000.000       2.3423015       12.686382
       150.00000       100000.00       2.3422302       12.686382
       160.00000    0.0010000000       2.3561657       12.757955
       160.00000    0.0030000000       2.3487237       12.812849
       160.00000     0.010000000       2.3461182       12.832192
       160.00000     0.030000000       2.3453966       12.837731
       160.00000      0.10000000       2.3451359       12.839671
       160.00000      0.30000000       2.3450614       12.840225
       160.00000       1.0000000       2.3450353       12.840419
       160.00000       3.0000000       2.3445801       12.840475
       160.00000       10.000000       2.3443263       12.840494
       160.00000       30.000000       2.3442538       12.840500
       160.00000       100.00000       2.3442284       12.840502
       160.00000       300.00000       2.3442212       12.840502
       160.00000       1000.0000       2.3442187       12.840503
       160.00000       3000.0000       2.3442179       12.840503
       160.00000       10000.000       2.3435889       12.840503
       160.00000       30000.000       2.3426634       12.840503
       160.00000       100000.00       2.3423395       12.840503
       170.00000    0.0010000000       2.3578371       12.912678
       170.00000    0.0030000000       2.3578365       12.912677
       170.00000     0.010000000       2.3558049       12.927818
       170.00000     0.030000000       2.3486034       12.981771
       170.00000      0.10000000       2.3460821       13.000779
       170.00000      0.30000000       2.3453608       13.006222
       170.00000       1.0000000       2.3451291       13.008128
       170.00000       3.0000000       2.3450602       13.008673
       170.00000       10.000000       2.3450350       13.008863
       170.00000       30.000000       2.3444975       13.008918
       170.00000       100.00000       2.3443015       13.008937
       170.00000       300.00000       2.3442456       13.008942
       170.00000       1000.0000       2.3442260       13.008944
       170.00000       3000.0000       2.3442204       13.008945
       170.00000       10000.000       2.3442184       13.008945
       170.00000       30000.000       2.3439757       13.008945
       170.00000       100000.00       2.3427332       13.008945
       180.00000    0.0010000000       2.3578397       13.084394
       180.00000    0.0030000000       2.3578403       13.084394
       180.00000     0.010000000       2.3578397       13.084394
       180.00000     0.030000000       2.3578403       13.084394
       180.00000      0.10000000       2.3531293       13.120092
       180.00000      0.30000000       2.3477138       13.161395
       180.00000       1.0000000       2.3458166       13.175924
       180.00000       3.0000000       2.3452753       13.180082
       180.00000       10.000000       2.3451086       13.181537
       180.00000       30.000000       2.3450538       13.181953
       180.00000       100.00000       2.3447407       13.182098
       180.00000       300.00000       2.3443962       13.182140
       180.00000       1000.0000       2.3442756       13.182155
       180.00000       3000.0000       2.3442411       13.182159
       180.00000       10000.000       2.3442291       13.182160
       180.00000       30000.000       2.3442256       13.182161
       180.00000       100000.00       2.3439662       13.182161
       190.00000    0.0010000000       2.3578436       13.251376
       190.00000    0.0030000000       2.3578430       13.251376
       190.00000     0.010000000       2.3578436       13.251376
       190.00000     0.030000000       2.3578430       13.251376
       190.00000      0.10000000       2.3578436       13.251376
       190.00000      0.30000000       2.3578430       13.251377
       190.00000       1.0000000       2.3499497       13.312213
       190.00000       3.0000000       2.3466545       13.337779
       190.00000       10.000000       2.3455249       13.346752
       190.00000       30.000000       2.3451985       13.349319
       190.00000       100.00000       2.3450831       13.350218
       190.00000       300.00000       2.3450534       13.350474
       190.00000       1000.0000       2.3444931       13.350564
       190.00000       3000.0000       2.3443179       13.350592
       190.00000       10000.000       2.3442565       13.350599
       190.00000       30000.000       2.3442390       13.350601
       190.00000       100000.00       2.3442329       13.350602
       200.00000    0.0010000000       2.3578436       13.404161
       200.00000    0.0030000000       2.3578436       13.404161
       200.00000     0.010000000       2.3578436       13.404161
       200.00000     0.030000000       2.3578436       13.404161
       200.00000      0.10000000       2.3578436       13.404161
       200.00000      0.30000000       2.3578436       13.404162
       200.00000       1.0000000       2.3578436       13.404163
       200.00000       3.0000000       2.3533689       13.439042
       200.00000       10.000000       2.3475199       13.484941
       200.00000       30.000000       2.3458703       13.498124
       200.00000       100.00000       2.3452853       13.502743
       200.00000       300.00000       2.3451212       13.504064
       200.00000       1000.0000       2.3450626       13.504527
       200.00000       3000.0000       2.3446098       13.504668
       200.00000       10000.000       2.3443446       13.504705
       200.00000       30000.000       2.3442688       13.504716
       200.00000       100000.00       2.3442422       13.504720
       210.00000    0.0010000000       2.3578437       13.535779
       210.00000    0.0030000000       2.3578436       13.535783
       210.00000     0.010000000       2.3578436       13.535783
       210.00000     0.030000000       2.3578436       13.535783
       210.00000      0.10000000       2.3578436       13.535783
       210.00000      0.30000000       2.3578436       13.535784
       210.00000       1.0000000       2.3578436       13.535785
       210.00000       3.0000000       2.3578438       13.535790
       210.00000       10.000000       2.3559185       13.550978
       210.00000       30.000000       2.3486679       13.608529
       210.00000       100.00000       2.3461251       13.628795
       210.00000       300.00000       2.3454013       13.634601
       210.00000       1000.0000       2.3451460       13.636640
       210.00000       3000.0000       2.3450739       13.637258
       210.00000       10000.000       2.3446582       13.637424
       210.00000       30000.000       2.3443735       13.637470
       210.00000       100000.00       2.3442730       13.637486
       220.00000    0.0010000000       2.3578463       13.649258
       220.00000    0.0030000000       2.3578469       13.649284
       220.00000     0.010000000       2.3578436       13.649289
       220.00000     0.030000000       2.3578430       13.649289
       220.00000      0.10000000       2.3578436       13.649289
       220.00000      0.30000000       2.3578430       13.649290
       220.00000       1.0000000       2.3578436       13.649291
       220.00000       3.0000000       2.3578430       13.649296
       220.00000       10.000000       2.3578470       13.649301
       220.00000       30.000000       2.3578670       13.649357
       220.00000       100.00000       2.3491856       13.718640
       220.00000       300.00000       2.3464211       13.740885
       220.00000       1000.0000       2.3454522       13.748712
       220.00000       3000.0000       2.3451753       13.751082
       220.00000       10000.000       2.3450784       13.751721
       220.00000       30000.000       2.3447064       13.751900
       220.00000       100000.00       2.3443731       13.751963
       230.00000    0.0010000000       2.3578425       13.749840
       230.00000    0.0030000000       2.3578464       13.750053
       230.00000     0.010000000       2.3578469       13.750077
       230.00000     0.030000000       2.3578436       13.750080
       230.00000      0.10000000       2.3578438       13.750080
       230.00000      0.30000000       2.3578436       13.750082
       230.00000       1.0000000       2.3578436       13.750083
       230.00000       3.0000000       2.3578438       13.750087
       230.00000       10.000000       2.3578471       13.750093
       230.00000       30.000000       2.3578670       13.750149
       230.00000       100.00000       2.3578705       13.750218
       230.00000       300.00000       2.3497249       13.815806
       230.00000       1000.0000       2.3464442       13.842467
       230.00000       3000.0000       2.3455058       13.850553
       230.00000       10000.000       2.3451782       13.852740
       230.00000       30000.000       2.3450838       13.853355
       230.00000       100000.00       2.3446604       13.853570
       240.00000    0.0010000000       2.3578251       13.838855
       240.00000    0.0030000000       2.3578465       13.840080
       240.00000     0.010000000       2.3578462       13.840253
       240.00000     0.030000000       2.3578468       13.840266
       240.00000      0.10000000       2.3578469       13.840268
       240.00000      0.30000000       2.3578438       13.840269
       240.00000       1.0000000       2.3578438       13.840270
       240.00000       3.0000000       2.3578438       13.840276
       240.00000       10.000000       2.3578469       13.840283
       240.00000       30.000000       2.3578670       13.840339
       240.00000       100.00000       2.3578705       13.840407
       240.00000       300.00000       2.3578742       13.840708
       240.00000       1000.0000       2.3493406       13.910181
       240.00000       3000.0000       2.3464724       13.935043
       240.00000       10000.000       2.3454673       13.941791
       240.00000       30000.000       2.3451810       13.943689
       240.00000       100000.00       2.3450799       13.944354
       250.00000    0.0010000000       2.3577433       13.913939
       250.00000    0.0030000000       2.3578316       13.917662
       250.00000     0.010000000       2.3578481       13.918567
       250.00000     0.030000000       2.3578465       13.918659
       250.00000      0.10000000       2.3578469       13.918669
       250.00000      0.30000000       2.3578469       13.918671
       250.00000       1.0000000       2.3578438       13.918672
       250.00000       3.0000000       2.3578438       13.918678
       250.00000       10.000000       2.3578469       13.918685
       250.00000       30.000000       2.3578670       13.918740
       250.00000       100.00000       2.3578709       13.918810
       250.00000       300.00000       2.3578744       13.919108
       250.00000       1000.0000       2.3570739       13.927170
       250.00000       3000.0000       2.3490517       13.996706
       250.00000       10000.000       2.3462420       14.015696
       250.00000       30000.000       2.3454390       14.021047
       250.00000       100000.00       2.3451579       14.022920
       260.00000    0.0010000000       2.3576491       13.976151
       260.00000    0.0030000000       2.3577692       13.981238
       260.00000     0.010000000       2.3578438       13.984253
       260.00000     0.030000000       2.3578495       13.984711
       260.00000      0.10000000       2.3578500       13.984766
       260.00000      0.30000000       2.3578467       13.984773
       260.00000       1.0000000       2.3578469       13.984774
       260.00000       3.0000000       2.3578469       13.984780
       260.00000       10.000000       2.3578471       13.984786
       260.00000       30.000000       2.3578670       13.984842
       260.00000       100.00000       2.3578704       13.984911
       260.00000       300.00000       2.3578738       13.985210
       260.00000       1000.0000       2.3578739       13.986899
       260.00000       3000.0000       2.3554100       14.020388
       260.00000       10000.000       2.3481502       14.069535
       260.00000       30000.000       2.3460748       14.083437
       260.00000       100000.00       2.3453483       14.088310
       260.00000       300000.00       2.3451407       14.089703
       270.00000    0.0010000000       2.3574911       14.030636
       270.00000    0.0030000000       2.3576852       14.034114
       270.00000     0.010000000       2.3578174       14.039350
       270.00000     0.030000000       2.3578480       14.041037
       270.00000      0.10000000       2.3578496       14.041291
       270.00000      0.30000000       2.3578500       14.041315
       270.00000       1.0000000       2.3578468       14.041321
       270.00000       3.0000000       2.3578469       14.041325
       270.00000       10.000000       2.3578471       14.041332
       270.00000       30.000000       2.3578670       14.041388
       270.00000       100.00000       2.3578704       14.041457
       270.00000       300.00000       2.3578736       14.041758
       270.00000       1000.0000       2.3578745       14.043445
       270.00000       3000.0000       2.3578739       14.060433
       270.00000       10000.000       2.3525371       14.097017
       270.00000       30000.000       2.3475375       14.130576
       270.00000       100000.00       2.3457878       14.142369
       270.00000       300000.00       2.3452870       14.145745
       275.00000    0.0010000000       2.3573534       14.056371
       275.00000    0.0030000000       2.3576170       14.058356
       275.00000     0.010000000       2.3577727       14.063834
       275.00000     0.030000000       2.3578428       14.066554
       275.00000      0.10000000       2.3578523       14.067064
       275.00000      0.30000000       2.3578497       14.067115
       275.00000       1.0000000       2.3578467       14.067121
       275.00000       3.0000000       2.3578469       14.067126
       275.00000       10.000000       2.3578469       14.067134
       275.00000       30.000000       2.3578668       14.067190
       275.00000       100.00000       2.3578703       14.067259
       275.00000       300.00000       2.3578737       14.067558
       275.00000       1000.0000       2.3578737       14.069248
       275.00000       3000.0000       2.3578739       14.086234
       275.00000       10000.000       2.3563103       14.097646
       275.00000       30000.000       2.3487965       14.148063
       275.00000       100000.00       2.3461649       14.165823
       275.00000       300000.00       2.3454129       14.170910
       280.00000    0.0010000000       2.3572102       14.081433
       280.00000    0.0030000000       2.3575516       14.081903
       280.00000     0.010000000       2.3577401       14.086869
       280.00000     0.030000000       2.3578377       14.090689
       280.00000      0.10000000       2.3578517       14.091649
       280.00000      0.30000000       2.3578529       14.091747
       280.00000       1.0000000       2.3578500       14.091760
       280.00000       3.0000000       2.3578469       14.091767
       280.00000       10.000000       2.3578469       14.091775
       280.00000       30.000000       2.3578472       14.091830
       280.00000       100.00000       2.3578711       14.091898
       280.00000       300.00000       2.3578744       14.092198
       280.00000       1000.0000       2.3578745       14.093887
       280.00000       3000.0000       2.3578745       14.110875
       280.00000       10000.000       2.3578745       14.111851
       280.00000       30000.000       2.3503089       14.162648
       280.00000       100000.00       2.3466192       14.187579
       280.00000       300000.00       2.3455648       14.194727
       290.00000    0.0010000000       2.3569645       14.127730
       290.00000    0.0030000000       2.3573215       14.126742
       290.00000     0.010000000       2.3576494       14.129092
       290.00000     0.030000000       2.3577798       14.134102
       290.00000      0.10000000       2.3578496       14.136711
       290.00000      0.30000000       2.3578524       14.137074
       290.00000       1.0000000       2.3578500       14.137120
       290.00000       3.0000000       2.3578499       14.137129
       290.00000       10.000000       2.3578469       14.137138
       290.00000       30.000000       2.3578503       14.137193
       290.00000       100.00000       2.3578709       14.137263
       290.00000       300.00000       2.3578742       14.137562
       290.00000       1000.0000       2.3578744       14.139251
       290.00000       3000.0000       2.3578744       14.156238
       290.00000       10000.000       2.3578744       14.157215
       290.00000       30000.000       2.3550434       14.176248
       290.00000       100000.00       2.3480406       14.223604
       290.00000       300000.00       2.3460387       14.237221
       300.00000    0.0010000000       2.3574499       14.161762
       300.00000    0.0030000000       2.3574646       14.162619
       300.00000     0.010000000       2.3575327       14.165216
       300.00000     0.030000000       2.3576271       14.170036
       300.00000      0.10000000       2.3577363       14.174775
       300.00000      0.30000000       2.3577549       14.175903
       300.00000       1.0000000       2.3577583       14.176057
       300.00000       3.0000000       2.3577578       14.176077
       300.00000       10.000000       2.3577586       14.176086
       300.00000       30.000000       2.3577579       14.176144
       300.00000       100.00000       2.3577585       14.176216
       300.00000       300.00000       2.3577578       14.176517
       300.00000       1000.0000       2.3577585       14.178205
       300.00000       3000.0000       2.3577578       14.195183
       300.00000       10000.000       2.3577585       14.196159
       300.00000       30000.000       2.3577578       14.196148
       300.00000       100000.00       2.3503899       14.245982
       300.00000       300000.00       2.3467489       14.270789
       310.00000    0.0010000000       2.3574470       14.193089
       310.00000    0.0030000000       2.3574548       14.193573
       310.00000     0.010000000       2.3574859       14.195145
       310.00000     0.030000000       2.3575705       14.198693
       310.00000      0.10000000       2.3576998       14.204462
       310.00000      0.30000000       2.3577488       14.207099
       310.00000       1.0000000       2.3577570       14.207580
       310.00000       3.0000000       2.3577579       14.207631
       310.00000       10.000000       2.3577580       14.207644
       310.00000       30.000000       2.3577579       14.207702
       310.00000       100.00000       2.3577579       14.207774
       310.00000       300.00000       2.3577579       14.208075
       310.00000       1000.0000       2.3577579       14.209764
       310.00000       3000.0000       2.3577579       14.226741
       310.00000       10000.000       2.3577579       14.227717
       310.00000       30000.000       2.3577579       14.227706
       310.00000       100000.00       2.3544846       14.249778
       310.00000       300000.00       2.3481149       14.293176
       320.00000    0.0010000000       2.3574444       14.219023
       320.00000    0.0030000000       2.3574498       14.219305
       320.00000     0.010000000       2.3574658       14.220246
       320.00000     0.030000000       2.3575296       14.222603
       320.00000      0.10000000       2.3576311       14.227874
       320.00000      0.30000000       2.3577331       14.232267
       320.00000       1.0000000       2.3577552       14.233546
       320.00000       3.0000000       2.3577576       14.233690
       320.00000       10.000000       2.3577580       14.233713
       320.00000       30.000000       2.3577579       14.233772
       320.00000       100.00000       2.3577579       14.233844
       320.00000       300.00000       2.3577579       14.234145
       320.00000       1000.0000       2.3577579       14.235834
       320.00000       3000.0000       2.3577579       14.252811
       320.00000       10000.000       2.3577579       14.253787
       320.00000       30000.000       2.3577579       14.253776
       320.00000       100000.00       2.3577579       14.253633
       320.00000       300000.00       2.3503136       14.304268
       330.00000    0.0010000000       2.3574434       14.241951
       330.00000    0.0030000000       2.3574469       14.242119
       330.00000     0.010000000       2.3574563       14.242688
       330.00000     0.030000000       2.3574861       14.244197
       330.00000      0.10000000       2.3575824       14.248253
       330.00000      0.30000000       2.3577001       14.253564
       330.00000       1.0000000       2.3577507       14.256282
       330.00000       3.0000000       2.3577569       14.256669
       330.00000       10.000000       2.3577580       14.256723
       330.00000       30.000000       2.3577579       14.256785
       330.00000       100.00000       2.3577579       14.256857
       330.00000       300.00000       2.3577579       14.257158
       330.00000       1000.0000       2.3577579       14.258847
       330.00000       3000.0000       2.3577579       14.275824
       330.00000       10000.000       2.3577579       14.276800
       330.00000       30000.000       2.3577579       14.276789
       330.00000       100000.00       2.3577579       14.276646
       330.00000       300000.00       2.3537437       14.303791
       340.00000    0.0010000000       2.3574428       14.262639
       340.00000    0.0030000000       2.3574452       14.262741
       340.00000     0.010000000       2.3574509       14.263090
       340.00000     0.030000000       2.3574680       14.264049
       340.00000      0.10000000       2.3575429       14.266909
       340.00000      0.30000000       2.3576365       14.271955
       340.00000       1.0000000       2.3577396       14.276382
       340.00000       3.0000000       2.3577556       14.277327
       340.00000       10.000000       2.3577577       14.277458
       340.00000       30.000000       2.3577579       14.277527
       340.00000       100.00000       2.3577579       14.277600
       340.00000       300.00000       2.3577579       14.277901
       340.00000       1000.0000       2.3577579       14.279590
       340.00000       3000.0000       2.3577579       14.296567
       340.00000       10000.000       2.3577579       14.297543
       340.00000       30000.000       2.3577579       14.297532
       340.00000       100000.00       2.3577579       14.297389
       340.00000       300000.00       2.3577579       14.297034
       350.00000    0.0010000000       2.3574424       14.280219
       350.00000    0.0030000000       2.3574442       14.280283
       350.00000     0.010000000       2.3574473       14.280504
       350.00000     0.030000000       2.3574587       14.281115
       350.00000      0.10000000       2.3574948       14.283059
       350.00000      0.30000000       2.3575920       14.287175
       350.00000       1.0000000       2.3577152       14.292772
       350.00000       3.0000000       2.3577520       14.294739
       350.00000       10.000000       2.3577572       14.295057
       350.00000       30.000000       2.3577579       14.295144
       350.00000       100.00000       2.3577579       14.295219
       350.00000       300.00000       2.3577579       14.295520
       350.00000       1000.0000       2.3577578       14.297209
       350.00000       3000.0000       2.3577579       14.314186
       350.00000       10000.000       2.3577578       14.315162
       350.00000       30000.000       2.3577579       14.315151
       350.00000       100000.00       2.3577578       14.315008
       350.00000       300000.00       2.3577579       14.314653
       375.00000    0.0010000000       2.3574422       14.310016
       375.00000    0.0030000000       2.3574425       14.310039
       375.00000     0.010000000       2.3574438       14.310115
       375.00000     0.030000000       2.3574474       14.310329
       375.00000      0.10000000       2.3574600       14.311052
       375.00000      0.30000000       2.3574954       14.312924
       375.00000       1.0000000       2.3576027       14.317604
       375.00000       3.0000000       2.3577160       14.322673
       375.00000       10.000000       2.3577539       14.324668
       375.00000       30.000000       2.3577573       14.324967
       375.00000       100.00000       2.3577584       14.325066
       375.00000       300.00000       2.3577579       14.325365
       375.00000       1000.0000       2.3577585       14.327024
       375.00000       3000.0000       2.3577578       14.343661
       375.00000       10000.000       2.3577585       14.344692
       375.00000       30000.000       2.3577578       14.345025
       375.00000       100000.00       2.3577585       14.344894
       375.00000       300000.00       2.3577578       14.344532
       400.00000    0.0010000000       2.3574410       14.330081
       400.00000    0.0030000000       2.3574420       14.330088
       400.00000     0.010000000       2.3574417       14.330119
       400.00000     0.030000000       2.3574437       14.330201
       400.00000      0.10000000       2.3574480       14.330489
       400.00000      0.30000000       2.3574623       14.331275
       400.00000       1.0000000       2.3575261       14.333701
       400.00000       3.0000000       2.3576132       14.338397
       400.00000       10.000000       2.3577304       14.343481
       400.00000       30.000000       2.3577534       14.344865
       400.00000       100.00000       2.3577565       14.345110
       400.00000       300.00000       2.3577569       14.345362
       400.00000       1000.0000       2.3577570       14.346634
       400.00000       3000.0000       2.3577569       14.358833
       400.00000       10000.000       2.3577569       14.360582
       400.00000       30000.000       2.3577569       14.365398
       400.00000       100000.00       2.3577569       14.365438
       400.00000       300000.00       2.3577569       14.364974
       425.00000    0.0010000000       2.3574412       14.342950
       425.00000    0.0030000000       2.3574418       14.342954
       425.00000     0.010000000       2.3574416       14.342966
       425.00000     0.030000000       2.3574427       14.343002
       425.00000      0.10000000       2.3574441       14.343125
       425.00000      0.30000000       2.3574508       14.343471
       425.00000       1.0000000       2.3574698       14.344620
       425.00000       3.0000000       2.3575437       14.347406
       425.00000       10.000000       2.3576672       14.353054
       425.00000       30.000000       2.3577396       14.356916
       425.00000       100.00000       2.3577552       14.357879
       425.00000       300.00000       2.3577567       14.358150
       425.00000       1000.0000       2.3577569       14.359055
       425.00000       3000.0000       2.3577569       14.367097
       425.00000       10000.000       2.3577569       14.369550
       425.00000       30000.000       2.3577569       14.378549
       425.00000       100000.00       2.3577569       14.378757
       425.00000       300000.00       2.3577569       14.378189
       450.00000    0.0010000000       2.3574405       14.350454
       450.00000    0.0030000000       2.3574410       14.350452
       450.00000     0.010000000       2.3574411       14.350458
       450.00000     0.030000000       2.3574414       14.350475
       450.00000      0.10000000       2.3574424       14.350532
       450.00000      0.30000000       2.3574451       14.350695
       450.00000       1.0000000       2.3574547       14.351251
       450.00000       3.0000000       2.3574831       14.352727
       450.00000       10.000000       2.3575754       14.356727
       450.00000       30.000000       2.3576968       14.362115
       450.00000       100.00000       2.3577490       14.364999
       450.00000       300.00000       2.3577566       14.365532
       450.00000       1000.0000       2.3577568       14.366115
       450.00000       3000.0000       2.3577576       14.370247
       450.00000       10000.000       2.3577569       14.373387
       450.00000       30000.000       2.3577576       14.386307
       450.00000       100000.00       2.3577569       14.386680
       450.00000       300000.00       2.3577576       14.386007
       475.00000    0.0010000000       2.3574292       14.355326
       475.00000    0.0030000000       2.3574400       14.355279
       475.00000     0.010000000       2.3574410       14.355276
       475.00000     0.030000000       2.3574413       14.355283
       475.00000      0.10000000       2.3574417       14.355312
       475.00000      0.30000000       2.3574431       14.355395
       475.00000       1.0000000       2.3574479       14.355678
       475.00000       3.0000000       2.3574614       14.356458
       475.00000       10.000000       2.3575255       14.358864
       475.00000       30.000000       2.3576129       14.363553
       475.00000       100.00000       2.3577300       14.368689
       475.00000       300.00000       2.3577534       14.370141
       475.00000       1000.0000       2.3577566       14.370678
       475.00000       3000.0000       2.3577569       14.372833
       475.00000       10000.000       2.3577570       14.375963
       475.00000       30000.000       2.3577569       14.389073
       475.00000       100000.00       2.3577569       14.392487
       475.00000       300000.00       2.3577569       14.391760
       500.00000    0.0010000000       2.3573079       14.361592
       500.00000    0.0030000000       2.3574244       14.361065
       500.00000     0.010000000       2.3574399       14.360994
       500.00000     0.030000000       2.3574416       14.360992
       500.00000      0.10000000       2.3574412       14.361008
       500.00000      0.30000000       2.3574428       14.361050
       500.00000       1.0000000       2.3574447       14.361203
       500.00000       3.0000000       2.3574528       14.361630
       500.00000       10.000000       2.3574792       14.363026
       500.00000       30.000000       2.3575580       14.366291
       500.00000       100.00000       2.3576879       14.372130
       500.00000       300.00000       2.3577451       14.375320
       500.00000       1000.0000       2.3577558       14.376145
       500.00000       3000.0000       2.3577568       14.376788
       500.00000       10000.000       2.3577569       14.379775
       500.00000       30000.000       2.3577569       14.392389
       500.00000       100000.00       2.3577569       14.399412
       500.00000       300000.00       2.3577569       14.398483
       575.00000    0.0010000000       2.3563663       14.396239
       575.00000    0.0030000000       2.3564470       14.395873
       575.00000     0.010000000       2.3568962       14.394105
       575.00000     0.030000000       2.3573174       14.392456
       575.00000      0.10000000       2.3574283       14.392037
       575.00000      0.30000000       2.3574402       14.392003
       575.00000       1.0000000       2.3574416       14.392031
       575.00000       3.0000000       2.3574432       14.392121
       575.00000       10.000000       2.3574486       14.392431
       575.00000       30.000000       2.3574632       14.393284
       575.00000       100.00000       2.3575305       14.395878
       575.00000       300.00000       2.3576233       14.400757
       575.00000       1000.0000       2.3577336       14.405730
       575.00000       3000.0000       2.3577539       14.407192
       575.00000       10000.000       2.3577567       14.408569
       575.00000       30000.000       2.3577569       14.413309
       575.00000       100000.00       2.3577569       14.434091
       575.00000       300000.00       2.3577569       14.449848
       650.00000    0.0010000000       2.3563387       14.425972
       650.00000    0.0030000000       2.3563363       14.425972
       650.00000     0.010000000       2.3563606       14.425948
       650.00000     0.030000000       2.3564058       14.425769
       650.00000      0.10000000       2.3567409       14.424629
       650.00000      0.30000000       2.3572456       14.422967
       650.00000       1.0000000       2.3574201       14.422374
       650.00000       3.0000000       2.3574397       14.422332
       650.00000       10.000000       2.3574430       14.422416
       650.00000       30.000000       2.3574474       14.422675
       650.00000       100.00000       2.3574624       14.423537
       650.00000       300.00000       2.3575225       14.425731
       650.00000       1000.0000       2.3576203       14.430887
       650.00000       3000.0000       2.3577272       14.435756
       650.00000       10000.000       2.3577537       14.437838
       650.00000       30000.000       2.3577566       14.439943
       650.00000       100000.00       2.3577569       14.455100
       650.00000       300000.00       2.3577570       14.547879
       725.00000    0.0010000000       2.3564737       14.478623
       725.00000    0.0030000000       2.3564743       14.478623
       725.00000     0.010000000       2.3564034       14.478624
       725.00000     0.030000000       2.3563591       14.478621
       725.00000      0.10000000       2.3563699       14.478594
       725.00000      0.30000000       2.3564320       14.478377
       725.00000       1.0000000       2.3568461       14.477208
       725.00000       3.0000000       2.3572974       14.475928
       725.00000       10.000000       2.3574266       14.475593
       725.00000       30.000000       2.3574427       14.475651
       725.00000       100.00000       2.3574491       14.475974
       725.00000       300.00000       2.3574651       14.476878
       725.00000       1000.0000       2.3575336       14.479618
       725.00000       3000.0000       2.3576285       14.484671
       725.00000       10000.000       2.3577357       14.489742
       725.00000       30000.000       2.3577542       14.491828
       725.00000       100000.00       2.3577566       14.499389
       725.00000       300000.00       2.3577570       14.563173
       800.00000    0.0010000000       2.3564737       14.565219
       800.00000    0.0030000000       2.3564743       14.565219
       800.00000     0.010000000       2.3564736       14.565219
       800.00000     0.030000000       2.3564744       14.565217
       800.00000      0.10000000       2.3564740       14.565217
       800.00000      0.30000000       2.3564768       14.565211
       800.00000       1.0000000       2.3564320       14.565140
       800.00000       3.0000000       2.3565877       14.564683
       800.00000       10.000000       2.3571321       14.563381
       800.00000       30.000000       2.3574002       14.562785
       800.00000       100.00000       2.3574411       14.562822
       800.00000       300.00000       2.3574518       14.563224
       800.00000       1000.0000       2.3574774       14.564581
       800.00000       3000.0000       2.3575539       14.567796
       800.00000       10000.000       2.3576834       14.573872
       800.00000       30000.000       2.3577439       14.577857
       800.00000       100000.00       2.3577557       14.581608
       800.00000       300000.00       2.3577571       14.594800
       900.00000    0.0010000000       2.3564740       14.684434
       900.00000    0.0030000000       2.3564740       14.684434
       900.00000     0.010000000       2.3564739       14.684434
       900.00000     0.030000000       2.3564738       14.684434
       900.00000      0.10000000       2.3564738       14.684434
       900.00000      0.30000000       2.3564740       14.684432
       900.00000       1.0000000       2.3564745       14.684431
       900.00000       3.0000000       2.3564797       14.684422
       900.00000       10.000000       2.3565572       14.684305
       900.00000       30.000000       2.3568867       14.683715
       900.00000       100.00000       2.3573234       14.682824
       900.00000       300.00000       2.3574406       14.682733
       900.00000       1000.0000       2.3574585       14.683286
       900.00000       3000.0000       2.3574858       14.684844
       900.00000       10000.000       2.3575814       14.689100
       900.00000       30000.000       2.3576997       14.694938
       900.00000       100000.00       2.3577525       14.699411
       900.00000       300000.00       2.3577637       14.705232
       1000.0000    0.0010000000       2.3564704       14.833302
       1000.0000    0.0030000000       2.3564742       14.833307
       1000.0000     0.010000000       2.3564749       14.833308
       1000.0000     0.030000000       2.3564755       14.833309
       1000.0000      0.10000000       2.3564747       14.833309
       1000.0000      0.30000000       2.3564751       14.833309
       1000.0000       1.0000000       2.3564742       14.833311
       1000.0000       3.0000000       2.3564749       14.833311
       1000.0000       10.000000       2.3564774       14.833308
       1000.0000       30.000000       2.3565256       14.833273
       1000.0000       100.00000       2.3567562       14.832981
       1000.0000       300.00000       2.3572818       14.832377
       1000.0000       1000.0000       2.3575538       14.832322
       1000.0000       3000.0000       2.3575140       14.833082
       1000.0000       10000.000       2.3575468       14.835586
       1000.0000       30000.000       2.3576284       14.840583
       1000.0000       100000.00       2.3577541       14.846885
       1000.0000       300000.00       2.3577861       14.851467
       1100.0000    0.0010000000       2.3564937       15.001809
       1100.0000    0.0030000000       2.3564784       15.001829
       1100.0000     0.010000000       2.3564812       15.001840
       1100.0000     0.030000000       2.3564805       15.001853
       1100.0000      0.10000000       2.3564820       15.001873
       1100.0000      0.30000000       2.3564804       15.001893
       1100.0000       1.0000000       2.3564793       15.001912
       1100.0000       3.0000000       2.3564773       15.001923
       1100.0000       10.000000       2.3564772       15.001931
       1100.0000       30.000000       2.3564785       15.001937
       1100.0000       100.00000       2.3565271       15.001921
       1100.0000       300.00000       2.3567193       15.001787
       1100.0000       1000.0000       2.3572818       15.001444
       1100.0000       3000.0000       2.3575594       15.001648
       1100.0000       10000.000       2.3576364       15.003088
       1100.0000       30000.000       2.3576865       15.006642
       1100.0000       100000.00       2.3577479       15.013400
       1100.0000       300000.00       2.3577849       15.018689
       1200.0000    0.0010000000       2.3600733       15.186253
       1200.0000    0.0030000000       2.3576196       15.188832
       1200.0000     0.010000000       2.3567850       15.189795
       1200.0000     0.030000000       2.3565642       15.190081
       1200.0000      0.10000000       2.3565020       15.190177
       1200.0000      0.30000000       2.3564878       15.190208
       1200.0000       1.0000000       2.3564879       15.190217
       1200.0000       3.0000000       2.3564865       15.190220
       1200.0000       10.000000       2.3564877       15.190224
       1200.0000       30.000000       2.3564887       15.190230
       1200.0000       100.00000       2.3564935       15.190242
       1200.0000       300.00000       2.3565475       15.190254
       1200.0000       1000.0000       2.3568156       15.190225
       1200.0000       3000.0000       2.3573271       15.190143
       1200.0000       10000.000       2.3575987       15.191115
       1200.0000       30000.000       2.3576676       15.193565
       1200.0000       100000.00       2.3577843       15.199488
       1200.0000       300000.00       2.3578631       15.205835
       1300.0000    0.0010000000       2.3624943       15.370249
       1300.0000    0.0030000000       2.3631201       15.370187
       1300.0000     0.010000000       2.3625466       15.374660
       1300.0000     0.030000000       2.3603487       15.381479
       1300.0000      0.10000000       2.3578138       15.385751
       1300.0000      0.30000000       2.3569040       15.387531
       1300.0000       1.0000000       2.3565980       15.388182
       1300.0000       3.0000000       2.3565164       15.388372
       1300.0000       10.000000       2.3564932       15.388440
       1300.0000       30.000000       2.3564910       15.388459
       1300.0000       100.00000       2.3564898       15.388474
       1300.0000       300.00000       2.3564979       15.388498
       1300.0000       1000.0000       2.3565822       15.388559
       1300.0000       3000.0000       2.3569077       15.388453
       1300.0000       10000.000       2.3574534       15.389481
       1300.0000       30000.000       2.3576307       15.391228
       1300.0000       100000.00       2.3577437       15.396005
       1300.0000       300000.00       2.3578643       15.402768
       1400.0000    0.0010000000       2.3582460       15.597767
       1400.0000    0.0030000000       2.3605701       15.597850
       1400.0000     0.010000000       2.3620866       15.597850
       1400.0000     0.030000000       2.3628928       15.597823
       1400.0000      0.10000000       2.3634051       15.597792
       1400.0000      0.30000000       2.3627058       15.601499
       1400.0000       1.0000000       2.3592901       15.609363
       1400.0000       3.0000000       2.3577231       15.613135
       1400.0000       10.000000       2.3568458       15.615349
       1400.0000       30.000000       2.3565979       15.616015
       1400.0000       100.00000       2.3565188       15.616254
       1400.0000       300.00000       2.3565011       15.616338
       1400.0000       1000.0000       2.3565327       15.616422
       1400.0000       3000.0000       2.3566365       15.616638
       1400.0000       10000.000       2.3571503       15.617579
       1400.0000       30000.000       2.3575559       15.619182
       1400.0000       100000.00       2.3577067       15.623026
       1400.0000       300000.00       2.3578123       15.629543
       1500.0000    0.0010000000       2.3445034       15.844060
       1500.0000    0.0030000000       2.3525097       15.844691
       1500.0000     0.010000000       2.3575562       15.845019
       1500.0000     0.030000000       2.3602042       15.845136
       1500.0000      0.10000000       2.3619043       15.845170
       1500.0000      0.30000000       2.3628033       15.845173
       1500.0000       1.0000000       2.3633524       15.845165
       1500.0000       3.0000000       2.3634051       15.845156
       1500.0000       10.000000       2.3599867       15.853451
       1500.0000       30.000000       2.3586256       15.857915
       1500.0000       100.00000       2.3572308       15.861818
       1500.0000       300.00000       2.3567305       15.863257
       1500.0000       1000.0000       2.3565647       15.863816
       1500.0000       3000.0000       2.3565741       15.864146
       1500.0000       10000.000       2.3568390       15.865126
       1500.0000       30000.000       2.3573562       15.867182
       1500.0000       100000.00       2.3576446       15.870669
       1500.0000       300000.00       2.3577791       15.876627
       1600.0000    0.0010000000       2.3060821       16.048486
       1600.0000    0.0030000000       2.3299201       16.050621
       1600.0000     0.010000000       2.3449713       16.051888
       1600.0000     0.030000000       2.3528315       16.052486
       1600.0000      0.10000000       2.3577836       16.052798
       1600.0000      0.30000000       2.3603865       16.052915
       1600.0000       1.0000000       2.3620330       16.052968
       1600.0000       3.0000000       2.3628775       16.052984
       1600.0000       10.000000       2.3634000       16.052991
       1600.0000       30.000000       2.3627133       16.052987
       1600.0000       100.00000       2.3603304       16.058766
       1600.0000       300.00000       2.3587270       16.065145
       1600.0000       1000.0000       2.3575601       16.068892
       1600.0000       3000.0000       2.3568620       16.071100
       1600.0000       10000.000       2.3567334       16.072612
       1600.0000       30000.000       2.3571125       16.075293
       1600.0000       100000.00       2.3575824       16.079441
       1600.0000       300000.00       2.3577497       16.084946
       1700.0000    0.0010000000       2.2151252       16.247261
       1700.0000    0.0030000000       2.2750672       16.253383
       1700.0000     0.010000000       2.3140851       16.257009
       1700.0000     0.030000000       2.3346774       16.258803
       1700.0000      0.10000000       2.3476566       16.259854
       1700.0000      0.30000000       2.3544469       16.260336
       1700.0000       1.0000000       2.3587381       16.260589
       1700.0000       3.0000000       2.3609583       16.260696
       1700.0000       10.000000       2.3623490       16.260757
       1700.0000       30.000000       2.3630743       16.260780
       1700.0000       100.00000       2.3635236       16.260794
       1700.0000       300.00000       2.3619417       16.260800
       1700.0000       1000.0000       2.3601178       16.266689
       1700.0000       3000.0000       2.3586749       16.273214
       1700.0000       10000.000       2.3576612       16.277336
       1700.0000       30000.000       2.3571907       16.282006
       1700.0000       100000.00       2.3575196       16.288271
       1700.0000       300000.00       2.3577320       16.294107
       1800.0000    0.0010000000       2.0388702       16.423098
       1800.0000    0.0030000000       2.1614153       16.439302
       1800.0000     0.010000000       2.2474636       16.448622
       1800.0000     0.030000000       2.2948441       16.453165
       1800.0000      0.10000000       2.3253252       16.455875
       1800.0000      0.30000000       2.3413312       16.457202
       1800.0000       1.0000000       2.3514159       16.457965
       1800.0000       3.0000000       2.3566989       16.458314
       1800.0000       10.000000       2.3600080       16.458502
       1800.0000       30.000000       2.3617178       16.458588
       1800.0000       100.00000       2.3627817       16.458639
       1800.0000       300.00000       2.3633143       16.458673
       1800.0000       1000.0000       2.3623241       16.458702
       1800.0000       3000.0000       2.3614416       16.458773
       1800.0000       10000.000       2.3595304       16.467427
       1800.0000       30000.000       2.3586550       16.474280
       1800.0000       100000.00       2.3579883       16.485021
       1800.0000       300000.00       2.3578710       16.493599
       1900.0000    0.0010000000       1.7795742       16.562962
       1900.0000    0.0030000000       1.9678768       16.600951
       1900.0000     0.010000000       2.1234597       16.623125
       1900.0000     0.030000000       2.2173545       16.633697
       1900.0000      0.10000000       2.2807321       16.639908
       1900.0000      0.30000000       2.3148921       16.642969
       1900.0000       1.0000000       2.3366525       16.644787
       1900.0000       3.0000000       2.3480295       16.645666
       1900.0000       10.000000       2.3551908       16.646165
       1900.0000       30.000000       2.3589199       16.646395
       1900.0000       100.00000       2.3612569       16.646526
       1900.0000       300.00000       2.3624574       16.646592
       1900.0000       1000.0000       2.3631771       16.646655
       1900.0000       3000.0000       2.3626342       16.646729
       1900.0000       10000.000       2.3614889       16.647006
       1900.0000       30000.000       2.3611143       16.649201
       1900.0000       100000.00       2.3593015       16.667489
       1900.0000       300000.00       2.3587630       16.681143
       2000.0000    0.0010000000       1.5240721       16.664478
       2000.0000    0.0030000000       1.7167897       16.729996
       2000.0000     0.010000000       1.9312176       16.774515
       2000.0000     0.030000000       2.0858308       16.797119
       2000.0000      0.10000000       2.2008568       16.810319
       2000.0000      0.30000000       2.2662763       16.816751
       2000.0000       1.0000000       2.3090921       16.820582
       2000.0000       3.0000000       2.3318100       16.822468
       2000.0000       10.000000       2.3461556       16.823578
       2000.0000       30.000000       2.3536537       16.824107
       2000.0000       100.00000       2.3583358       16.824413
       2000.0000       300.00000       2.3607577       16.824561
       2000.0000       1000.0000       2.3622631       16.824662
       2000.0000       3000.0000       2.3630353       16.824751
       2000.0000       10000.000       2.3625654       16.824994
       2000.0000       30000.000       2.3615260       16.826050
       2000.0000       100000.00       2.3614978       16.832411
       2000.0000       300000.00       2.3601023       16.855367
       2150.0000    0.0010000000       1.3339372       16.386509
       2150.0000    0.0030000000       1.4172348       16.827885
       2150.0000     0.010000000       1.5888885       16.957976
       2150.0000     0.030000000       1.7900031       17.006716
       2150.0000      0.10000000       1.9924046       17.039956
       2150.0000      0.30000000       2.1295249       17.056974
       2150.0000       1.0000000       2.2280826       17.067094
       2150.0000       3.0000000       2.2830651       17.072092
       2150.0000       10.000000       2.3187183       17.075081
       2150.0000       30.000000       2.3375277       17.076551
       2150.0000       100.00000       2.3494018       17.077418
       2150.0000       300.00000       2.3555580       17.077841
       2150.0000       1000.0000       2.3594099       17.078099
       2150.0000       3000.0000       2.3613860       17.078257
       2150.0000       10000.000       2.3626123       17.078491
       2150.0000       30000.000       2.3632738       17.079260
       2150.0000       100000.00       2.3618124       17.084317
       2150.0000       300000.00       2.3618564       17.100547
       2300.0000    0.0010000000       1.2910982       14.103580
       2300.0000    0.0030000000       1.3120155       16.103852
       2300.0000     0.010000000       1.3745757       16.938544
       2300.0000     0.030000000       1.4983089       17.159799
       2300.0000      0.10000000       1.7046434       17.227921
       2300.0000      0.30000000       1.9032397       17.261254
       2300.0000       1.0000000       2.0782846       17.283510
       2300.0000       3.0000000       2.1878745       17.294857
       2300.0000       10.000000       2.2633916       17.301689
       2300.0000       30.000000       2.3045446       17.305087
       2300.0000       100.00000       2.3309233       17.307125
       2300.0000       300.00000       2.3447563       17.308128
       2300.0000       1000.0000       2.3534430       17.308732
       2300.0000       3000.0000       2.3579286       17.309054
       2300.0000       10000.000       2.3607282       17.309352
       2300.0000       30000.000       2.3621572       17.309984
       2300.0000       100000.00       2.3631286       17.313868
       2300.0000       300000.00       2.3622206       17.330709
       2450.0000    0.0010000000       1.2824480       9.0757858
       2450.0000    0.0030000000       1.2877205       13.230877
       2450.0000     0.010000000       1.3050658       15.979433
       2450.0000     0.030000000       1.3491522       17.002096
       2450.0000      0.10000000       1.4625570       17.362681
       2450.0000      0.30000000       1.6375624       17.445938
       2450.0000       1.0000000       1.8587077       17.482973
       2450.0000       3.0000000       2.0315707       17.504069
       2450.0000       10.000000       2.1661092       17.517611
       2450.0000       30.000000       2.2446054       17.524495
       2450.0000       100.00000       2.2967152       17.528661
       2450.0000       300.00000       2.3245343       17.530742
       2450.0000       1000.0000       2.3421799       17.531995
       2450.0000       3000.0000       2.3513849       17.532630
       2450.0000       10000.000       2.3571073       17.533100
       2450.0000       30000.000       2.3600690       17.533704
       2450.0000       100000.00       2.3619424       17.536763
       2450.0000       300000.00       2.3630954       17.552349
       2600.0000    0.0010000000       1.2798213       4.6340368
       2600.0000    0.0030000000       1.2816823       8.3910652
       2600.0000     0.010000000       1.2869295       13.087867
       2600.0000     0.030000000       1.3007146       15.853872
       2600.0000      0.10000000       1.3437682       17.148660
       2600.0000      0.30000000       1.4380003       17.538050
       2600.0000       1.0000000       1.6209305       17.650649
       2600.0000       3.0000000       1.8233792       17.683617
       2600.0000       10.000000       2.0188769       17.705532
       2600.0000       30.000000       2.1478958       17.717640
       2600.0000       100.00000       2.2393782       17.725222
       2600.0000       300.00000       2.2900432       17.729065
       2600.0000       1000.0000       2.3227699       17.731398
       2600.0000       3000.0000       2.3399902       17.732574
       2600.0000       10000.000       2.3508246       17.733351
       2600.0000       30000.000       2.3564061       17.734035
       2600.0000       100000.00       2.3599062       17.736568
       2600.0000       300000.00       2.3618131       17.750216
       2800.0000    0.0010000000       1.2782996       2.2395531
       2800.0000    0.0030000000       1.2789466       3.7530114
       2800.0000     0.010000000       1.2804972       7.3127149
       2800.0000     0.030000000       1.2840867       11.758702
       2800.0000      0.10000000       1.2951338       15.470177
       2800.0000      0.30000000       1.3236565       17.075258
       2800.0000       1.0000000       1.4042622       17.710575
       2800.0000       3.0000000       1.5494875       17.874378
       2800.0000       10.000000       1.7661540       17.920383
       2800.0000       30.000000       1.9570291       17.940010
       2800.0000       100.00000       2.1162306       17.953652
       2800.0000       300.00000       2.2127861       17.961029
       2800.0000       1000.0000       2.2781833       17.965640
       2800.0000       3000.0000       2.3135235       17.967986
       2800.0000       10000.000       2.3360426       17.969458
       2800.0000       30000.000       2.3477959       17.970418
       2800.0000       100000.00       2.3551389       17.972596
       2800.0000       300000.00       2.3589587       17.983784
       3000.0000    0.0010000000       1.2772064       1.6178767
       3000.0000    0.0030000000       1.2777778       2.1272410
       3000.0000     0.010000000       1.2784992       3.6366435
       3000.0000     0.030000000       1.2796959       6.6682392
       3000.0000      0.10000000       1.2831003       11.505756
       3000.0000      0.30000000       1.2918066       15.165774
       3000.0000       1.0000000       1.3191990       17.182243
       3000.0000       3.0000000       1.3841471       17.863652
       3000.0000       10.000000       1.5315134       18.090338
       3000.0000       30.000000       1.7255244       18.139552
       3000.0000       100.00000       1.9391673       18.159633
       3000.0000       300.00000       2.0918330       18.171002
       3000.0000       1000.0000       2.2047543       18.178674
       3000.0000       3000.0000       2.2688325       18.182729
       3000.0000       10000.000       2.3107174       18.185271
       3000.0000       30000.000       2.3328965       18.186715
       3000.0000       100000.00       2.3468562       18.188833
       3000.0000       300000.00       2.3540906       18.198135
       3250.0000    0.0010000000       1.2756940       1.4244771
       3250.0000    0.0030000000       1.2763436       1.5739657
       3250.0000     0.010000000       1.2770458       2.0549283
       3250.0000     0.030000000       1.2777693       3.2285659
       3250.0000      0.10000000       1.2789520       6.1680327
       3250.0000      0.30000000       1.2813642       10.463837
       3250.0000       1.0000000       1.2888454       14.851819
       3250.0000       3.0000000       1.3084390       17.074601
       3250.0000       10.000000       1.3666551       18.043519
       3250.0000       30.000000       1.4835862       18.325745
       3250.0000       100.00000       1.6851117       18.404396
       3250.0000       300.00000       1.8854687       18.423221
       3250.0000       1000.0000       2.0655567       18.434347
       3250.0000       3000.0000       2.1795214       18.440817
       3250.0000       10000.000       2.2585001       18.445084
       3250.0000       30000.000       2.3016780       18.447406
       3250.0000       100000.00       2.3293486       18.449746
       3250.0000       300000.00       2.3437672       18.457471
       3500.0000    0.0010000000       1.2734516       1.4180226
       3500.0000    0.0030000000       1.2743892       1.4680909
       3500.0000     0.010000000       1.2754583       1.6316572
       3500.0000     0.030000000       1.2762960       2.0661597
       3500.0000      0.10000000       1.2771981       3.3734444
       3500.0000      0.30000000       1.2783319       6.0644170
       3500.0000       1.0000000       1.2809196       10.738658
       3500.0000       3.0000000       1.2872565       14.790386
       3500.0000       10.000000       1.3075632       17.313072
       3500.0000       30.000000       1.3576907       18.241233
       3500.0000       100.00000       1.4811795       18.579685
       3500.0000       300.00000       1.6624990       18.658600
       3500.0000       1000.0000       1.8824877       18.678928
       3500.0000       3000.0000       2.0498624       18.687113
       3500.0000       10000.000       2.1780537       18.692866
       3500.0000       30000.000       2.2521550       18.696140
       3500.0000       100000.00       2.3010508       18.698910
       3500.0000       300000.00       2.3270230       18.705714
       3750.0000    0.0010000000       1.2725088       1.5764282
       3750.0000    0.0030000000       1.2727417       1.5957921
       3750.0000     0.010000000       1.2733447       1.6606822
       3750.0000     0.030000000       1.2742928       1.8326468
       3750.0000      0.10000000       1.2755057       2.3750513
       3750.0000      0.30000000       1.2765832       3.6979242
       3750.0000       1.0000000       1.2780439       6.9121049
       3750.0000       3.0000000       1.2806553       11.296875
       3750.0000       10.000000       1.2883272       15.521554
       3750.0000       30.000000       1.3083020       17.626557
       3750.0000       100.00000       1.3677465       18.554620
       3750.0000       300.00000       1.4863908       18.831469
       3750.0000       1000.0000       1.6889222       18.910091
       3750.0000       3000.0000       1.8889517       18.925068
       3750.0000       10000.000       2.0680603       18.931565
       3750.0000       30000.000       2.1811124       18.935350
       3750.0000       100000.00       2.2593198       18.938490
       3750.0000       300000.00       2.3019666       18.944797
       4000.0000    0.0010000000       1.2723697       2.1392960
       4000.0000    0.0030000000       1.2724200       2.1467413
       4000.0000     0.010000000       1.2725334       2.1725393
       4000.0000     0.030000000       1.2728024       2.2445806
       4000.0000      0.10000000       1.2734914       2.4821027
       4000.0000      0.30000000       1.2745702       3.0874853
       4000.0000       1.0000000       1.2760560       4.8024346
       4000.0000       3.0000000       1.2777615       8.0459447
       4000.0000       10.000000       1.2813485       12.836973
       4000.0000       30.000000       1.2899250       16.281414
       4000.0000       100.00000       1.3169232       18.190015
       4000.0000       300.00000       1.3811163       18.861178
       4000.0000       1000.0000       1.5270673       19.099499
       4000.0000       3000.0000       1.7202564       19.151394
       4000.0000       10000.000       1.9345169       19.162498
       4000.0000       30000.000       2.0883250       19.166115
       4000.0000       100000.00       2.2023860       19.169170
       4000.0000       300000.00       2.2670845       19.175103
