Li Na K Rb Cs
  4.5054E-38  4.5054E-38  4.5054E-38  4.5054E-38  4.5054E-38
  4.5054E-38  4.5054E-38  4.5054E-38  4.5054E-38  4.5054E-38
  4.5054E-38  4.5054E-38  4.5054E-38  4.5054E-38  4.5054E-38
  4.5054E-38  4.5054E-38  4.5054E-38  4.5054E-38  4.5054E-38
  4.5054E-38  4.5054E-38  4.5054E-38  4.5054E-38  4.5054E-38
  4.5054E-38  4.5054E-38  4.5054E-38  4.5054E-38  4.5054E-38
  4.5054E-38  4.5054E-38  4.5054E-38  4.5054E-38  4.5054E-38
  4.5054E-38  4.5054E-38  4.5054E-38  4.5054E-38  4.5054E-38
  4.5054E-38  4.5054E-38  4.5054E-38  4.5054E-38  4.5054E-38
  4.5054E-38  4.5054E-38  4.5054E-38  4.5054E-38  4.5054E-38
  4.5054E-38  4.5054E-38  4.5054E-38  4.5054E-38  4.5054E-38
  4.5054E-38  4.5054E-38  4.5054E-38  4.5054E-38  4.5054E-38
  4.5054E-38  4.5054E-38  4.5054E-38  4.5054E-38  4.5054E-38
  4.5054E-38  4.5054E-38  4.5054E-38  4.5054E-38  4.5054E-38
  4.5054E-38  4.5054E-38  4.5054E-38  4.5054E-38  4.5054E-38
  4.5048E-38  4.5048E-38  4.5048E-38  4.5048E-38  4.5048E-38
  4.5048E-38  4.5048E-38  4.5048E-38  4.5048E-38  4.5048E-38
  4.5050E-38  4.5050E-38  4.5050E-38  4.5050E-38  4.5050E-38
  4.5053E-38  4.5053E-38  4.5053E-38  4.5053E-38  4.5053E-38
  4.5054E-38  4.5054E-38  4.5054E-38  4.5054E-38  4.5054E-38
  4.5054E-38  4.5054E-38  4.5054E-38  4.5054E-38  4.5054E-38
  4.5054E-38  4.5054E-38  4.5054E-38  4.5054E-38  4.5054E-38
  4.5054E-38  4.5054E-38  4.5054E-38  4.5054E-38  4.5054E-38
  4.5054E-38  4.5054E-38  4.5054E-38  4.5054E-38  4.5054E-38
  4.5054E-38  4.5054E-38  4.5054E-38  4.5054E-38  4.5054E-38
  4.5054E-38  4.5054E-38  4.5054E-38  4.5054E-38  4.5054E-38
  4.5054E-38  4.5054E-38  4.5054E-38  4.5054E-38  4.5054E-38
  4.5054E-38  4.5054E-38  4.5054E-38  4.5054E-38  4.5054E-38
  4.5054E-38  4.5054E-38  4.5054E-38  4.5054E-38  4.5054E-38
  4.5054E-38  4.5054E-38  4.5054E-38  4.5054E-38  4.5054E-38
  4.5054E-38  4.5054E-38  4.5054E-38  4.5054E-38  4.5054E-38
  4.5048E-38  4.5048E-38  4.5048E-38  4.5048E-38  4.5048E-38
  4.5048E-38  4.5048E-38  4.5048E-38  4.5048E-38  4.5048E-38
  4.5048E-38  4.5048E-38  4.5048E-38  4.5048E-38  4.5048E-38
  4.5048E-38  4.5048E-38  4.5048E-38  4.5048E-38  4.5048E-38
  4.5048E-38  4.5048E-38  4.5048E-38  4.5048E-38  4.5048E-38
  4.5050E-38  4.5050E-38  4.5050E-38  4.5050E-38  4.5050E-38
  4.5053E-38  4.5053E-38  4.5053E-38  4.5053E-38  4.5053E-38
  4.5054E-38  4.5054E-38  4.5054E-38  4.5054E-38  4.5054E-38
  4.5054E-38  4.5054E-38  4.5054E-38  4.5054E-38  4.5054E-38
  4.5054E-38  4.5054E-38  4.5054E-38  4.5054E-38  4.5054E-38
  4.5054E-38  4.5054E-38  4.5054E-38  4.5054E-38  4.5054E-38
  4.5054E-38  4.5054E-38  4.5054E-38  4.5054E-38  4.5054E-38
  4.5054E-38  4.5054E-38  4.5054E-38  4.5054E-38  4.5054E-38
  4.5054E-38  4.5054E-38  4.5054E-38  4.5054E-38  4.5054E-38
  4.5054E-38  4.5054E-38  4.5054E-38  4.5054E-38  4.5054E-38
  4.5054E-38  4.5054E-38  4.5054E-38  4.5054E-38  4.5054E-38
  4.5054E-38  4.5054E-38  4.5054E-38  4.5054E-38  4.5054E-38
  4.5048E-38  4.5048E-38  4.5048E-38  4.5048E-38  4.5048E-38
  4.5048E-38  4.5048E-38  4.5048E-38  4.5048E-38  4.5048E-38
  4.5048E-38  4.5048E-38  4.5048E-38  4.5048E-38  4.5048E-38
  4.5048E-38  4.5048E-38  4.5048E-38  4.5048E-38  4.5048E-38
  4.5048E-38  4.5048E-38  4.5048E-38  4.5048E-38  4.5048E-38
  4.5048E-38  4.5048E-38  4.5048E-38  4.5048E-38  4.5048E-38
  4.5048E-38  4.5048E-38  4.5048E-38  4.5048E-38  4.5048E-38
  4.5048E-38  4.5048E-38  4.5048E-38  4.5048E-38  4.5048E-38
  4.5052E-38  4.5052E-38  4.5052E-38  4.5052E-38  4.5052E-38
  4.5054E-38  4.5054E-38  4.5054E-38  4.5054E-38  4.5054E-38
  4.5054E-38  4.5054E-38  4.5054E-38  4.5054E-38  4.5054E-38
  4.5054E-38  4.5054E-38  4.5054E-38  4.5054E-38  4.5054E-38
  4.5054E-38  4.5054E-38  4.5054E-38  4.5054E-38  4.5054E-38
  4.5054E-38  4.5054E-38  4.5054E-38  4.5054E-38  4.5054E-38
  4.5054E-38  4.5054E-38  4.5054E-38  4.5054E-38  4.5054E-38
  4.5054E-38  4.5054E-38  4.5054E-38  4.5054E-38  4.5054E-38
  4.5054E-38  4.5054E-38  4.5054E-38  4.5054E-38  4.5054E-38
  4.5048E-38  4.5048E-38  4.5048E-38  4.5048E-38  4.5048E-38
  4.5048E-38  4.5048E-38  4.5048E-38  4.5048E-38  4.5048E-38
  4.5048E-38  4.5048E-38  4.5048E-38  4.5048E-38  4.5048E-38
  4.5048E-38  4.5048E-38  4.5048E-38  4.5048E-38  4.5048E-38
  4.5048E-38  4.5048E-38  4.5048E-38  4.5048E-38  4.5048E-38
  4.5048E-38  4.5048E-38  4.5048E-38  4.5048E-38  4.5048E-38
  4.5048E-38  4.5048E-38  4.5048E-38  4.5048E-38  4.5048E-38
  4.5048E-38  4.5048E-38  4.5048E-38  4.5048E-38  4.5048E-38
  4.5048E-38  4.5048E-38  4.5048E-38  4.5048E-38  4.5048E-38
  4.5048E-38  4.5048E-38  4.5048E-38  4.5048E-38  4.5048E-38
  4.5052E-38  4.5052E-38  4.5052E-38  4.5052E-38  4.5052E-38
  4.5054E-38  4.5054E-38  4.5054E-38  4.5054E-38  4.5054E-38
  4.5054E-38  4.5054E-38  4.5054E-38  4.5054E-38  4.5054E-38
  4.5054E-38  4.5054E-38  4.5054E-38  4.5054E-38  4.5054E-38
  4.5054E-38  4.5054E-38  4.5054E-38  4.5054E-38  4.5054E-38
  4.5054E-38  4.5054E-38  4.5054E-38  4.5054E-38  4.5054E-38
  4.5054E-38  4.5054E-38  4.5054E-38  4.5054E-38  4.5054E-38
  4.5047E-38  4.5047E-38  4.5047E-38  4.5047E-38  4.5047E-38
  4.5047E-38  4.5047E-38  4.5047E-38  4.5047E-38  4.5047E-38
  4.5047E-38  4.5047E-38  4.5047E-38  4.5047E-38  4.5047E-38
  4.5048E-38  4.5048E-38  4.5048E-38  4.5048E-38  4.5048E-38
  4.5048E-38  4.5048E-38  4.5048E-38  4.5048E-38  4.5048E-38
  4.5048E-38  4.5048E-38  4.5048E-38  4.5048E-38  4.5048E-38
  4.5048E-38  4.5048E-38  4.5048E-38  4.5048E-38  4.5048E-38
  4.5048E-38  4.5048E-38  4.5048E-38  4.5048E-38  4.5048E-38
  4.5048E-38  4.5048E-38  4.5048E-38  4.5048E-38  4.5048E-38
  4.5048E-38  4.5048E-38  4.5048E-38  4.5048E-38  4.5048E-38
  4.5048E-38  4.5048E-38  4.5048E-38  4.5048E-38  4.5048E-38
  4.5049E-38  4.5049E-38  4.5049E-38  4.5049E-38  4.5049E-38
  4.5053E-38  4.5053E-38  4.5053E-38  4.5053E-38  4.5053E-38
  4.5054E-38  4.5054E-38  4.5054E-38  4.5054E-38  4.5054E-38
  4.5054E-38  4.5054E-38  4.5054E-38  4.5054E-38  4.5054E-38
  4.5054E-38  4.5054E-38  4.5054E-38  4.5054E-38  4.5054E-38
  4.5054E-38  4.5054E-38  4.5054E-38  4.5054E-38  4.5054E-38
  4.5045E-38  4.5045E-38  4.5045E-38  4.5045E-38  4.5045E-38
  4.5046E-38  4.5046E-38  4.5046E-38  4.5046E-38  4.5046E-38
  4.5047E-38  4.5047E-38  4.5047E-38  4.5047E-38  4.5047E-38
  4.5047E-38  4.5047E-38  4.5047E-38  4.5047E-38  4.5047E-38
  4.5047E-38  4.5047E-38  4.5047E-38  4.5047E-38  4.5047E-38
  4.5048E-38  4.5048E-38  4.5048E-38  4.5048E-38  4.5048E-38
  4.5048E-38  4.5048E-38  4.5048E-38  4.5048E-38  4.5048E-38
  4.5048E-38  4.5048E-38  4.5048E-38  4.5048E-38  4.5048E-38
  4.5048E-38  4.5048E-38  4.5048E-38  4.5048E-38  4.5048E-38
  4.5048E-38  4.5048E-38  4.5048E-38  4.5048E-38  4.5048E-38
  4.5048E-38  4.5048E-38  4.5048E-38  4.5048E-38  4.5048E-38
  4.5048E-38  4.5048E-38  4.5048E-38  4.5048E-38  4.5048E-38
  4.5048E-38  4.5048E-38  4.5048E-38  4.5048E-38  4.5048E-38
  4.5051E-38  4.5051E-38  4.5051E-38  4.5051E-38  4.5051E-38
  4.5053E-38  4.5053E-38  4.5053E-38  4.5053E-38  4.5053E-38
  4.5054E-38  4.5054E-38  4.5054E-38  4.5054E-38  4.5054E-38
  4.5054E-38  4.5054E-38  4.5054E-38  4.5054E-38  4.5054E-38
  4.5015E-38  4.5015E-38  4.5015E-38  4.5015E-38  4.5015E-38
  4.5036E-38  4.5036E-38  4.5036E-38  4.5036E-38  4.5036E-38
  4.5043E-38  4.5043E-38  4.5043E-38  4.5043E-38  4.5043E-38
  4.5046E-38  4.5046E-38  4.5046E-38  4.5046E-38  4.5046E-38
  4.5047E-38  4.5047E-38  4.5047E-38  4.5047E-38  4.5047E-38
  4.5047E-38  4.5047E-38  4.5047E-38  4.5047E-38  4.5047E-38
  4.5047E-38  4.5047E-38  4.5047E-38  4.5047E-38  4.5047E-38
  4.5048E-38  4.5048E-38  4.5048E-38  4.5048E-38  4.5048E-38
  4.5048E-38  4.5048E-38  4.5048E-38  4.5048E-38  4.5048E-38
  4.5048E-38  4.5048E-38  4.5048E-38  4.5048E-38  4.5048E-38
  4.5048E-38  4.5048E-38  4.5048E-38  4.5048E-38  4.5048E-38
  4.5048E-38  4.5048E-38  4.5048E-38  4.5048E-38  4.5048E-38
  4.5048E-38  4.5048E-38  4.5048E-38  4.5048E-38  4.5048E-38
  4.5048E-38  4.5048E-38  4.5048E-38  4.5048E-38  4.5048E-38
  4.5050E-38  4.5050E-38  4.5050E-38  4.5050E-38  4.5050E-38
  4.5053E-38  4.5053E-38  4.5053E-38  4.5053E-38  4.5053E-38
  4.5054E-38  4.5054E-38  4.5054E-38  4.5054E-38  4.5054E-38
  4.5010E-38  4.5010E-38  4.5010E-38  4.5010E-38  4.5010E-38
  4.5010E-38  4.5010E-38  4.5010E-38  4.5010E-38  4.5010E-38
  4.5016E-38  4.5016E-38  4.5016E-38  4.5016E-38  4.5016E-38
  4.5036E-38  4.5036E-38  4.5036E-38  4.5036E-38  4.5036E-38
  4.5044E-38  4.5044E-38  4.5044E-38  4.5044E-38  4.5044E-38
  4.5046E-38  4.5046E-38  4.5046E-38  4.5046E-38  4.5046E-38
  4.5046E-38  4.5046E-38  4.5046E-38  4.5046E-38  4.5046E-38
  4.5047E-38  4.5047E-38  4.5047E-38  4.5047E-38  4.5047E-38
  4.5047E-38  4.5047E-38  4.5047E-38  4.5047E-38  4.5047E-38
  4.5048E-38  4.5048E-38  4.5048E-38  4.5048E-38  4.5048E-38
  4.5048E-38  4.5048E-38  4.5048E-38  4.5048E-38  4.5048E-38
  4.5048E-38  4.5048E-38  4.5048E-38  4.5048E-38  4.5048E-38
  4.5048E-38  4.5048E-38  4.5048E-38  4.5048E-38  4.5048E-38
  4.5048E-38  4.5048E-38  4.5048E-38  4.5048E-38  4.5048E-38
  4.5048E-38  4.5048E-38  4.5048E-38  4.5048E-38  4.5048E-38
  4.5049E-38  4.5049E-38  4.5049E-38  4.5049E-38  4.5049E-38
  4.5053E-38  4.5053E-38  4.5053E-38  4.5053E-38  4.5053E-38
  4.5010E-38  4.5010E-38  4.5010E-38  4.5010E-38  4.5010E-38
  4.5010E-38  4.5010E-38  4.5010E-38  4.5010E-38  4.5010E-38
  4.5010E-38  4.5010E-38  4.5010E-38  4.5010E-38  4.5010E-38
  4.5010E-38  4.5010E-38  4.5010E-38  4.5010E-38  4.5010E-38
  4.5024E-38  4.5024E-38  4.5024E-38  4.5024E-38  4.5024E-38
  4.5039E-38  4.5039E-38  4.5039E-38  4.5039E-38  4.5039E-38
  4.5045E-38  4.5045E-38  4.5045E-38  4.5045E-38  4.5045E-38
  4.5046E-38  4.5046E-38  4.5046E-38  4.5046E-38  4.5046E-38
  4.5047E-38  4.5047E-38  4.5047E-38  4.5047E-38  4.5047E-38
  4.5047E-38  4.5047E-38  4.5047E-38  4.5047E-38  4.5047E-38
  4.5048E-38  4.5048E-38  4.5048E-38  4.5048E-38  4.5048E-38
  4.5049E-38  4.5049E-38  4.5049E-38  4.5049E-38  4.5049E-38
  4.5049E-38  4.5049E-38  4.5049E-38  4.5049E-38  4.5049E-38
  4.5049E-38  4.5049E-38  4.5049E-38  4.5049E-38  4.5049E-38
  4.5049E-38  4.5049E-38  4.5049E-38  4.5049E-38  4.5049E-38
  4.5049E-38  4.5049E-38  4.5049E-38  4.5049E-38  4.5049E-38
  4.5050E-38  4.5050E-38  4.5050E-38  4.5050E-38  4.5050E-38
  4.5011E-38  4.5011E-38  4.5011E-38  4.5011E-38  4.5011E-38
  4.5011E-38  4.5011E-38  4.5011E-38  4.5011E-38  4.5011E-38
  4.5011E-38  4.5011E-38  4.5011E-38  4.5011E-38  4.5011E-38
  4.5011E-38  4.5011E-38  4.5011E-38  4.5011E-38  4.5011E-38
  4.5011E-38  4.5011E-38  4.5011E-38  4.5011E-38  4.5011E-38
  4.5011E-38  4.5011E-38  4.5011E-38  4.5011E-38  4.5011E-38
  4.5033E-38  4.5033E-38  4.5033E-38  4.5033E-38  4.5033E-38
  4.5043E-38  4.5043E-38  4.5043E-38  4.5043E-38  4.5043E-38
  4.5047E-38  4.5047E-38  4.5047E-38  4.5047E-38  4.5047E-38
  4.5048E-38  4.5048E-38  4.5048E-38  4.5048E-38  4.5048E-38
  4.5048E-38  4.5048E-38  4.5048E-38  4.5048E-38  4.5048E-38
  4.5049E-38  4.5049E-38  4.5049E-38  4.5049E-38  4.5049E-38
  4.5050E-38  4.5050E-38  4.5050E-38  4.5050E-38  4.5050E-38
  4.5050E-38  4.5050E-38  4.5050E-38  4.5050E-38  4.5050E-38
  4.5050E-38  4.5050E-38  4.5050E-38  4.5050E-38  4.5050E-38
  4.5050E-38  4.5050E-38  4.5050E-38  4.5050E-38  4.5050E-38
  4.5050E-38  4.5050E-38  4.5050E-38  4.5050E-38  4.5050E-38
  4.5011E-38  4.5011E-38  4.5011E-38  4.5011E-38  4.5011E-38
  4.5011E-38  4.5011E-38  4.5011E-38  4.5011E-38  4.5011E-38
  4.5011E-38  4.5011E-38  4.5011E-38  4.5011E-38  4.5011E-38
  4.5011E-38  4.5011E-38  4.5011E-38  4.5011E-38  4.5011E-38
  4.5011E-38  4.5011E-38  4.5011E-38  4.5011E-38  4.5011E-38
  4.5011E-38  4.5011E-38  4.5011E-38  4.5011E-38  4.5011E-38
  4.5011E-38  4.5011E-38  4.5011E-38  4.5011E-38  4.5011E-38
  4.5024E-38  4.5024E-38  4.5024E-38  4.5024E-38  4.5024E-38
  4.5041E-38  4.5041E-38  4.5041E-38  4.5041E-38  4.5041E-38
  4.5046E-38  4.5046E-38  4.5046E-38  4.5046E-38  4.5046E-38
  4.5048E-38  4.5048E-38  4.5048E-38  4.5048E-38  4.5048E-38
  4.5049E-38  4.5049E-38  4.5049E-38  4.5049E-38  4.5049E-38
  4.5049E-38  4.5049E-38  4.5049E-38  4.5049E-38  4.5049E-38
  4.5050E-38  4.5050E-38  4.5050E-38  4.5050E-38  4.5050E-38
  4.5050E-38  4.5050E-38  4.5050E-38  4.5050E-38  4.5050E-38
  4.5050E-38  4.5050E-38  4.5050E-38  4.5050E-38  4.5050E-38
  4.5050E-38  4.5050E-38  4.5050E-38  4.5050E-38  4.5050E-38
  4.5011E-38  4.5011E-38  4.5011E-38  4.5011E-38  4.5011E-38
  4.5011E-38  4.5011E-38  4.5011E-38  4.5011E-38  4.5011E-38
  4.5011E-38  4.5011E-38  4.5011E-38  4.5011E-38  4.5011E-38
  4.5011E-38  4.5011E-38  4.5011E-38  4.5011E-38  4.5011E-38
  4.5011E-38  4.5011E-38  4.5011E-38  4.5011E-38  4.5011E-38
  4.5011E-38  4.5011E-38  4.5011E-38  4.5011E-38  4.5011E-38
  4.5011E-38  4.5011E-38  4.5011E-38  4.5011E-38  4.5011E-38
  4.5011E-38  4.5011E-38  4.5011E-38  4.5011E-38  4.5011E-38
  4.5017E-38  4.5017E-38  4.5017E-38  4.5017E-38  4.5017E-38
  4.5037E-38  4.5037E-38  4.5037E-38  4.5037E-38  4.5037E-38
  4.5045E-38  4.5045E-38  4.5045E-38  4.5045E-38  4.5045E-38
  4.5048E-38  4.5048E-38  4.5048E-38  4.5048E-38  4.5048E-38
  4.5049E-38  4.5049E-38  4.5049E-38  4.5049E-38  4.5049E-38
  4.5049E-38  4.5049E-38  4.5049E-38  4.5049E-38  4.5049E-38
  4.5049E-38  4.5049E-38  4.5049E-38  4.5049E-38  4.5049E-38
  4.5050E-38  4.5050E-38  4.5050E-38  4.5050E-38  4.5050E-38
  4.5050E-38  4.5050E-38  4.5050E-38  4.5050E-38  4.5050E-38
  4.5011E-38  4.5011E-38  4.5011E-38  4.5011E-38  4.5011E-38
  4.5011E-38  4.5011E-38  4.5011E-38  4.5011E-38  4.5011E-38
  4.5011E-38  4.5011E-38  4.5011E-38  4.5011E-38  4.5011E-38
  4.5011E-38  4.5011E-38  4.5011E-38  4.5011E-38  4.5011E-38
  4.5011E-38  4.5011E-38  4.5011E-38  4.5011E-38  4.5011E-38
  4.5011E-38  4.5011E-38  4.5011E-38  4.5011E-38  4.5011E-38
  4.5011E-38  4.5011E-38  4.5011E-38  4.5011E-38  4.5011E-38
  4.5011E-38  4.5011E-38  4.5011E-38  4.5011E-38  4.5011E-38
  4.5011E-38  4.5011E-38  4.5011E-38  4.5011E-38  4.5011E-38
  4.5011E-38  4.5011E-38  4.5011E-38  4.5011E-38  4.5011E-38
  4.5036E-38  4.5036E-38  4.5036E-38  4.5036E-38  4.5036E-38
  4.5045E-38  4.5045E-38  4.5045E-38  4.5045E-38  4.5045E-38
  4.5048E-38  4.5048E-38  4.5048E-38  4.5048E-38  4.5048E-38
  4.5048E-38  4.5048E-38  4.5048E-38  4.5048E-38  4.5048E-38
  4.5049E-38  4.5049E-38  4.5049E-38  4.5049E-38  4.5049E-38
  4.5049E-38  4.5049E-38  4.5049E-38  4.5049E-38  4.5049E-38
  4.5050E-38  4.5050E-38  4.5050E-38  4.5050E-38  4.5050E-38
  4.5011E-38  4.5011E-38  4.5011E-38  4.5011E-38  4.5011E-38
  4.5011E-38  4.5011E-38  4.5011E-38  4.5011E-38  4.5011E-38
  4.5011E-38  4.5011E-38  4.5011E-38  4.5011E-38  4.5011E-38
  4.5011E-38  4.5011E-38  4.5011E-38  4.5011E-38  4.5011E-38
  4.5011E-38  4.5011E-38  4.5011E-38  4.5011E-38  4.5011E-38
  4.5011E-38  4.5011E-38  4.5011E-38  4.5011E-38  4.5011E-38
  4.5011E-38  4.5011E-38  4.5011E-38  4.5011E-38  4.5011E-38
  4.5011E-38  4.5011E-38  4.5011E-38  4.5011E-38  4.5011E-38
  4.5011E-38  4.5011E-38  4.5011E-38  4.5011E-38  4.5011E-38
  4.5011E-38  4.5011E-38  4.5011E-38  4.5011E-38  4.5011E-38
  4.5011E-38  4.5011E-38  4.5011E-38  4.5011E-38  4.5011E-38
  4.5035E-38  4.5035E-38  4.5035E-38  4.5035E-38  4.5035E-38
  4.5045E-38  4.5045E-38  4.5045E-38  4.5045E-38  4.5045E-38
  4.5048E-38  4.5048E-38  4.5048E-38  4.5048E-38  4.5048E-38
  4.5048E-38  4.5048E-38  4.5048E-38  4.5048E-38  4.5048E-38
  4.5049E-38  4.5049E-38  4.5049E-38  4.5049E-38  4.5049E-38
  4.5049E-38  4.5049E-38  4.5049E-38  4.5049E-38  4.5049E-38
  4.5012E-38  4.5012E-38  4.5012E-38  4.5012E-38  4.5012E-38
  4.5011E-38  4.5011E-38  4.5011E-38  4.5011E-38  4.5011E-38
  4.5011E-38  4.5011E-38  4.5011E-38  4.5011E-38  4.5011E-38
  4.5011E-38  4.5011E-38  4.5011E-38  4.5011E-38  4.5011E-38
  4.5011E-38  4.5011E-38  4.5011E-38  4.5011E-38  4.5011E-38
  4.5011E-38  4.5011E-38  4.5011E-38  4.5011E-38  4.5011E-38
  4.5011E-38  4.5011E-38  4.5011E-38  4.5011E-38  4.5011E-38
  4.5011E-38  4.5011E-38  4.5011E-38  4.5011E-38  4.5011E-38
  4.5011E-38  4.5011E-38  4.5011E-38  4.5011E-38  4.5011E-38
  4.5011E-38  4.5011E-38  4.5011E-38  4.5011E-38  4.5011E-38
  4.5012E-38  4.5012E-38  4.5012E-38  4.5012E-38  4.5012E-38
  4.5012E-38  4.5012E-38  4.5012E-38  4.5012E-38  4.5012E-38
  4.5036E-38  4.5036E-38  4.5036E-38  4.5036E-38  4.5036E-38
  4.5045E-38  4.5045E-38  4.5045E-38  4.5045E-38  4.5045E-38
  4.5048E-38  4.5048E-38  4.5048E-38  4.5048E-38  4.5048E-38
  4.5048E-38  4.5048E-38  4.5048E-38  4.5048E-38  4.5048E-38
  4.5049E-38  4.5049E-38  4.5049E-38  4.5049E-38  4.5049E-38
  4.5012E-38  4.5012E-38  4.5012E-38  4.5012E-38  4.5012E-38
  4.5012E-38  4.5012E-38  4.5012E-38  4.5012E-38  4.5012E-38
  4.5011E-38  4.5011E-38  4.5011E-38  4.5011E-38  4.5011E-38
  4.5011E-38  4.5011E-38  4.5011E-38  4.5011E-38  4.5011E-38
  4.5011E-38  4.5011E-38  4.5011E-38  4.5011E-38  4.5011E-38
  4.5011E-38  4.5011E-38  4.5011E-38  4.5011E-38  4.5011E-38
  4.5011E-38  4.5011E-38  4.5011E-38  4.5011E-38  4.5011E-38
  4.5011E-38  4.5011E-38  4.5011E-38  4.5011E-38  4.5011E-38
  4.5011E-38  4.5011E-38  4.5011E-38  4.5011E-38  4.5011E-38
  4.5011E-38  4.5011E-38  4.5011E-38  4.5011E-38  4.5011E-38
  4.5012E-38  4.5012E-38  4.5012E-38  4.5012E-38  4.5012E-38
  4.5012E-38  4.5012E-38  4.5012E-38  4.5012E-38  4.5012E-38
  4.5014E-38  4.5014E-38  4.5014E-38  4.5014E-38  4.5014E-38
  4.5037E-38  4.5037E-38  4.5037E-38  4.5037E-38  4.5037E-38
  4.5045E-38  4.5045E-38  4.5045E-38  4.5045E-38  4.5045E-38
  4.5048E-38  4.5048E-38  4.5048E-38  4.5048E-38  4.5048E-38
  4.5049E-38  4.5049E-38  4.5049E-38  4.5049E-38  4.5049E-38
  4.5013E-38  4.5013E-38  4.5013E-38  4.5013E-38  4.5013E-38
  4.5013E-38  4.5013E-38  4.5013E-38  4.5013E-38  4.5013E-38
  4.5012E-38  4.5012E-38  4.5012E-38  4.5012E-38  4.5012E-38
  4.5012E-38  4.5012E-38  4.5012E-38  4.5012E-38  4.5012E-38
  4.5012E-38  4.5012E-38  4.5012E-38  4.5012E-38  4.5012E-38
  4.5011E-38  4.5011E-38  4.5011E-38  4.5011E-38  4.5011E-38
  4.5011E-38  4.5011E-38  4.5011E-38  4.5011E-38  4.5011E-38
  4.5011E-38  4.5011E-38  4.5011E-38  4.5011E-38  4.5011E-38
  4.5011E-38  4.5011E-38  4.5011E-38  4.5011E-38  4.5011E-38
  4.5011E-38  4.5011E-38  4.5011E-38  4.5011E-38  4.5011E-38
  4.5012E-38  4.5012E-38  4.5012E-38  4.5012E-38  4.5012E-38
  4.5012E-38  4.5012E-38  4.5012E-38  4.5012E-38  4.5012E-38
  4.5012E-38  4.5012E-38  4.5012E-38  4.5012E-38  4.5012E-38
  4.5019E-38  4.5019E-38  4.5019E-38  4.5019E-38  4.5019E-38
  4.5040E-38  4.5040E-38  4.5040E-38  4.5040E-38  4.5040E-38
  4.5046E-38  4.5046E-38  4.5046E-38  4.5046E-38  4.5046E-38
  4.5048E-38  4.5048E-38  4.5048E-38  4.5048E-38  4.5048E-38
  4.5049E-38  4.5049E-38  4.5049E-38  4.5049E-38  4.5049E-38
  4.5013E-38  4.5013E-38  4.5013E-38  4.5013E-38  4.5013E-38
  4.5013E-38  4.5013E-38  4.5013E-38  4.5013E-38  4.5013E-38
  4.5012E-38  4.5012E-38  4.5012E-38  4.5012E-38  4.5012E-38
  4.5012E-38  4.5012E-38  4.5012E-38  4.5012E-38  4.5012E-38
  4.5012E-38  4.5012E-38  4.5012E-38  4.5012E-38  4.5012E-38
  4.5012E-38  4.5012E-38  4.5012E-38  4.5012E-38  4.5012E-38
  4.5011E-38  4.5011E-38  4.5011E-38  4.5011E-38  4.5011E-38
  4.5011E-38  4.5011E-38  4.5011E-38  4.5011E-38  4.5011E-38
  4.5011E-38  4.5011E-38  4.5011E-38  4.5011E-38  4.5011E-38
  4.5011E-38  4.5011E-38  4.5011E-38  4.5011E-38  4.5011E-38
  4.5012E-38  4.5012E-38  4.5012E-38  4.5012E-38  4.5012E-38
  4.5012E-38  4.5012E-38  4.5012E-38  4.5012E-38  4.5012E-38
  4.5012E-38  4.5012E-38  4.5012E-38  4.5012E-38  4.5012E-38
  4.5012E-38  4.5012E-38  4.5012E-38  4.5012E-38  4.5012E-38
  4.5027E-38  4.5027E-38  4.5027E-38  4.5027E-38  4.5027E-38
  4.5042E-38  4.5042E-38  4.5042E-38  4.5042E-38  4.5042E-38
  4.5047E-38  4.5047E-38  4.5047E-38  4.5047E-38  4.5047E-38
  4.5048E-38  4.5048E-38  4.5048E-38  4.5048E-38  4.5048E-38
  4.5013E-38  4.5013E-38  4.5013E-38  4.5013E-38  4.5013E-38
  4.5013E-38  4.5013E-38  4.5013E-38  4.5013E-38  4.5013E-38
  4.5013E-38  4.5013E-38  4.5013E-38  4.5013E-38  4.5013E-38
  4.5012E-38  4.5012E-38  4.5012E-38  4.5012E-38  4.5012E-38
  4.5012E-38  4.5012E-38  4.5012E-38  4.5012E-38  4.5012E-38
  4.5012E-38  4.5012E-38  4.5012E-38  4.5012E-38  4.5012E-38
  4.5011E-38  4.5011E-38  4.5011E-38  4.5011E-38  4.5011E-38
  4.5011E-38  4.5011E-38  4.5011E-38  4.5011E-38  4.5011E-38
  4.5011E-38  4.5011E-38  4.5011E-38  4.5011E-38  4.5011E-38
  4.5011E-38  4.5011E-38  4.5011E-38  4.5011E-38  4.5011E-38
  4.5012E-38  4.5012E-38  4.5012E-38  4.5012E-38  4.5012E-38
  4.5012E-38  4.5012E-38  4.5012E-38  4.5012E-38  4.5012E-38
  4.5012E-38  4.5012E-38  4.5012E-38  4.5012E-38  4.5012E-38
  4.5012E-38  4.5012E-38  4.5012E-38  4.5012E-38  4.5012E-38
  4.5016E-38  4.5016E-38  4.5016E-38  4.5016E-38  4.5016E-38
  4.5038E-38  4.5038E-38  4.5038E-38  4.5038E-38  4.5038E-38
  4.5046E-38  4.5046E-38  4.5046E-38  4.5046E-38  4.5046E-38
  4.5048E-38  4.5048E-38  4.5048E-38  4.5048E-38  4.5048E-38
  4.5013E-38  4.5013E-38  4.5013E-38  4.5013E-38  4.5013E-38
  4.5013E-38  4.5013E-38  4.5013E-38  4.5013E-38  4.5013E-38
  4.5013E-38  4.5013E-38  4.5013E-38  4.5013E-38  4.5013E-38
  4.5013E-38  4.5013E-38  4.5013E-38  4.5013E-38  4.5013E-38
  4.5012E-38  4.5012E-38  4.5012E-38  4.5012E-38  4.5012E-38
  4.5012E-38  4.5012E-38  4.5012E-38  4.5012E-38  4.5012E-38
  4.5011E-38  4.5011E-38  4.5011E-38  4.5011E-38  4.5011E-38
  4.5011E-38  4.5011E-38  4.5011E-38  4.5011E-38  4.5011E-38
  4.5011E-38  4.5011E-38  4.5011E-38  4.5011E-38  4.5011E-38
  4.5011E-38  4.5011E-38  4.5011E-38  4.5011E-38  4.5011E-38
  4.5012E-38  4.5012E-38  4.5012E-38  4.5012E-38  4.5012E-38
  4.5012E-38  4.5012E-38  4.5012E-38  4.5012E-38  4.5012E-38
  4.5012E-38  4.5012E-38  4.5012E-38  4.5012E-38  4.5012E-38
  4.5012E-38  4.5012E-38  4.5012E-38  4.5012E-38  4.5012E-38
  4.5012E-38  4.5012E-38  4.5012E-38  4.5012E-38  4.5012E-38
  4.5034E-38  4.5034E-38  4.5034E-38  4.5034E-38  4.5034E-38
  4.5044E-38  4.5044E-38  4.5044E-38  4.5044E-38  4.5044E-38
  4.5047E-38  4.5047E-38  4.5047E-38  4.5047E-38  4.5047E-38
  4.5013E-38  4.5013E-38  4.5013E-38  4.5013E-38  4.5013E-38
  4.5013E-38  4.5013E-38  4.5013E-38  4.5013E-38  4.5013E-38
  4.5013E-38  4.5013E-38  4.5013E-38  4.5013E-38  4.5013E-38
  4.5013E-38  4.5013E-38  4.5013E-38  4.5013E-38  4.5013E-38
  4.5012E-38  4.5012E-38  4.5012E-38  4.5012E-38  4.5012E-38
  4.5012E-38  4.5012E-38  4.5012E-38  4.5012E-38  4.5012E-38
  4.5011E-38  4.5011E-38  4.5011E-38  4.5011E-38  4.5011E-38
  4.5012E-38  4.5012E-38  4.5012E-38  4.5012E-38  4.5012E-38
  4.5011E-38  4.5011E-38  4.5011E-38  4.5011E-38  4.5011E-38
  4.5012E-38  4.5012E-38  4.5012E-38  4.5012E-38  4.5012E-38
  4.5012E-38  4.5012E-38  4.5012E-38  4.5012E-38  4.5012E-38
  4.5012E-38  4.5012E-38  4.5012E-38  4.5012E-38  4.5012E-38
  4.5012E-38  4.5012E-38  4.5012E-38  4.5012E-38  4.5012E-38
  4.5012E-38  4.5012E-38  4.5012E-38  4.5012E-38  4.5012E-38
  4.5012E-38  4.5012E-38  4.5012E-38  4.5012E-38  4.5012E-38
  4.5020E-38  4.5020E-38  4.5020E-38  4.5020E-38  4.5020E-38
  4.5040E-38  4.5040E-38  4.5040E-38  4.5040E-38  4.5040E-38
  4.5046E-38  4.5046E-38  4.5046E-38  4.5046E-38  4.5046E-38
  4.5000E-38  4.5000E-38  4.5000E-38  4.5000E-38  4.5000E-38
  4.5000E-38  4.5000E-38  4.5000E-38  4.5000E-38  4.5000E-38
  4.5000E-38  4.5000E-38  4.5000E-38  4.5000E-38  4.5000E-38
  4.5000E-38  4.5000E-38  4.5000E-38  4.5000E-38  4.5000E-38
  4.5000E-38  4.5000E-38  4.5000E-38  4.5000E-38  4.5000E-38
  4.5000E-38  4.5000E-38  4.5000E-38  4.5000E-38  4.5000E-38
  4.5000E-38  4.5000E-38  4.5000E-38  4.5000E-38  4.5000E-38
  4.5000E-38  4.5000E-38  4.5000E-38  4.5000E-38  4.5000E-38
  4.5000E-38  4.5000E-38  4.5000E-38  4.5000E-38  4.5000E-38
  4.5000E-38  4.5000E-38  4.5000E-38  4.5000E-38  4.5000E-38
  4.5000E-38  4.5000E-38  4.5000E-38  4.5000E-38  4.5000E-38
  4.5000E-38  4.5000E-38  4.5000E-38  4.5000E-38  4.5000E-38
  4.5000E-38  4.5000E-38  4.5000E-38  4.5000E-38  4.5000E-38
  4.5000E-38  4.5000E-38  4.5000E-38  4.5000E-38  4.5000E-38
  4.5000E-38  4.5000E-38  4.5000E-38  4.5000E-38  4.5000E-38
  4.5000E-38  4.5000E-38  4.5000E-38  4.5000E-38  4.5000E-38
  4.5021E-38  4.5021E-38  4.5021E-38  4.5021E-38  4.5021E-38
  4.5031E-38  4.5031E-38  4.5031E-38  4.5031E-38  4.5031E-38
  4.5000E-38  4.5000E-38  4.5000E-38  4.5000E-38  4.5000E-38
  4.5000E-38  4.5000E-38  4.5000E-38  4.5000E-38  4.5000E-38
  4.5000E-38  4.5000E-38  4.5000E-38  4.5000E-38  4.5000E-38
  4.5000E-38  4.5000E-38  4.5000E-38  4.5000E-38  4.5000E-38
  4.5000E-38  4.5000E-38  4.5000E-38  4.5000E-38  4.5000E-38
  4.5000E-38  4.5000E-38  4.5000E-38  4.5000E-38  4.5000E-38
  4.5000E-38  4.5000E-38  4.5000E-38  4.5000E-38  4.5000E-38
  4.5000E-38  4.5000E-38  4.5000E-38  4.5000E-38  4.5000E-38
  4.5000E-38  4.5000E-38  4.5000E-38  4.5000E-38  4.5000E-38
  4.5000E-38  4.5000E-38  4.5000E-38  4.5000E-38  4.5000E-38
  4.5000E-38  4.5000E-38  4.5000E-38  4.5000E-38  4.5000E-38
  4.5000E-38  4.5000E-38  4.5000E-38  4.5000E-38  4.5000E-38
  4.5000E-38  4.5000E-38  4.5000E-38  4.5000E-38  4.5000E-38
  4.5000E-38  4.5000E-38  4.5000E-38  4.5000E-38  4.5000E-38
  4.5000E-38  4.5000E-38  4.5000E-38  4.5000E-38  4.5000E-38
  4.5000E-38  4.5000E-38  4.5000E-38  4.5000E-38  4.5000E-38
  4.5009E-38  4.5009E-38  4.5009E-38  4.5009E-38  4.5009E-38
  4.5028E-38  4.5028E-38  4.5028E-38  4.5028E-38  4.5028E-38
  4.5000E-38  4.5000E-38  4.5000E-38  4.5000E-38  4.5000E-38
  4.5000E-38  4.5000E-38  4.5000E-38  4.5000E-38  4.5000E-38
  4.5000E-38  4.5000E-38  4.5000E-38  4.5000E-38  4.5000E-38
  4.5000E-38  4.5000E-38  4.5000E-38  4.5000E-38  4.5000E-38
  4.5000E-38  4.5000E-38  4.5000E-38  4.5000E-38  4.5000E-38
  4.5000E-38  4.5000E-38  4.5000E-38  4.5000E-38  4.5000E-38
  4.5000E-38  4.5000E-38  4.5000E-38  4.5000E-38  4.5000E-38
  4.5000E-38  4.5000E-38  4.5000E-38  4.5000E-38  4.5000E-38
  4.5000E-38  4.5000E-38  4.5000E-38  4.5000E-38  4.5000E-38
  4.5000E-38  4.5000E-38  4.5000E-38  4.5000E-38  4.5000E-38
  4.5000E-38  4.5000E-38  4.5000E-38  4.5000E-38  4.5000E-38
  4.5000E-38  4.5000E-38  4.5000E-38  4.5000E-38  4.5000E-38
  4.5000E-38  4.5000E-38  4.5000E-38  4.5000E-38  4.5000E-38
  4.5000E-38  4.5000E-38  4.5000E-38  4.5000E-38  4.5000E-38
  4.5000E-38  4.5000E-38  4.5000E-38  4.5000E-38  4.5000E-38
  4.5000E-38  4.5000E-38  4.5000E-38  4.5000E-38  4.5000E-38
  4.5000E-38  4.5000E-38  4.5000E-38  4.5000E-38  4.5000E-38
  4.5021E-38  4.5021E-38  4.5021E-38  4.5021E-38  4.5021E-38
  4.5000E-38  4.5000E-38  4.5000E-38  4.5000E-38  4.5000E-38
  4.5000E-38  4.5000E-38  4.5000E-38  4.5000E-38  4.5000E-38
  4.5000E-38  4.5000E-38  4.5000E-38  4.5000E-38  4.5000E-38
  4.5000E-38  4.5000E-38  4.5000E-38  4.5000E-38  4.5000E-38
  4.5000E-38  4.5000E-38  4.5000E-38  4.5000E-38  4.5000E-38
  4.5000E-38  4.5000E-38  4.5000E-38  4.5000E-38  4.5000E-38
  4.5000E-38  4.5000E-38  4.5000E-38  4.5000E-38  4.5000E-38
  4.5000E-38  4.5000E-38  4.5000E-38  4.5000E-38  4.5000E-38
  4.5000E-38  4.5000E-38  4.5000E-38  4.5000E-38  4.5000E-38
  4.5000E-38  4.5000E-38  4.5000E-38  4.5000E-38  4.5000E-38
  4.5000E-38  4.5000E-38  4.5000E-38  4.5000E-38  4.5000E-38
  4.5000E-38  4.5000E-38  4.5000E-38  4.5000E-38  4.5000E-38
  4.5000E-38  4.5000E-38  4.5000E-38  4.5000E-38  4.5000E-38
  4.5000E-38  4.5000E-38  4.5000E-38  4.5000E-38  4.5000E-38
  4.5000E-38  4.5000E-38  4.5000E-38  4.5000E-38  4.5000E-38
  4.5000E-38  4.5000E-38  4.5000E-38  4.5000E-38  4.5000E-38
  4.5000E-38  4.5000E-38  4.5000E-38  4.5000E-38  4.5000E-38
  4.5011E-38  4.5011E-38  4.5011E-38  4.5011E-38  4.5011E-38
  4.5000E-38  4.5000E-38  4.5000E-38  4.5000E-38  4.5000E-38
  4.5000E-38  4.5000E-38  4.5000E-38  4.5000E-38  4.5000E-38
  4.5000E-38  4.5000E-38  4.5000E-38  4.5000E-38  4.5000E-38
  4.5000E-38  4.5000E-38  4.5000E-38  4.5000E-38  4.5000E-38
  4.5000E-38  4.5000E-38  4.5000E-38  4.5000E-38  4.5000E-38
  4.5000E-38  4.5000E-38  4.5000E-38  4.5000E-38  4.5000E-38
  4.5000E-38  4.5000E-38  4.5000E-38  4.5000E-38  4.5000E-38
  4.5000E-38  4.5000E-38  4.5000E-38  4.5000E-38  4.5000E-38
  4.5000E-38  4.5000E-38  4.5000E-38  4.5000E-38  4.5000E-38
  4.5000E-38  4.5000E-38  4.5000E-38  4.5000E-38  4.5000E-38
  4.5000E-38  4.5000E-38  4.5000E-38  4.5000E-38  4.5000E-38
  4.5000E-38  4.5000E-38  4.5000E-38  4.5000E-38  4.5000E-38
  4.5000E-38  4.5000E-38  4.5000E-38  4.5000E-38  4.5000E-38
  4.5000E-38  4.5000E-38  4.5000E-38  4.5000E-38  4.5000E-38
  4.5000E-38  4.5000E-38  4.5000E-38  4.5000E-38  4.5000E-38
  4.5000E-38  4.5000E-38  4.5000E-38  4.5000E-38  4.5000E-38
  4.5000E-38  4.5000E-38  4.5000E-38  4.5000E-38  4.5000E-38
  4.5000E-38  4.5000E-38  4.5000E-38  4.5000E-38  4.5000E-38
  4.5000E-38  4.5000E-38  4.5000E-38  4.5000E-38  4.5000E-38
  4.5000E-38  4.5000E-38  4.5000E-38  4.5000E-38  4.5000E-38
  4.5000E-38  4.5000E-38  4.5000E-38  4.5000E-38  4.5000E-38
  4.5000E-38  4.5000E-38  4.5000E-38  4.5000E-38  4.5000E-38
  4.5000E-38  4.5000E-38  4.5000E-38  4.5000E-38  4.5000E-38
  4.5000E-38  4.5000E-38  4.5000E-38  4.5000E-38  4.5000E-38
  4.5000E-38  4.5000E-38  4.5000E-38  4.5000E-38  4.5000E-38
  4.5000E-38  4.5000E-38  4.5000E-38  4.5000E-38  4.5000E-38
  4.5000E-38  4.5000E-38  4.5000E-38  4.5000E-38  4.5000E-38
  4.5000E-38  4.5000E-38  4.5000E-38  4.5000E-38  4.5000E-38
  4.5000E-38  4.5000E-38  4.5000E-38  4.5000E-38  4.5000E-38
  4.5000E-38  4.5000E-38  4.5000E-38  4.5000E-38  4.5000E-38
  4.5000E-38  4.5000E-38  4.5000E-38  4.5000E-38  4.5000E-38
  4.5000E-38  4.5000E-38  4.5000E-38  4.5000E-38  4.5000E-38
  4.5000E-38  4.5000E-38  4.5000E-38  4.5000E-38  4.5000E-38
  4.5000E-38  4.5000E-38  4.5000E-38  4.5000E-38  4.5000E-38
  4.5000E-38  4.5000E-38  4.5000E-38  4.5000E-38  4.5000E-38
  4.5000E-38  4.5000E-38  4.5000E-38  4.5000E-38  4.5000E-38
  4.5000E-38  4.5000E-38  4.5000E-38  4.5000E-38  4.5000E-38
  4.5000E-38  4.5000E-38  4.5000E-38  4.5000E-38  4.5000E-38
  4.5000E-38  4.5000E-38  4.5000E-38  4.5000E-38  4.5000E-38
  4.5000E-38  4.5000E-38  4.5000E-38  4.5000E-38  4.5000E-38
  4.5000E-38  4.5000E-38  4.5000E-38  4.5000E-38  4.5000E-38
  4.5000E-38  4.5000E-38  4.5000E-38  4.5000E-38  4.5000E-38
  4.5000E-38  4.5000E-38  4.5000E-38  4.5000E-38  4.5000E-38
  4.5000E-38  4.5000E-38  4.5000E-38  4.5000E-38  4.5000E-38
  4.5000E-38  4.5000E-38  4.5000E-38  4.5000E-38  4.5000E-38
  4.5000E-38  4.5000E-38  4.5000E-38  4.5000E-38  4.5000E-38
  4.5000E-38  4.5000E-38  4.5000E-38  4.5000E-38  4.5000E-38
  4.5000E-38  4.5000E-38  4.5000E-38  4.5000E-38  4.5000E-38
  4.5000E-38  4.5000E-38  4.5000E-38  4.5000E-38  4.5000E-38
  4.5000E-38  4.5000E-38  4.5000E-38  4.5000E-38  4.5000E-38
  4.5000E-38  4.5000E-38  4.5000E-38  4.5000E-38  4.5000E-38
  4.5000E-38  4.5000E-38  4.5000E-38  4.5000E-38  4.5000E-38
  4.5000E-38  4.5000E-38  4.5000E-38  4.5000E-38  4.5000E-38
  4.5000E-38  4.5000E-38  4.5000E-38  4.5000E-38  4.5000E-38
  4.5006E-38  1.2711E-21  8.4227E-31  9.8970E-30  4.1735E-30
  4.5006E-38  4.2373E-22  1.4679E-31  1.7248E-30  7.2736E-31
  4.5006E-38  1.2713E-22  2.2567E-32  2.6516E-31  1.1182E-31
  4.5006E-38  4.2376E-23  4.1899E-33  4.9233E-32  2.0762E-32
  4.5006E-38  1.2714E-23  6.7293E-34  7.9072E-33  3.3344E-33
  4.5006E-38  4.2377E-24  1.2798E-34  1.5038E-33  6.3412E-34
  4.5005E-38  1.2713E-24  2.0872E-35  2.4526E-34  1.0342E-34
  4.5006E-38  4.2375E-25  4.0013E-36  4.7017E-35  1.9827E-35
  4.5006E-38  1.2713E-25  6.5589E-37  7.7068E-36  3.2500E-36
  4.5006E-38  4.2373E-26  1.2607E-37  1.4814E-36  6.2469E-37
  4.5006E-38  1.2712E-26  4.5006E-38  2.4323E-37  1.0257E-37
  4.5006E-38  4.2373E-27  4.5006E-38  4.6792E-38  4.5006E-38
  4.5006E-38  1.2712E-27  4.5006E-38  4.5006E-38  4.5006E-38
  4.5006E-38  4.2373E-28  4.5006E-38  4.5006E-38  4.5006E-38
  4.5006E-38  1.2712E-28  4.5006E-38  4.5006E-38  4.5006E-38
  4.5006E-38  4.2373E-29  4.5006E-38  4.5006E-38  4.5006E-38
  4.5006E-38  1.2712E-29  4.5006E-38  4.5006E-38  4.5006E-38
  4.5006E-38  4.2373E-30  4.5006E-38  4.5006E-38  4.5006E-38
  2.1023E-35  1.7414E-19  2.9785E-27  2.9610E-26  1.1041E-26
  4.0457E-36  5.8056E-20  4.4026E-28  4.3766E-27  1.9328E-27
  6.6478E-37  1.7419E-20  5.8843E-29  5.8495E-28  2.5833E-28
  1.2794E-37  5.8068E-21  9.9945E-30  9.9354E-29  4.3878E-29
  4.5006E-38  1.7421E-21  1.5072E-30  1.4983E-29  6.6171E-30
  4.5005E-38  5.8073E-22  2.7676E-31  2.7512E-30  1.2150E-30
  4.5006E-38  1.7422E-22  4.4126E-32  4.3865E-31  1.9372E-31
  4.5006E-38  5.8074E-23  8.3586E-33  8.3092E-32  3.6697E-32
  4.5005E-38  1.7421E-23  1.3599E-33  1.3519E-32  5.9701E-33
  4.5005E-38  5.8070E-24  2.6036E-34  2.5882E-33  1.1430E-33
  4.5006E-38  1.7421E-24  4.2646E-35  4.2394E-34  1.8722E-34
  4.5006E-38  5.8070E-25  8.1940E-36  8.1456E-35  3.5974E-35
  4.5006E-38  1.7421E-25  1.3451E-36  1.3371E-35  5.9051E-36
  4.5006E-38  5.8070E-26  2.5872E-37  2.5719E-36  1.1358E-36
  4.5006E-38  1.7421E-26  4.5006E-38  4.2248E-37  1.8658E-37
  4.5006E-38  5.8070E-27  4.5006E-38  8.1293E-38  4.5006E-38
  4.5006E-38  1.7421E-27  4.5006E-38  4.5006E-38  4.5006E-38
  4.5006E-38  5.8070E-28  4.5006E-38  4.5006E-38  4.5006E-38
  5.7123E-32  1.3714E-17  6.2896E-24  5.3878E-23  9.3404E-25
  1.0993E-32  4.5716E-18  7.9441E-25  6.8050E-24  3.5392E-25
  1.8064E-33  1.3717E-18  8.8299E-26  7.5638E-25  1.3113E-25
  3.4764E-34  4.5727E-19  1.2833E-26  1.0992E-25  5.0562E-26
  5.7123E-35  1.3720E-19  1.6861E-27  1.4444E-26  6.6436E-27
  1.0993E-35  4.5737E-20  2.8286E-28  2.4231E-27  1.1145E-27
  1.8063E-36  1.3722E-20  4.2254E-29  3.6195E-28  1.6649E-28
  3.4763E-37  4.5741E-21  7.7154E-30  6.6091E-29  3.0401E-29
  5.7118E-38  1.3723E-21  1.2255E-30  1.0497E-29  4.8285E-30
  4.5005E-38  4.5740E-22  2.3166E-31  1.9844E-30  9.1278E-31
  4.5006E-38  1.3722E-22  3.7641E-32  3.2244E-31  1.4832E-31
  4.5006E-38  4.5739E-23  7.2024E-33  6.1697E-32  2.8379E-32
  4.5006E-38  1.3722E-23  1.1792E-33  1.0101E-32  4.6465E-33
  4.5006E-38  4.5739E-24  2.2653E-34  1.9404E-33  8.9257E-34
  4.5006E-38  1.3722E-24  3.7181E-35  3.1849E-34  1.4650E-34
  4.5006E-38  4.5739E-25  7.1512E-36  6.1259E-35  2.8178E-35
  4.5006E-38  1.3722E-25  1.1746E-36  1.0062E-35  4.6284E-36
  4.5006E-38  4.5739E-26  2.2602E-37  1.9361E-36  8.9056E-37
  6.7226E-29  6.7774E-16  7.2767E-21  5.2175E-20  6.1089E-23
  1.2938E-29  2.2592E-16  8.4922E-22  6.3665E-21  2.1388E-23
  2.1259E-30  6.7780E-17  8.3582E-23  6.2662E-22  7.0169E-24
  4.0912E-31  2.2596E-17  1.0573E-23  7.9268E-23  2.6629E-24
  6.7224E-32  6.7794E-18  1.1777E-24  8.8297E-24  9.8875E-25
  1.2938E-32  2.2601E-18  1.7153E-25  1.2860E-24  4.3201E-25
  2.1259E-33  6.7810E-19  2.2588E-26  1.6934E-25  8.0756E-26
  4.0911E-34  2.2606E-19  3.7956E-27  2.8456E-26  1.3570E-26
  6.7221E-35  6.7820E-20  5.6767E-28  4.2557E-27  2.0295E-27
  1.2936E-35  2.2607E-20  1.0372E-28  7.7763E-28  3.7084E-28
  2.1255E-36  6.7819E-21  1.6483E-29  1.2358E-28  5.8929E-29
  4.0904E-37  2.2607E-21  3.1169E-30  2.3368E-29  1.1143E-29
  6.7212E-38  6.7821E-22  5.0656E-31  3.7977E-30  1.8110E-30
  4.5006E-38  2.2607E-22  9.6936E-32  7.2673E-31  3.4656E-31
  4.5006E-38  6.7821E-23  1.5872E-32  1.1900E-31  5.6746E-32
  4.5006E-38  2.2607E-23  3.0491E-33  2.2859E-32  1.0901E-32
  4.5006E-38  6.7821E-24  5.0046E-34  3.7520E-33  1.7892E-33
  4.5006E-38  2.2607E-24  9.6258E-35  7.2165E-34  3.4414E-34
  3.8849E-26  2.2549E-14  4.4426E-18  2.0082E-18  2.8247E-21
  7.4760E-27  7.5162E-15  5.0297E-19  6.8210E-19  9.5943E-22
  1.2285E-27  2.2549E-15  4.6920E-20  2.1210E-19  2.9834E-22
  2.3641E-28  7.5167E-16  5.5105E-21  3.6637E-20  1.0511E-22
  3.8846E-29  2.2552E-16  5.4820E-22  3.6447E-21  3.4857E-23
  7.4759E-30  7.5179E-17  7.0308E-23  4.6744E-22  1.3412E-23
  1.2285E-30  2.2557E-17  7.9796E-24  5.3053E-23  5.0739E-24
  2.3641E-31  7.5198E-18  1.1836E-24  7.8697E-24  2.2580E-24
  3.8845E-32  2.2562E-18  1.5876E-25  1.0555E-24  5.1982E-25
  7.4754E-33  7.5210E-19  2.7030E-26  1.7971E-25  8.8506E-26
  1.2283E-33  2.2564E-19  4.0838E-27  2.7151E-26  1.3372E-26
  2.3637E-34  7.5213E-20  7.5069E-28  4.9909E-27  2.4580E-27
  3.8839E-35  2.2564E-20  1.1978E-28  7.9632E-28  3.9218E-28
  7.4745E-36  7.5215E-21  2.2699E-29  1.5091E-28  7.4322E-29
  1.2282E-36  2.2565E-21  3.6940E-30  2.4559E-29  1.2096E-29
  2.3637E-37  7.5216E-22  7.0739E-31  4.7030E-30  2.3162E-30
  4.5006E-38  2.2565E-22  1.1587E-31  7.7041E-31  3.7942E-31
  4.5006E-38  7.5216E-23  2.2266E-32  1.4803E-31  7.2904E-32
  2.6542E-19  1.2984E-10  1.1988E-11  1.8050E-14  3.9763E-17
  5.1121E-20  4.3282E-11  4.0017E-12  6.0389E-15  1.3381E-17
  8.4009E-21  1.2983E-11  3.6957E-13  1.8169E-15  4.0263E-18
  1.6167E-21  4.3267E-12  4.1257E-14  6.0860E-16  1.3487E-18
  2.6566E-22  1.2980E-12  3.7494E-15  1.8437E-16  4.0857E-19
  5.1130E-23  4.3266E-13  4.2317E-16  6.2428E-17  1.3834E-19
  8.4019E-24  1.2981E-13  3.9242E-17  1.9297E-17  4.2762E-20
  1.6170E-24  4.3269E-14  4.5682E-18  6.7392E-18  1.4934E-20
  2.6570E-25  1.2982E-14  4.4770E-19  2.2016E-18  4.8787E-21
  5.1134E-26  4.3276E-15  5.6319E-20  2.7791E-19  1.8411E-21
  8.4018E-27  1.2984E-15  6.2244E-21  3.0715E-20  6.7831E-22
  1.6168E-27  4.3283E-16  8.9941E-22  4.4382E-21  2.9406E-22
  2.6565E-28  1.2986E-16  1.1748E-22  5.7972E-22  1.2804E-22
  5.1125E-29  4.3291E-17  1.9624E-23  9.6838E-23  5.1600E-23
  8.4007E-30  1.2988E-17  2.9216E-24  1.4417E-23  7.6819E-24
  1.6167E-30  4.3295E-18  5.3241E-25  2.6272E-24  1.3999E-24
  2.6565E-31  1.2989E-18  8.4453E-26  4.1673E-25  2.2206E-25
  5.1125E-32  4.3297E-19  1.5954E-26  7.8728E-26  4.1949E-26
  5.2853E-15  9.8000E-08  1.0881E-08  1.6821E-11  5.4722E-14
  1.7630E-15  3.2690E-08  4.0091E-09  6.1608E-12  1.9607E-14
  5.2904E-16  9.8094E-09  1.2551E-09  1.9238E-12  6.0679E-15
  1.7636E-16  3.2700E-09  4.2410E-10  6.4975E-13  2.0450E-15
  4.6403E-17  9.8089E-10  1.2800E-10  1.9604E-13  6.1647E-16
  8.9574E-18  3.2690E-10  4.2818E-11  6.5578E-14  2.0615E-16
  1.4748E-18  9.8064E-11  7.4120E-12  1.9776E-14  6.2165E-17
  2.8412E-19  3.2688E-11  8.2992E-13  6.6433E-15  2.0882E-17
  4.6716E-20  9.8066E-12  7.5798E-14  2.0226E-15  6.3574E-18
  8.9935E-21  3.2689E-12  8.6209E-15  6.9009E-16  2.1692E-18
  1.4781E-21  9.8071E-13  8.1083E-16  2.1636E-16  6.8008E-19
  2.8447E-22  3.2691E-13  9.6375E-17  7.7150E-17  2.4251E-19
  4.6745E-23  9.8079E-14  9.7784E-18  2.6093E-17  8.2019E-20
  8.9957E-24  3.2695E-14  1.2852E-18  5.0400E-18  3.2340E-20
  1.4782E-24  9.8096E-15  1.5060E-19  5.9062E-19  1.2633E-20
  2.8447E-25  3.2702E-15  2.3015E-20  9.0262E-20  5.7918E-21
  4.6743E-26  9.8118E-16  3.1760E-21  1.2456E-20  2.6641E-21
  8.9957E-27  3.2708E-16  5.5153E-22  2.1630E-21  1.2236E-21
  6.0984E-13  3.5157E-06  1.2416E-07  2.1360E-10  1.5276E-12
  4.1572E-13  3.5155E-06  1.2404E-07  2.1344E-10  1.5258E-12
  2.3134E-13  1.8003E-06  9.3230E-08  1.5619E-10  9.3515E-13
  1.2304E-13  6.0725E-07  5.1826E-08  8.3817E-11  4.1631E-13
  5.9896E-14  1.8298E-07  2.2662E-08  3.5771E-11  1.5961E-13
  1.9991E-14  6.1073E-08  9.1349E-09  1.4260E-11  6.0851E-14
  5.9995E-15  1.8328E-08  3.0048E-09  4.6665E-12  1.9534E-14
  1.9998E-15  6.1092E-09  1.0343E-09  1.6037E-12  6.6724E-15
  5.9994E-16  1.8327E-09  3.1507E-10  4.8815E-13  2.0265E-15
  1.2561E-16  6.1092E-10  1.0599E-10  1.6419E-13  6.8118E-16
  2.0738E-17  1.8328E-10  1.1395E-11  4.9876E-14  2.0688E-16
  4.0006E-18  6.1094E-11  1.2883E-12  1.6917E-14  7.0164E-17
  6.5834E-19  1.8328E-11  1.1977E-13  5.2433E-15  2.1747E-17
  1.2679E-19  6.1094E-12  1.3998E-14  1.8384E-15  7.6244E-18
  2.0842E-20  1.8328E-12  1.3810E-15  6.0461E-16  2.5076E-18
  4.0119E-21  6.1101E-13  1.7526E-16  2.3019E-16  9.5469E-19
  6.5930E-22  1.8332E-13  1.9608E-17  6.4091E-17  3.5604E-19
  1.2689E-22  6.1116E-14  2.8685E-18  9.3755E-18  1.5625E-19
  4.2660E-12  3.5068E-06  1.3513E-07  2.3573E-10  2.2396E-12
  3.7931E-12  3.5061E-06  1.3491E-07  2.3534E-10  2.2328E-12
  3.1356E-12  3.5056E-06  1.3472E-07  2.3502E-10  2.2275E-12
  2.4643E-12  3.5052E-06  1.3454E-07  2.3474E-10  2.2230E-12
  1.7565E-12  3.5047E-06  1.3426E-07  2.3434E-10  2.2166E-12
  1.2184E-12  3.5041E-06  1.3383E-07  2.3376E-10  2.2077E-12
  6.2159E-13  1.2424E-06  8.6321E-08  1.4491E-10  1.0444E-12
  3.2152E-13  4.1758E-07  4.6786E-08  7.6052E-11  4.6307E-13
  1.4875E-13  1.2564E-07  1.9915E-08  3.1685E-11  1.7537E-13
  5.9672E-14  4.1915E-08  7.9046E-09  1.2450E-11  6.6295E-14
  1.7908E-14  1.2579E-08  2.5889E-09  4.0583E-12  2.1254E-14
  5.9699E-15  4.1933E-09  8.9370E-10  1.3985E-12  7.2858E-15
  1.4837E-15  1.2581E-09  2.7034E-10  4.2883E-13  2.2298E-15
  2.8832E-16  4.1935E-10  3.0685E-11  1.4615E-13  7.5949E-16
  4.7659E-17  1.2580E-10  2.8524E-12  4.5306E-14  2.3539E-16
  9.1998E-18  4.1934E-11  3.3296E-13  1.5869E-14  8.2441E-17
  1.5145E-18  1.2582E-11  3.2782E-14  5.2084E-15  2.7057E-17
  2.9174E-19  4.1941E-12  4.1488E-15  1.9775E-15  1.0273E-17
  1.6496E-11  3.5290E-06  1.5558E-07  2.7733E-10  3.7961E-12
  1.5226E-11  3.5158E-06  1.5177E-07  2.6968E-10  3.5862E-12
  1.4201E-11  3.5065E-06  1.4919E-07  2.6456E-10  3.4520E-12
  1.3328E-11  3.5014E-06  1.4778E-07  2.6177E-10  3.3811E-12
  1.2204E-11  3.4980E-06  1.4682E-07  2.5992E-10  3.3351E-12
  1.0879E-11  3.4960E-06  1.4623E-07  2.5883E-10  3.3086E-12
  9.0510E-12  3.4945E-06  1.4569E-07  2.5790E-10  3.2866E-12
  7.1576E-12  3.4933E-06  1.4512E-07  2.5702E-10  3.2664E-12
  5.0911E-12  3.4916E-06  1.4418E-07  2.5563E-10  3.2356E-12
  3.3874E-12  3.4890E-06  1.4245E-07  2.5318E-10  3.1818E-12
  1.6080E-12  1.1375E-06  9.0180E-08  1.5402E-10  1.4338E-12
  8.3079E-13  3.8208E-07  4.9544E-08  8.1945E-11  6.4158E-13
  3.9385E-13  1.1495E-07  2.1605E-08  3.4910E-11  2.4752E-13
  1.8768E-13  3.8354E-08  8.8044E-09  1.4059E-11  9.5641E-14
  7.6412E-14  1.1509E-08  2.9625E-09  4.7000E-12  3.1397E-14
  2.6638E-14  3.8369E-09  1.0456E-09  1.6544E-12  1.0985E-14
  5.8184E-15  1.1511E-09  1.1320E-10  5.2489E-13  3.4772E-15
  1.1370E-15  3.8372E-10  1.3211E-11  1.8404E-13  1.2184E-15
  1.0564E-10  3.6547E-06  2.0789E-07  3.8784E-10  1.0322E-11
  7.5528E-11  3.6245E-06  1.9631E-07  3.6278E-10  8.4129E-12
  5.6163E-11  3.5892E-06  1.8407E-07  3.3679E-10  6.8852E-12
  4.5744E-11  3.5592E-06  1.7467E-07  3.1718E-10  5.9510E-12
  3.8784E-11  3.5327E-06  1.6699E-07  3.0137E-10  5.3026E-12
  3.4623E-11  3.5152E-06  1.6221E-07  2.9166E-10  4.9429E-12
  3.1088E-11  3.5025E-06  1.5883E-07  2.8487E-10  4.7069E-12
  2.7976E-11  3.4951E-06  1.5686E-07  2.8098E-10  4.5777E-12
  2.4088E-11  3.4898E-06  1.5536E-07  2.7815E-10  4.4866E-12
  1.9889E-11  3.4862E-06  1.5418E-07  2.7611E-10  4.4232E-12
  1.4530E-11  3.4825E-06  1.5252E-07  2.7348E-10  4.3452E-12
  9.5883E-12  3.4772E-06  1.4976E-07  2.6934E-10  4.2266E-12
  5.8530E-12  3.4673E-06  1.4499E-07  2.6222E-10  4.0314E-12
  3.2141E-12  1.3698E-06  1.0138E-07  1.7787E-10  2.1205E-12
  1.6144E-12  4.1493E-07  5.4685E-08  9.2518E-11  8.9746E-13
  8.4016E-13  1.3873E-07  2.6696E-08  4.4076E-11  3.8633E-13
  3.8998E-13  4.1664E-08  1.0525E-08  1.7083E-11  1.4199E-13
  1.8151E-13  1.3894E-08  4.0884E-09  6.5765E-12  5.3552E-14
  9.1505E-10  3.7181E-06  2.3720E-07  4.5224E-10  1.9151E-11
  6.1046E-10  3.7096E-06  2.3362E-07  4.4479E-10  1.8194E-11
  3.8422E-10  3.6947E-06  2.2752E-07  4.3142E-10  1.6225E-11
  2.5370E-10  3.6747E-06  2.1967E-07  4.1406E-10  1.3971E-11
  1.6630E-10  3.6450E-06  2.0887E-07  3.9042E-10  1.1508E-11
  1.1821E-10  3.6128E-06  1.9811E-07  3.6718E-10  9.6155E-12
  8.5613E-11  3.5764E-06  1.8697E-07  3.4354E-10  8.0750E-12
  6.6096E-11  3.5466E-06  1.7857E-07  3.2600E-10  7.1209E-12
  5.0381E-11  3.5209E-06  1.7175E-07  3.1197E-10  6.4502E-12
  3.8581E-11  3.5040E-06  1.6743E-07  3.0325E-10  6.0693E-12
  2.7258E-11  3.4912E-06  1.6411E-07  2.9676E-10  5.8030E-12
  1.7968E-11  3.4827E-06  1.6158E-07  2.9218E-10  5.6246E-12
  9.7765E-12  3.4733E-06  1.5813E-07  2.8648E-10  5.4164E-12
  5.6633E-12  3.4619E-06  1.5380E-07  2.7963E-10  5.1810E-12
  3.1989E-12  3.4432E-06  1.4693E-07  2.6892E-10  4.8349E-12
  1.8693E-12  2.5029E-06  1.2641E-07  2.3084E-10  3.7042E-12
  1.0053E-12  7.6384E-07  7.5297E-08  1.3263E-10  1.6476E-12
  5.6789E-13  2.5599E-07  4.0161E-08  6.8670E-11  7.4247E-13
  2.7616E-09  3.7280E-06  2.4066E-07  4.5153E-10  1.6027E-11
  2.3700E-09  3.7268E-06  2.4068E-07  4.5587E-10  1.8296E-11
  1.8625E-09  3.7238E-06  2.3986E-07  4.5672E-10  1.9714E-11
  1.3939E-09  3.7190E-06  2.3816E-07  4.5426E-10  1.9995E-11
  9.5062E-10  3.7100E-06  2.3486E-07  4.4763E-10  1.9259E-11
  6.4551E-10  3.6968E-06  2.3008E-07  4.3727E-10  1.7769E-11
  4.1746E-10  3.6754E-06  2.2250E-07  4.2059E-10  1.5536E-11
  2.8446E-10  3.6483E-06  2.1357E-07  4.0105E-10  1.3338E-11
  1.9346E-10  3.6126E-06  2.0255E-07  3.7723E-10  1.1172E-11
  1.4114E-10  3.5780E-06  1.9273E-07  3.5634E-10  9.6240E-12
  1.0268E-10  3.5431E-06  1.8351E-07  3.3709E-10  8.4208E-12
  7.6614E-11  3.5169E-06  1.7695E-07  3.2369E-10  7.6866E-12
  5.1682E-11  3.4946E-06  1.7130E-07  3.1261E-10  7.1373E-12
  3.2066E-11  3.4771E-06  1.6640E-07  3.0372E-10  6.7340E-12
  1.8876E-11  3.4567E-06  1.6048E-07  2.9365E-10  6.3156E-12
  1.1620E-11  3.4325E-06  1.5353E-07  2.8227E-10  5.8807E-12
  6.6746E-12  3.3917E-06  1.4252E-07  2.6443E-10  5.2569E-12
  3.9317E-12  2.7662E-06  1.2278E-07  2.2919E-10  4.1489E-12
  3.4349E-09  3.7279E-06  2.3447E-07  4.0493E-10  8.2095E-12
  3.3287E-09  3.7284E-06  2.3787E-07  4.2905E-10  1.1392E-11
  3.1430E-09  3.7282E-06  2.3982E-07  4.4485E-10  1.4887E-11
  2.8901E-09  3.7276E-06  2.4056E-07  4.5276E-10  1.7559E-11
  2.5015E-09  3.7257E-06  2.4049E-07  4.5656E-10  1.9554E-11
  2.0607E-09  3.7223E-06  2.3961E-07  4.5665E-10  2.0439E-11
  1.5455E-09  3.7158E-06  2.3753E-07  4.5324E-10  2.0429E-11
  1.1174E-09  3.7057E-06  2.3424E-07  4.4648E-10  1.9594E-11
  7.4818E-10  3.6884E-06  2.2863E-07  4.3432E-10  1.7913E-11
  5.1042E-10  3.6655E-06  2.2143E-07  4.1858E-10  1.5922E-11
  3.3842E-10  3.6321E-06  2.1159E-07  3.9723E-10  1.3636E-11
  2.3734E-10  3.5965E-06  2.0180E-07  3.7629E-10  1.1780E-11
  1.6299E-10  3.5564E-06  1.9153E-07  3.5477E-10  1.0187E-11
  1.1075E-10  3.5223E-06  1.8314E-07  3.3779E-10  9.1109E-12
  6.7368E-11  3.4874E-06  1.7463E-07  3.2148E-10  8.2074E-12
  4.3156E-11  3.4551E-06  1.6704E-07  3.0774E-10  7.5355E-12
  2.6026E-11  3.4122E-06  1.5738E-07  2.9108E-10  6.8102E-12
  1.5948E-11  3.3556E-06  1.4560E-07  2.7127E-10  6.0406E-12
  3.5523E-09  3.7212E-06  2.0830E-07  2.8482E-10  3.1201E-12
  3.5309E-09  3.7249E-06  2.2230E-07  3.4410E-10  5.0646E-12
  3.4856E-09  3.7271E-06  2.3138E-07  3.9187E-10  7.9779E-12
  3.4127E-09  3.7280E-06  2.3609E-07  4.2073E-10  1.1158E-11
  3.2777E-09  3.7281E-06  2.3892E-07  4.4014E-10  1.4697E-11
  3.0863E-09  3.7274E-06  2.4014E-07  4.5019E-10  1.7456E-11
  2.7848E-09  3.7260E-06  2.4049E-07  4.5567E-10  1.9599E-11
  2.4084E-09  3.7230E-06  2.3997E-07  4.5698E-10  2.0670E-11
  1.9150E-09  3.7171E-06  2.3838E-07  4.5495E-10  2.0930E-11
  1.4514E-09  3.7079E-06  2.3568E-07  4.4970E-10  2.0399E-11
  1.0063E-09  3.6918E-06  2.3089E-07  4.3953E-10  1.9059E-11
  6.9487E-10  3.6694E-06  2.2449E-07  4.2568E-10  1.7298E-11
  4.5603E-10  3.6357E-06  2.1530E-07  4.0589E-10  1.5092E-11
  3.0693E-10  3.5976E-06  2.0553E-07  3.8517E-10  1.3145E-11
  1.8763E-10  3.5499E-06  1.9401E-07  3.6156E-10  1.1292E-11
  1.1823E-10  3.5027E-06  1.8341E-07  3.4073E-10  9.9219E-12
  7.2946E-11  3.4455E-06  1.7186E-07  3.1904E-10  8.7106E-12
  4.6128E-11  3.3807E-06  1.6007E-07  2.9791E-10  7.6988E-12
  3.5555E-09  3.6951E-06  1.4078E-07  1.3148E-10  1.0085E-12
  3.5608E-09  3.7102E-06  1.7672E-07  2.0155E-10  1.8784E-12
  3.5545E-09  3.7193E-06  2.0397E-07  2.7939E-10  3.4254E-12
  3.5362E-09  3.7239E-06  2.1960E-07  3.4001E-10  5.5265E-12
  3.4958E-09  3.7265E-06  2.2983E-07  3.8917E-10  8.5981E-12
  3.4300E-09  3.7276E-06  2.3517E-07  4.1899E-10  1.1849E-11
  3.3071E-09  3.7277E-06  2.3839E-07  4.3912E-10  1.5348E-11
  3.1258E-09  3.7270E-06  2.3984E-07  4.4957E-10  1.7990E-11
  2.8480E-09  3.7253E-06  2.4031E-07  4.5533E-10  1.9993E-11
  2.4937E-09  3.7219E-06  2.3985E-07  4.5680E-10  2.0976E-11
  2.0193E-09  3.7152E-06  2.3829E-07  4.5489E-10  2.1206E-11
  1.5534E-09  3.7048E-06  2.3558E-07  4.4971E-10  2.0707E-11
  1.0868E-09  3.6861E-06  2.3072E-07  4.3955E-10  1.9444E-11
  7.4639E-10  3.6601E-06  2.2414E-07  4.2555E-10  1.7756E-11
  4.6409E-10  3.6195E-06  2.1428E-07  4.0486E-10  1.5554E-11
  2.8253E-10  3.5697E-06  2.0295E-07  3.8168E-10  1.3476E-11
  1.6913E-10  3.5005E-06  1.8905E-07  3.5414E-10  1.1443E-11
  1.0739E-10  3.4214E-06  1.7532E-07  3.2794E-10  9.8509E-12
  3.4984E-09  3.6035E-06  5.5020E-08  3.8507E-11  2.7339E-13
  3.5351E-09  3.6608E-06  9.5802E-08  7.7869E-11  6.0076E-13
  3.5541E-09  3.6935E-06  1.4321E-07  1.4310E-10  1.2882E-12
  3.5582E-09  3.7094E-06  1.7841E-07  2.1472E-10  2.3656E-12
  3.5496E-09  3.7189E-06  2.0499E-07  2.9168E-10  4.2195E-12
  3.5276E-09  3.7235E-06  2.2021E-07  3.4982E-10  6.6410E-12
  3.4806E-09  3.7261E-06  2.3014E-07  3.9586E-10  9.9874E-12
  3.4046E-09  3.7271E-06  2.3531E-07  4.2329E-10  1.3298E-11
  3.2643E-09  3.7269E-06  2.3838E-07  4.4150E-10  1.6613E-11
  3.0602E-09  3.7257E-06  2.3970E-07  4.5075E-10  1.8949E-11
  2.7494E-09  3.7228E-06  2.3996E-07  4.5547E-10  2.0595E-11
  2.3804E-09  3.7178E-06  2.3925E-07  4.5609E-10  2.1302E-11
  1.8912E-09  3.7079E-06  2.3721E-07  4.5305E-10  2.1296E-11
  1.4281E-09  3.6924E-06  2.3384E-07  4.4650E-10  2.0626E-11
  9.6209E-10  3.6648E-06  2.2779E-07  4.3407E-10  1.9199E-11
  6.0488E-10  3.6250E-06  2.1924E-07  4.1656E-10  1.7314E-11
  3.5029E-10  3.5592E-06  2.0625E-07  3.9040E-10  1.4892E-11
  2.1875E-10  3.4739E-06  1.9171E-07  3.6170E-10  1.2700E-11
  3.3338E-09  3.3067E-06  1.5862E-08  1.0476E-11  7.9359E-14
  3.4416E-09  3.4992E-06  3.2914E-08  2.2885E-11  1.7756E-13
  3.5078E-09  3.6130E-06  6.7059E-08  5.2085E-11  4.2827E-13
  3.5388E-09  3.6661E-06  1.0937E-07  9.9264E-11  9.0289E-13
  3.5527E-09  3.6964E-06  1.5472E-07  1.7117E-10  1.8564E-12
  3.5516E-09  3.7110E-06  1.8669E-07  2.4416E-10  3.2885E-12
  3.5350E-09  3.7196E-06  2.1016E-07  3.1720E-10  5.6345E-12
  3.5015E-09  3.7237E-06  2.2335E-07  3.6921E-10  8.4830E-12
  3.4336E-09  3.7257E-06  2.3186E-07  4.0856E-10  1.2072E-11
  3.3271E-09  3.7260E-06  2.3620E-07  4.3119E-10  1.5284E-11
  3.1363E-09  3.7247E-06  2.3863E-07  4.4565E-10  1.8187E-11
  2.8702E-09  3.7218E-06  2.3944E-07  4.5246E-10  2.0029E-11
  2.4912E-09  3.7157E-06  2.3909E-07  4.5499E-10  2.1153E-11
  2.0742E-09  3.7055E-06  2.3759E-07  4.5354E-10  2.1448E-11
  1.5583E-09  3.6858E-06  2.3420E-07  4.4753E-10  2.1028E-11
  1.0816E-09  3.6555E-06  2.2871E-07  4.3680E-10  1.9950E-11
  6.4319E-10  3.5992E-06  2.1872E-07  4.1693E-10  1.7978E-11
  3.9915E-10  3.5177E-06  2.0567E-07  3.9109E-10  1.5723E-11
  2.9666E-09  2.6143E-06  5.1480E-09  3.5042E-12  2.9167E-14
  3.2158E-09  3.0677E-06  1.0960E-08  7.5840E-12  6.3611E-14
  3.3829E-09  3.3792E-06  2.4175E-08  1.7377E-11  1.4846E-13
  3.4701E-09  3.5406E-06  4.7550E-08  3.6662E-11  3.2497E-13
  3.5211E-09  3.6339E-06  8.8109E-08  7.7661E-11  7.4776E-13
  3.5422E-09  3.6773E-06  1.3102E-07  1.3598E-10  1.4914E-12
  3.5464E-09  3.7020E-06  1.7182E-07  2.1434E-10  2.8893E-12
  3.5344E-09  3.7139E-06  1.9854E-07  2.8539E-10  4.8535E-12
  3.5003E-09  3.7206E-06  2.1734E-07  3.5001E-10  7.8116E-12
  3.4411E-09  3.7234E-06  2.2764E-07  3.9262E-10  1.1043E-11
  3.3279E-09  3.7240E-06  2.3409E-07  4.2304E-10  1.4637E-11
  3.1584E-09  3.7224E-06  2.3716E-07  4.3959E-10  1.7456E-11
  2.8723E-09  3.7179E-06  2.3852E-07  4.4925E-10  1.9688E-11
  2.5053E-09  3.7097E-06  2.3830E-07  4.5251E-10  2.0881E-11
  2.0492E-09  3.6937E-06  2.3653E-07  4.5123E-10  2.1358E-11
  1.5653E-09  3.6678E-06  2.3295E-07  4.4524E-10  2.1069E-11
  1.0162E-09  3.6184E-06  2.2559E-07  4.3133E-10  1.9882E-11
  6.4466E-10  3.5418E-06  2.1471E-07  4.1014E-10  1.8054E-11
  2.2977E-09  1.5299E-06  1.6538E-09  1.1776E-12  1.0743E-14
  2.7663E-09  2.2441E-06  3.9382E-09  2.8231E-12  2.5837E-14
  3.1134E-09  2.8563E-06  9.1928E-09  6.6866E-12  6.1638E-14
  3.3103E-09  3.2271E-06  1.8862E-08  1.4092E-11  1.3168E-13
  3.4362E-09  3.4695E-06  3.9567E-08  3.1356E-11  3.0258E-13
  3.4982E-09  3.5901E-06  7.1643E-08  6.2632E-11  6.4215E-13
  3.5304E-09  3.6584E-06  1.1715E-07  1.1987E-10  1.3869E-12
  3.5375E-09  3.6901E-06  1.5709E-07  1.8887E-10  2.5834E-12
  3.5247E-09  3.7082E-06  1.9055E-07  2.6839E-10  4.6461E-12
  3.4912E-09  3.7165E-06  2.1086E-07  3.3157E-10  7.2762E-12
  3.4199E-09  3.7204E-06  2.2451E-07  3.8327E-10  1.0778E-11
  3.3069E-09  3.7206E-06  2.3164E-07  4.1462E-10  1.4090E-11
  3.1045E-09  3.7173E-06  2.3574E-07  4.3532E-10  1.7243E-11
  2.8241E-09  3.7102E-06  2.3715E-07  4.4523E-10  1.9345E-11
  2.3995E-09  3.6953E-06  2.3665E-07  4.4886E-10  2.0691E-11
  1.9251E-09  3.6706E-06  2.3419E-07  4.4645E-10  2.1087E-11
  1.3848E-09  3.6237E-06  2.2861E-07  4.3697E-10  2.0653E-11
  9.1722E-10  3.5490E-06  2.1932E-07  4.1953E-10  1.9370E-11
  1.3153E-09  5.5763E-07  4.5889E-10  3.4217E-13  3.3979E-15
  2.0098E-09  1.1779E-06  1.3110E-09  9.8024E-13  9.7479E-15
  2.6165E-09  1.9896E-06  3.5662E-09  2.6839E-12  2.6779E-14
  2.9956E-09  2.6245E-06  7.8999E-09  6.0158E-12  6.0395E-14
  3.2567E-09  3.1108E-06  1.7416E-08  1.3605E-11  1.3847E-13
  3.3963E-09  3.3847E-06  3.4059E-08  2.7845E-11  2.9084E-13
  3.4798E-09  3.5539E-06  6.5674E-08  5.8860E-11  6.5179E-13
  3.5155E-09  3.6347E-06  1.0543E-07  1.0743E-10  1.3128E-12
  3.5248E-09  3.6800E-06  1.5006E-07  1.8056E-10  2.6120E-12
  3.5103E-09  3.7009E-06  1.8281E-07  2.5352E-10  4.4903E-12
  3.4649E-09  3.7121E-06  2.0737E-07  3.2490E-10  7.3748E-12
  3.3858E-09  3.7159E-06  2.2125E-07  3.7446E-10  1.0578E-11
  3.2367E-09  3.7147E-06  2.2997E-07  4.1084E-10  1.4196E-11
  3.0193E-09  3.7085E-06  2.3395E-07  4.3061E-10  1.7052E-11
  2.6680E-09  3.6940E-06  2.3524E-07  4.4131E-10  1.9288E-11
  2.2407E-09  3.6695E-06  2.3393E-07  4.4321E-10  2.0405E-11
  1.6731E-09  3.6214E-06  2.2925E-07  4.3693E-10  2.0602E-11
  1.1758E-09  3.5459E-06  2.2108E-07  4.2243E-10  1.9858E-11
  2.4040E-10  6.9918E-08  6.3376E-11  5.0417E-14  5.6148E-16
  6.1845E-10  2.0833E-07  2.0107E-10  1.6004E-13  1.7824E-15
  1.3504E-09  6.1216E-07  7.0646E-10  5.6329E-13  6.2789E-15
  2.0740E-09  1.2693E-06  1.9971E-09  1.5985E-12  1.7857E-14
  2.6815E-09  2.0851E-06  5.2806E-09  4.2642E-12  4.7871E-14
  3.0450E-09  2.6989E-06  1.1376E-08  9.3317E-12  1.0571E-13
  3.2864E-09  3.1578E-06  2.4244E-08  2.0558E-11  2.3751E-13
  3.4104E-09  3.4118E-06  4.5405E-08  4.0731E-11  4.8786E-13
  3.4784E-09  3.5667E-06  8.1756E-08  8.1391E-11  1.0523E-12
  3.4991E-09  3.6402E-06  1.2244E-07  1.3890E-10  2.0225E-12
  3.4861E-09  3.6807E-06  1.6390E-07  2.1669E-10  3.8035E-12
  3.4402E-09  3.6981E-06  1.9241E-07  2.8713E-10  6.1943E-12
  3.3398E-09  3.7046E-06  2.1283E-07  3.5045E-10  9.5386E-12
  3.1829E-09  3.7018E-06  2.2371E-07  3.9109E-10  1.2853E-11
  2.9118E-09  3.6884E-06  2.2962E-07  4.1812E-10  1.6126E-11
  2.5566E-09  3.6631E-06  2.3085E-07  4.2970E-10  1.8314E-11
  2.0499E-09  3.6127E-06  2.2802E-07  4.3032E-10  1.9574E-11
  1.5086E-09  3.5316E-06  2.2076E-07  4.1946E-10  1.9572E-11
  3.4699E-11  1.0243E-08  1.1960E-11  1.0076E-14  1.2422E-16
  9.8854E-11  2.9774E-08  3.5084E-11  2.9563E-14  3.6403E-16
  3.0933E-10  1.0036E-07  1.2212E-10  1.0293E-13  1.2671E-15
  7.7970E-10  2.9965E-07  3.9740E-10  3.3530E-13  4.1297E-15
  1.5904E-09  8.2529E-07  1.3711E-09  1.1603E-12  1.4315E-14
  2.2944E-09  1.5515E-06  3.6547E-09  3.1117E-12  3.8534E-14
  2.8378E-09  2.3378E-06  9.0449E-09  7.8059E-12  9.7463E-14
  3.1450E-09  2.8816E-06  1.8549E-08  1.6386E-11  2.0762E-13
  3.3382E-09  3.2682E-06  3.7481E-08  3.4720E-11  4.5404E-13
  3.4282E-09  3.4742E-06  6.5729E-08  6.5608E-11  9.0666E-13
  3.4630E-09  3.5960E-06  1.0735E-07  1.2092E-10  1.8596E-12
  3.4495E-09  3.6518E-06  1.4681E-07  1.8828E-10  3.3557E-12
  3.3840E-09  3.6798E-06  1.8202E-07  2.6661E-10  5.8348E-12
  3.2656E-09  3.6866E-06  2.0394E-07  3.2846E-10  8.7919E-12
  3.0475E-09  3.6778E-06  2.1805E-07  3.7734E-10  1.2364E-11
  2.7459E-09  3.6531E-06  2.2388E-07  4.0383E-10  1.5320E-11
  2.2941E-09  3.5995E-06  2.2396E-07  4.1507E-10  1.7600E-11
  1.7838E-09  3.5128E-06  2.1826E-07  4.1015E-10  1.8460E-11
  8.0025E-12  2.5443E-09  3.7895E-12  3.3585E-15  4.5146E-17
  1.9376E-11  6.1728E-09  9.2096E-12  8.1622E-15  1.0994E-16
  5.6991E-11  1.8313E-08  2.7479E-11  2.4356E-14  3.2764E-16
  1.6246E-10  5.3969E-08  8.2311E-11  7.2971E-14  9.8118E-16
  4.9826E-10  1.8501E-07  2.9849E-10  2.6482E-13  3.5622E-15
  1.1389E-09  5.2375E-07  9.7082E-10  8.6307E-13  1.1624E-14
  1.9895E-09  1.2257E-06  3.0788E-09  2.7525E-12  3.7206E-14
  2.6000E-09  1.9812E-06  7.4326E-09  6.7158E-12  9.1403E-14
  3.0277E-09  2.6733E-06  1.6856E-08  1.5574E-11  2.1513E-13
  3.2524E-09  3.1070E-06  3.2399E-08  3.1066E-11  4.4035E-13
  3.3777E-09  3.3961E-06  6.0493E-08  6.2216E-11  9.3057E-13
  3.4154E-09  3.5419E-06  9.6285E-08  1.0909E-10  1.7790E-12
  3.3897E-09  3.6226E-06  1.3921E-07  1.7966E-10  3.3914E-12
  3.3038E-09  3.6538E-06  1.7275E-07  2.5053E-10  5.6267E-12
  3.1246E-09  3.6578E-06  1.9831E-07  3.1891E-10  8.8186E-12
  2.8628E-09  3.6373E-06  2.1152E-07  3.6351E-10  1.1990E-11
  2.4536E-09  3.5827E-06  2.1657E-07  3.8991E-10  1.4998E-11
  1.9766E-09  3.4905E-06  2.1337E-07  3.9390E-10  1.6678E-11
  3.2170E-12  1.0892E-09  2.0178E-12  1.8703E-15  2.7196E-17
  6.5525E-12  2.2261E-09  4.1262E-12  3.8244E-15  5.5613E-17
  1.5548E-11  5.3018E-09  9.8417E-12  9.1223E-15  1.3289E-16
  3.8047E-11  1.3043E-08  2.4298E-11  2.2524E-14  3.2775E-16
  1.1415E-10  3.9962E-08  7.5368E-11  6.9875E-14  1.0163E-15
  3.2660E-10  1.2204E-07  2.3838E-10  2.2113E-13  3.2173E-15
  9.0560E-10  4.0436E-07  8.8407E-10  8.2166E-13  1.1970E-14
  1.6903E-09  9.6611E-07  2.6528E-09  2.4770E-12  3.6195E-14
  2.4455E-09  1.7884E-06  7.2791E-09  6.8715E-12  1.0116E-13
  2.9011E-09  2.4712E-06  1.5691E-08  1.5099E-11  2.2531E-13
  3.1890E-09  3.0083E-06  3.2342E-08  3.2332E-11  4.9615E-13
  3.3178E-09  3.3137E-06  5.7131E-08  6.0589E-11  9.7478E-13
  3.3543E-09  3.5015E-06  9.5026E-08  1.1110E-10  1.9568E-12
  3.3076E-09  3.5862E-06  1.3347E-07  1.7430E-10  3.4851E-12
  3.1649E-09  3.6200E-06  1.6979E-07  2.5008E-10  5.9899E-12
  2.9358E-09  3.6117E-06  1.9242E-07  3.1007E-10  8.8888E-12
  2.5611E-09  3.5607E-06  2.0486E-07  3.5393E-10  1.2157E-11
  2.1116E-09  3.4651E-06  2.0576E-07  3.7003E-10  1.4459E-11
  1.3576E-12  4.9556E-10  1.1855E-12  1.1579E-15  1.8469E-17
  2.6359E-12  9.6376E-10  2.3061E-12  2.2524E-15  3.5927E-17
  5.4474E-12  1.9975E-09  4.7820E-12  4.6707E-15  7.4501E-17
  1.0900E-11  4.0116E-09  9.6128E-12  9.3893E-15  1.5006E-16
  2.5194E-11  9.3241E-09  2.2399E-11  2.1879E-14  3.4925E-16
  6.0523E-11  2.2611E-08  5.4646E-11  5.3384E-14  8.5174E-16
  1.8124E-10  6.9982E-08  1.7260E-10  1.6868E-13  2.6916E-15
  5.0711E-10  2.1456E-07  5.6034E-10  5.4824E-13  8.7554E-15
  1.2460E-09  6.4911E-07  2.0003E-09  1.9643E-12  3.1454E-14
  2.0315E-09  1.3337E-06  5.4591E-09  5.4041E-12  8.7033E-14
  2.6743E-09  2.1474E-06  1.3507E-08  1.3608E-11  2.2204E-13
  3.0237E-09  2.7395E-06  2.6980E-08  2.7989E-11  4.6709E-13
  3.2113E-09  3.1685E-06  5.1372E-08  5.6285E-11  9.8294E-13
  3.2503E-09  3.3945E-06  8.3264E-08  9.8467E-11  1.8478E-12
  3.1710E-09  3.5163E-06  1.2378E-07  1.6309E-10  3.4615E-12
  2.9867E-09  3.5488E-06  1.5700E-07  2.2935E-10  5.6549E-12
  2.6533E-09  3.5168E-06  1.8144E-07  2.9182E-10  8.6388E-12
  2.2343E-09  3.4235E-06  1.9038E-07  3.2620E-10  1.1282E-11
  5.7772E-13  2.2564E-10  6.7426E-13  6.8926E-16  1.1926E-17
  1.2145E-12  4.7467E-10  1.4186E-12  1.4501E-15  2.5090E-17
  2.5878E-12  1.0126E-09  3.0270E-12  3.0944E-15  5.3538E-17
  5.0116E-12  1.9649E-09  5.8763E-12  6.0072E-15  1.0394E-16
  1.0338E-11  4.0671E-09  1.2175E-11  1.2447E-14  2.1574E-16
  2.0708E-11  8.1865E-09  2.4554E-11  2.5102E-14  4.3465E-16
  4.8458E-11  1.9327E-08  5.8260E-11  5.9569E-14  1.0310E-15
  1.1982E-10  4.8696E-08  1.4864E-10  1.5203E-13  2.6312E-15
  3.6335E-10  1.5725E-07  5.0081E-10  5.1272E-13  8.8808E-15
  9.1059E-10  4.5375E-07  1.6113E-09  1.6542E-12  2.8712E-14
  1.7717E-09  1.1122E-06  5.0863E-09  5.2623E-12  9.1882E-14
  2.4408E-09  1.8633E-06  1.2086E-08  1.2690E-11  2.2412E-13
  2.8929E-09  2.5739E-06  2.6406E-08  2.8560E-11  5.1673E-13
  3.0860E-09  3.0207E-06  4.7870E-08  5.4203E-11  1.0206E-12
  3.1120E-09  3.3064E-06  8.1310E-08  9.9393E-11  2.0172E-12
  2.9900E-09  3.4260E-06  1.1656E-07  1.5601E-10  3.5205E-12
  2.7038E-09  3.4425E-06  1.5026E-07  2.2332E-10  5.8796E-12
  2.3147E-09  3.3664E-06  1.6863E-07  2.7198E-10  8.3696E-12
  1.7128E-13  7.2004E-11  2.7373E-13  2.9398E-16  5.5628E-18
  4.1541E-13  1.7467E-10  6.6405E-13  7.1319E-16  1.3495E-17
  1.0189E-12  4.2864E-10  1.6297E-12  1.7504E-15  3.3121E-17
  2.1573E-12  9.0820E-10  3.4538E-12  3.7096E-15  7.0191E-17
  4.6168E-12  1.9465E-09  7.4059E-12  7.9540E-15  1.5050E-16
  8.9464E-12  3.7805E-09  1.4397E-11  1.5463E-14  2.9313E-16
  1.8414E-11  7.8147E-09  2.9814E-11  3.2023E-14  6.0641E-16
  3.6851E-11  1.5744E-08  6.0283E-11  6.4757E-14  1.2257E-15
  8.7088E-11  3.7744E-08  1.4587E-10  1.5674E-13  2.9668E-15
  2.1816E-10  9.7636E-08  3.8626E-10  4.1531E-13  7.8652E-15
  6.2351E-10  3.0696E-07  1.3088E-09  1.4104E-12  2.6757E-14
  1.3233E-09  7.7121E-07  3.8785E-09  4.2027E-12  8.0091E-14
  2.1376E-09  1.5472E-06  1.0666E-08  1.1716E-11  2.2580E-13
  2.6431E-09  2.2523E-06  2.2629E-08  2.5451E-11  5.0046E-13
  2.9004E-09  2.8237E-06  4.4400E-08  5.2191E-11  1.0683E-12
  2.9097E-09  3.1325E-06  7.2622E-08  9.0798E-11  1.9783E-12
  2.7122E-09  3.2737E-06  1.0792E-07  1.4748E-10  3.5724E-12
  2.3716E-09  3.2550E-06  1.3482E-07  2.0103E-10  5.5405E-12
  4.6091E-14  2.0636E-11  9.6577E-14  1.0826E-16  2.2173E-18
  1.2650E-13  5.6639E-11  2.6507E-13  2.9715E-16  6.0857E-18
  3.5594E-13  1.5940E-10  7.4602E-13  8.3629E-16  1.7128E-17
  8.5572E-13  3.8333E-10  1.7943E-12  2.0114E-15  4.1193E-17
  2.0731E-12  9.2922E-10  4.3506E-12  4.8771E-15  9.9883E-17
  4.3399E-12  1.9474E-09  9.1219E-12  1.0226E-14  2.0943E-16
  9.2057E-12  4.1395E-09  1.9410E-11  2.1759E-14  4.4636E-16
  1.7798E-11  8.0304E-09  3.7720E-11  4.2289E-14  8.6673E-16
  3.6978E-11  1.6797E-08  7.9203E-11  8.8807E-14  1.8194E-15
  7.6287E-11  3.5050E-08  1.6655E-10  1.8680E-13  3.8272E-15
  1.9060E-10  9.0030E-08  4.3689E-10  4.9033E-13  1.0052E-14
  4.7594E-10  2.3943E-07  1.2241E-09  1.3762E-12  2.8256E-14
  1.1348E-09  6.6160E-07  3.9053E-09  4.4151E-12  9.1199E-14
  1.8759E-09  1.3169E-06  9.9513E-09  1.1382E-11  2.3743E-13
  2.4635E-09  2.0922E-06  2.3006E-08  2.6971E-11  5.7519E-13
  2.6923E-09  2.6362E-06  4.2510E-08  5.1787E-11  1.1456E-12
  2.6441E-09  2.9775E-06  7.1685E-08  9.3064E-11  2.2027E-12
  2.3809E-09  3.0710E-06  9.9950E-08  1.3987E-10  3.6353E-12
  1.2679E-14  5.9929E-12  3.3644E-14  3.9163E-17  8.6131E-19
  3.6886E-14  1.7436E-11  9.7883E-14  1.1394E-16  2.5059E-18
  1.1573E-13  5.4708E-11  3.0713E-13  3.5751E-16  7.8627E-18
  3.1113E-13  1.4708E-10  8.2577E-13  9.6125E-16  2.1140E-17
  8.5317E-13  4.0344E-10  2.2653E-12  2.6369E-15  5.7992E-17
  1.9980E-12  9.4524E-10  5.3088E-12  6.1798E-15  1.3590E-16
  4.6920E-12  2.2222E-09  1.2488E-11  1.4537E-14  3.1971E-16
  9.5884E-12  4.5495E-09  2.5593E-11  2.9794E-14  6.5614E-16
  2.0047E-11  9.5466E-09  5.3823E-11  6.2664E-14  1.3789E-15
  3.8943E-11  1.8658E-08  1.0561E-10  1.2297E-13  2.7053E-15
  8.4118E-11  4.0810E-08  2.3311E-10  2.7153E-13  5.9749E-15
  1.8553E-10  9.2185E-08  5.3672E-10  6.2565E-13  1.3775E-14
  4.7508E-10  2.5095E-07  1.5414E-09  1.8006E-12  3.9779E-14
  1.0245E-09  6.0865E-07  4.2065E-09  4.9391E-12  1.0957E-13
  1.7876E-09  1.2843E-06  1.1362E-08  1.3517E-11  3.0339E-13
  2.2894E-09  1.9669E-06  2.3935E-08  2.9142E-11  6.6842E-13
  2.4691E-09  2.5298E-06  4.5523E-08  5.7838E-11  1.3849E-12
  2.3307E-09  2.7866E-06  7.0211E-08  9.4431E-11  2.4119E-12
  4.5521E-15  2.2548E-12  1.4871E-14  1.7905E-17  4.2023E-19
  1.2188E-14  6.0378E-12  3.9824E-14  4.7944E-17  1.1253E-18
  3.8171E-14  1.8911E-11  1.2473E-13  1.5017E-16  3.5246E-18
  1.0910E-13  5.4055E-11  3.5655E-13  4.2925E-16  1.0075E-17
  3.3191E-13  1.6446E-10  1.0848E-12  1.3061E-15  3.0654E-17
  8.5982E-13  4.2613E-10  2.8112E-12  3.3844E-15  7.9434E-17
  2.2584E-12  1.1198E-09  7.3900E-12  8.8971E-15  2.0882E-16
  5.0701E-12  2.5165E-09  1.6617E-11  2.0006E-14  4.7052E-16
  1.1399E-11  5.6697E-09  3.7490E-11  4.5139E-14  1.0606E-15
  2.2686E-11  1.1324E-08  7.5060E-11  9.0385E-14  2.1224E-15
  4.7335E-11  2.3797E-08  1.5858E-10  1.9101E-13  4.4849E-15
  9.5352E-11  4.8538E-08  3.2665E-10  3.9360E-13  9.2452E-15
  2.2204E-10  1.1627E-07  8.0157E-10  9.6685E-13  2.2732E-14
  4.9907E-10  2.7655E-07  2.0086E-09  2.4286E-12  5.7285E-14
  1.0828E-09  6.7972E-07  5.6251E-09  6.8459E-12  1.6241E-13
  1.7195E-09  1.2787E-06  1.3168E-08  1.6240E-11  3.9011E-13
  2.1605E-09  1.9660E-06  2.8191E-08  3.5745E-11  8.8244E-13
  2.2020E-09  2.3953E-06  4.7805E-08  6.3140E-11  1.6290E-12
