Li Na K Rb Cs
  4.5000E-38  4.5000E-38  4.5000E-38  4.5000E-38  4.5000E-38
  4.5000E-38  4.5000E-38  4.5000E-38  4.5000E-38  4.5000E-38
  4.5000E-38  4.5000E-38  4.5000E-38  4.5000E-38  4.5000E-38
  4.5000E-38  4.5000E-38  4.5000E-38  4.5000E-38  4.5000E-38
  4.5000E-38  4.5000E-38  4.5000E-38  4.5000E-38  4.5000E-38
  4.5000E-38  4.5000E-38  4.5000E-38  4.5000E-38  4.5000E-38
  4.5000E-38  4.5000E-38  4.5000E-38  4.5000E-38  4.5000E-38
  4.5000E-38  4.5000E-38  4.5000E-38  4.5000E-38  4.5000E-38
  4.5000E-38  4.5000E-38  4.5000E-38  4.5000E-38  4.5000E-38
  4.5000E-38  4.5000E-38  4.5000E-38  4.5000E-38  4.5000E-38
  4.5000E-38  4.5000E-38  4.5000E-38  4.5000E-38  4.5000E-38
  4.5000E-38  4.5000E-38  4.5000E-38  4.5000E-38  4.5000E-38
  4.5000E-38  4.5000E-38  4.5000E-38  4.5000E-38  4.5000E-38
  4.5000E-38  4.5000E-38  4.5000E-38  4.5000E-38  4.5000E-38
  4.5000E-38  4.5000E-38  4.5000E-38  4.5000E-38  4.5000E-38
  4.5000E-38  4.5000E-38  4.5000E-38  4.5000E-38  4.5000E-38
  4.5000E-38  4.5000E-38  4.5000E-38  4.5000E-38  4.5000E-38
  4.5000E-38  4.5000E-38  4.5000E-38  4.5000E-38  4.5000E-38
  4.5000E-38  4.5000E-38  4.5000E-38  4.5000E-38  4.5000E-38
  4.5000E-38  4.5000E-38  4.5000E-38  4.5000E-38  4.5000E-38
  4.5000E-38  4.5000E-38  4.5000E-38  4.5000E-38  4.5000E-38
  4.5000E-38  4.5000E-38  4.5000E-38  4.5000E-38  4.5000E-38
  4.5000E-38  4.5000E-38  4.5000E-38  4.5000E-38  4.5000E-38
  4.5000E-38  4.5000E-38  4.5000E-38  4.5000E-38  4.5000E-38
  4.5000E-38  4.5000E-38  4.5000E-38  4.5000E-38  4.5000E-38
  4.5000E-38  4.5000E-38  4.5000E-38  4.5000E-38  4.5000E-38
  4.5000E-38  4.5000E-38  4.5000E-38  4.5000E-38  4.5000E-38
  4.5000E-38  4.5000E-38  4.5000E-38  4.5000E-38  4.5000E-38
  4.5000E-38  4.5000E-38  4.5000E-38  4.5000E-38  4.5000E-38
  4.5000E-38  4.5000E-38  4.5000E-38  4.5000E-38  4.5000E-38
  4.5000E-38  4.5000E-38  4.5000E-38  4.5000E-38  4.5000E-38
  4.5000E-38  4.5000E-38  4.5000E-38  4.5000E-38  4.5000E-38
  4.5000E-38  4.5000E-38  4.5000E-38  4.5000E-38  4.5000E-38
  4.5000E-38  4.5000E-38  4.5000E-38  4.5000E-38  4.5000E-38
  4.5000E-38  4.5000E-38  4.5000E-38  4.5000E-38  4.5000E-38
  4.5000E-38  4.5000E-38  4.5000E-38  4.5000E-38  4.5000E-38
  4.5000E-38  4.5000E-38  4.5000E-38  4.5000E-38  4.5000E-38
  4.5000E-38  4.5000E-38  4.5000E-38  4.5000E-38  4.5000E-38
  4.5000E-38  4.5000E-38  4.5000E-38  4.5000E-38  4.5000E-38
  4.5000E-38  4.5000E-38  4.5000E-38  4.5000E-38  4.5000E-38
  4.5000E-38  4.5000E-38  4.5000E-38  4.5000E-38  4.5000E-38
  4.5000E-38  4.5000E-38  4.5000E-38  4.5000E-38  4.5000E-38
  4.5000E-38  4.5000E-38  4.5000E-38  4.5000E-38  4.5000E-38
  4.5000E-38  4.5000E-38  4.5000E-38  4.5000E-38  4.5000E-38
  4.5000E-38  4.5000E-38  4.5000E-38  4.5000E-38  4.5000E-38
  4.5000E-38  4.5000E-38  4.5000E-38  4.5000E-38  4.5000E-38
  4.5000E-38  4.5000E-38  4.5000E-38  4.5000E-38  4.5000E-38
  4.5000E-38  4.5000E-38  4.5000E-38  4.5000E-38  4.5000E-38
  4.5000E-38  4.5000E-38  4.5000E-38  4.5000E-38  4.5000E-38
  4.5000E-38  4.5000E-38  4.5000E-38  4.5000E-38  4.5000E-38
  4.5000E-38  4.5000E-38  4.5000E-38  4.5000E-38  4.5000E-38
  4.5000E-38  4.5000E-38  4.5000E-38  4.5000E-38  4.5000E-38
  4.5000E-38  4.5000E-38  4.5000E-38  4.5000E-38  4.5000E-38
  4.5000E-38  4.5000E-38  4.5000E-38  4.5000E-38  4.5000E-38
  4.5000E-38  4.5000E-38  4.5000E-38  4.5000E-38  4.5000E-38
  4.5000E-38  4.5000E-38  4.5000E-38  4.5000E-38  4.5000E-38
  4.5000E-38  4.5000E-38  4.5000E-38  4.5000E-38  4.5000E-38
  4.5000E-38  4.5000E-38  4.5000E-38  4.5000E-38  4.5000E-38
  4.5000E-38  4.5000E-38  4.5000E-38  4.5000E-38  4.5000E-38
  4.5000E-38  4.5000E-38  4.5000E-38  4.5000E-38  4.5000E-38
  4.5000E-38  4.5000E-38  4.5000E-38  4.5000E-38  4.5000E-38
  4.5000E-38  4.5000E-38  4.5000E-38  4.5000E-38  4.5000E-38
  4.5000E-38  4.5000E-38  4.5000E-38  4.5000E-38  4.5000E-38
  4.5000E-38  4.5000E-38  4.5000E-38  4.5000E-38  4.5000E-38
  4.5000E-38  4.5000E-38  4.5000E-38  4.5000E-38  4.5000E-38
  4.5000E-38  4.5000E-38  4.5000E-38  4.5000E-38  4.5000E-38
  4.5000E-38  4.5000E-38  4.5000E-38  4.5000E-38  4.5000E-38
  4.5000E-38  4.5000E-38  4.5000E-38  4.5000E-38  4.5000E-38
  4.5000E-38  4.5000E-38  4.5000E-38  4.5000E-38  4.5000E-38
  4.5000E-38  4.5000E-38  4.5000E-38  4.5000E-38  4.5000E-38
  4.5000E-38  4.5000E-38  4.5000E-38  4.5000E-38  4.5000E-38
  4.5000E-38  4.5000E-38  4.5000E-38  4.5000E-38  4.5000E-38
  4.5000E-38  4.5000E-38  4.5000E-38  4.5000E-38  4.5000E-38
  4.5000E-38  4.5000E-38  4.5000E-38  4.5000E-38  4.5000E-38
  4.5000E-38  4.5000E-38  4.5000E-38  4.5000E-38  4.5000E-38
  4.5000E-38  4.5000E-38  4.5000E-38  4.5000E-38  4.5000E-38
  4.5000E-38  4.5000E-38  4.5000E-38  4.5000E-38  4.5000E-38
  4.5000E-38  4.5000E-38  4.5000E-38  4.5000E-38  4.5000E-38
  4.5000E-38  4.5000E-38  4.5000E-38  4.5000E-38  4.5000E-38
  4.5000E-38  4.5000E-38  4.5000E-38  4.5000E-38  4.5000E-38
  4.5000E-38  4.5000E-38  4.5000E-38  4.5000E-38  4.5000E-38
  4.5000E-38  4.5000E-38  4.5000E-38  4.5000E-38  4.5000E-38
  4.5000E-38  4.5000E-38  4.5000E-38  4.5000E-38  4.5000E-38
  4.5000E-38  4.5000E-38  4.5000E-38  4.5000E-38  4.5000E-38
  4.5000E-38  4.5000E-38  4.5000E-38  4.5000E-38  4.5000E-38
  4.5000E-38  4.5000E-38  4.5000E-38  4.5000E-38  4.5000E-38
  4.5000E-38  4.5000E-38  4.5000E-38  4.5000E-38  4.5000E-38
  4.5000E-38  4.5000E-38  4.5000E-38  4.5000E-38  4.5000E-38
  4.5000E-38  4.5000E-38  4.5000E-38  4.5000E-38  4.5000E-38
  4.5000E-38  4.5000E-38  4.5000E-38  4.5000E-38  4.5000E-38
  4.5000E-38  4.5000E-38  4.5000E-38  4.5000E-38  4.5000E-38
  4.5000E-38  4.5000E-38  4.5000E-38  4.5000E-38  4.5000E-38
  4.5000E-38  4.5000E-38  4.5000E-38  4.5000E-38  4.5000E-38
  4.5000E-38  4.5000E-38  4.5000E-38  4.5000E-38  4.5000E-38
  4.5000E-38  4.5000E-38  4.5000E-38  4.5000E-38  4.5000E-38
  4.5000E-38  4.5000E-38  4.5000E-38  4.5000E-38  4.5000E-38
  4.5000E-38  4.5000E-38  4.5000E-38  4.5000E-38  4.5000E-38
  4.5000E-38  4.5000E-38  4.5000E-38  4.5000E-38  4.5000E-38
  4.5000E-38  4.5000E-38  4.5000E-38  4.5000E-38  4.5000E-38
  4.5000E-38  4.5000E-38  4.5000E-38  4.5000E-38  4.5000E-38
  4.5000E-38  4.5000E-38  4.5000E-38  4.5000E-38  4.5000E-38
  4.5000E-38  4.5000E-38  4.5000E-38  4.5000E-38  4.5000E-38
  4.5000E-38  4.5000E-38  4.5000E-38  4.5000E-38  4.5000E-38
  4.5000E-38  4.5000E-38  4.5000E-38  4.5000E-38  4.5000E-38
  4.5000E-38  4.5000E-38  4.5000E-38  4.5000E-38  4.5000E-38
  4.5000E-38  4.5000E-38  4.5000E-38  4.5000E-38  4.5000E-38
  4.5000E-38  4.5000E-38  4.5000E-38  4.5000E-38  4.5000E-38
  4.5000E-38  4.5000E-38  4.5000E-38  4.5000E-38  4.5000E-38
  4.5000E-38  4.5000E-38  4.5000E-38  4.5000E-38  4.5000E-38
  4.5000E-38  4.5000E-38  4.5000E-38  4.5000E-38  4.5000E-38
  4.5000E-38  4.5000E-38  4.5000E-38  4.5000E-38  4.5000E-38
  4.5000E-38  4.5000E-38  4.5000E-38  4.5000E-38  4.5000E-38
  4.5000E-38  4.5000E-38  4.5000E-38  4.5000E-38  4.5000E-38
  4.5000E-38  4.5000E-38  4.5000E-38  4.5000E-38  4.5000E-38
  4.5000E-38  4.5000E-38  4.5000E-38  4.5000E-38  4.5000E-38
  4.5000E-38  4.5000E-38  4.5000E-38  4.5000E-38  4.5000E-38
  4.5000E-38  4.5000E-38  4.5000E-38  4.5000E-38  4.5000E-38
  4.5000E-38  4.5000E-38  4.5000E-38  4.5000E-38  4.5000E-38
  4.5000E-38  4.5000E-38  4.5000E-38  4.5000E-38  4.5000E-38
  4.5000E-38  4.5000E-38  4.5000E-38  4.5000E-38  4.5000E-38
  4.5000E-38  4.5000E-38  4.5000E-38  4.5000E-38  4.5000E-38
  4.5000E-38  4.5000E-38  4.5000E-38  4.5000E-38  4.5000E-38
  4.5000E-38  4.5000E-38  4.5000E-38  4.5000E-38  4.5000E-38
  4.5000E-38  4.5000E-38  4.5000E-38  4.5000E-38  4.5000E-38
  4.5000E-38  4.5000E-38  4.5000E-38  4.5000E-38  4.5000E-38
  4.5000E-38  4.5000E-38  4.5000E-38  4.5000E-38  4.5000E-38
  4.5000E-38  4.5000E-38  4.5000E-38  4.5000E-38  4.5000E-38
  4.5000E-38  4.5000E-38  4.5000E-38  4.5000E-38  4.5000E-38
  4.5000E-38  4.5000E-38  4.5000E-38  4.5000E-38  4.5000E-38
  4.5000E-38  4.5000E-38  4.5000E-38  4.5000E-38  4.5000E-38
  4.5000E-38  4.5000E-38  4.5000E-38  4.5000E-38  4.5000E-38
  4.5000E-38  4.5000E-38  4.5000E-38  4.5000E-38  4.5000E-38
  4.5000E-38  4.5000E-38  4.5000E-38  4.5000E-38  4.5000E-38
  4.5000E-38  4.5000E-38  4.5000E-38  4.5000E-38  4.5000E-38
  4.5000E-38  4.5000E-38  4.5000E-38  4.5000E-38  4.5000E-38
  4.5000E-38  4.5000E-38  4.5000E-38  4.5000E-38  4.5000E-38
  4.5000E-38  4.5000E-38  4.5000E-38  4.5000E-38  4.5000E-38
  4.5000E-38  4.5000E-38  4.5000E-38  4.5000E-38  4.5000E-38
  4.5000E-38  4.5000E-38  4.5000E-38  4.5000E-38  4.5000E-38
  4.5000E-38  4.5000E-38  4.5000E-38  4.5000E-38  4.5000E-38
  4.5000E-38  4.5000E-38  4.5000E-38  4.5000E-38  4.5000E-38
  4.5000E-38  4.5000E-38  4.5000E-38  4.5000E-38  4.5000E-38
  4.5000E-38  4.5000E-38  4.5000E-38  4.5000E-38  4.5000E-38
  4.5000E-38  4.5000E-38  4.5000E-38  4.5000E-38  4.5000E-38
  4.5000E-38  4.5000E-38  4.5000E-38  4.5000E-38  4.5000E-38
  4.5000E-38  4.5000E-38  4.5000E-38  4.5000E-38  4.5000E-38
  4.5000E-38  4.5000E-38  4.5000E-38  4.5000E-38  4.5000E-38
  4.5000E-38  4.5000E-38  4.5000E-38  4.5000E-38  4.5000E-38
  4.5000E-38  4.5000E-38  4.5000E-38  4.5000E-38  4.5000E-38
  4.5000E-38  4.5000E-38  4.5000E-38  4.5000E-38  4.5000E-38
  4.5000E-38  4.5000E-38  4.5000E-38  4.5000E-38  4.5000E-38
  4.5000E-38  4.5000E-38  4.5000E-38  4.5000E-38  4.5000E-38
  4.5000E-38  4.5000E-38  4.5000E-38  4.5000E-38  4.5000E-38
  4.5000E-38  4.5000E-38  4.5000E-38  4.5000E-38  4.5000E-38
  4.5000E-38  4.5000E-38  4.5000E-38  4.5000E-38  4.5000E-38
  4.5000E-38  4.5000E-38  4.5000E-38  4.5000E-38  4.5000E-38
  4.5000E-38  4.5000E-38  4.5000E-38  4.5000E-38  4.5000E-38
  4.5000E-38  4.5000E-38  4.5000E-38  4.5000E-38  4.5000E-38
  4.5000E-38  4.5000E-38  4.5000E-38  4.5000E-38  4.5000E-38
  4.5000E-38  4.5000E-38  4.5000E-38  4.5000E-38  4.5000E-38
  4.5000E-38  4.5000E-38  4.5000E-38  4.5000E-38  4.5000E-38
  4.5000E-38  4.5000E-38  4.5000E-38  4.5000E-38  4.5000E-38
  4.5000E-38  4.5000E-38  4.5000E-38  4.5000E-38  4.5000E-38
  4.5000E-38  4.5000E-38  4.5000E-38  4.5000E-38  4.5000E-38
  4.5000E-38  4.5000E-38  4.5000E-38  4.5000E-38  4.5000E-38
  4.5000E-38  4.5000E-38  4.5000E-38  4.5000E-38  4.5000E-38
  4.5000E-38  4.5000E-38  4.5000E-38  4.5000E-38  4.5000E-38
  4.5000E-38  4.5000E-38  4.5000E-38  4.5000E-38  4.5000E-38
  4.5000E-38  4.5000E-38  4.5000E-38  4.5000E-38  4.5000E-38
  4.5000E-38  4.5000E-38  4.5000E-38  4.5000E-38  4.5000E-38
  4.5000E-38  4.5000E-38  4.5000E-38  4.5000E-38  4.5000E-38
  4.5000E-38  4.5000E-38  4.5000E-38  4.5000E-38  4.5000E-38
  4.5000E-38  4.5000E-38  4.5000E-38  4.5000E-38  4.5000E-38
  4.5000E-38  4.5000E-38  4.5000E-38  4.5000E-38  4.5000E-38
  4.5000E-38  4.5000E-38  4.5000E-38  4.5000E-38  4.5000E-38
  4.5000E-38  4.5000E-38  4.5000E-38  4.5000E-38  4.5000E-38
  4.5000E-38  4.5000E-38  4.5000E-38  4.5000E-38  4.5000E-38
  4.5000E-38  4.5000E-38  4.5000E-38  4.5000E-38  4.5000E-38
  4.5000E-38  4.5000E-38  4.5000E-38  4.5000E-38  4.5000E-38
  4.5000E-38  4.5000E-38  4.5000E-38  4.5000E-38  4.5000E-38
  4.5000E-38  4.5000E-38  4.5000E-38  4.5000E-38  4.5000E-38
  4.5000E-38  4.5000E-38  4.5000E-38  4.5000E-38  4.5000E-38
  4.5000E-38  4.5000E-38  4.5000E-38  4.5000E-38  4.5000E-38
  4.5000E-38  4.5000E-38  4.5000E-38  4.5000E-38  4.5000E-38
  4.5000E-38  4.5000E-38  4.5000E-38  4.5000E-38  4.5000E-38
  4.5000E-38  4.5000E-38  4.5000E-38  4.5000E-38  4.5000E-38
  4.5000E-38  4.5000E-38  4.5000E-38  4.5000E-38  4.5000E-38
  4.5000E-38  4.5000E-38  4.5000E-38  4.5000E-38  4.5000E-38
  4.5000E-38  4.5000E-38  4.5000E-38  4.5000E-38  4.5000E-38
  4.5000E-38  4.5000E-38  4.5000E-38  4.5000E-38  4.5000E-38
  4.5000E-38  4.5000E-38  4.5000E-38  4.5000E-38  4.5000E-38
  4.5000E-38  4.5000E-38  4.5000E-38  4.5000E-38  4.5000E-38
  4.5000E-38  4.5000E-38  4.5000E-38  4.5000E-38  4.5000E-38
  4.5000E-38  4.5000E-38  4.5000E-38  4.5000E-38  4.5000E-38
  4.5000E-38  4.5000E-38  4.5000E-38  4.5000E-38  4.5000E-38
  4.5000E-38  4.5000E-38  4.5000E-38  4.5000E-38  4.5000E-38
  4.5000E-38  4.5000E-38  4.5000E-38  4.5000E-38  4.5000E-38
  4.5000E-38  4.5000E-38  4.5000E-38  4.5000E-38  4.5000E-38
  4.5000E-38  4.5000E-38  4.5000E-38  4.5000E-38  4.5000E-38
  4.5000E-38  4.5000E-38  4.5000E-38  4.5000E-38  4.5000E-38
  4.5000E-38  4.5000E-38  4.5000E-38  4.5000E-38  4.5000E-38
  4.5000E-38  4.5000E-38  4.5000E-38  4.5000E-38  4.5000E-38
  4.5000E-38  4.5000E-38  4.5000E-38  4.5000E-38  4.5000E-38
  4.5000E-38  4.5000E-38  4.5000E-38  4.5000E-38  4.5000E-38
  4.5000E-38  4.5000E-38  4.5000E-38  4.5000E-38  4.5000E-38
  4.5000E-38  4.5000E-38  4.5000E-38  4.5000E-38  4.5000E-38
  4.5000E-38  4.5000E-38  4.5000E-38  4.5000E-38  4.5000E-38
  4.5000E-38  4.5000E-38  4.5000E-38  4.5000E-38  4.5000E-38
  4.5000E-38  4.5000E-38  4.5000E-38  4.5000E-38  4.5000E-38
  4.5000E-38  4.5000E-38  4.5000E-38  4.5000E-38  4.5000E-38
  4.5000E-38  4.5000E-38  4.5000E-38  4.5000E-38  4.5000E-38
  4.5000E-38  4.5000E-38  4.5000E-38  4.5000E-38  4.5000E-38
  4.5000E-38  4.5000E-38  4.5000E-38  4.5000E-38  4.5000E-38
  4.5000E-38  4.5000E-38  4.5000E-38  4.5000E-38  4.5000E-38
  4.5000E-38  4.5000E-38  4.5000E-38  4.5000E-38  4.5000E-38
  4.5000E-38  4.5000E-38  4.5000E-38  4.5000E-38  4.5000E-38
  4.5000E-38  4.5000E-38  4.5000E-38  4.5000E-38  4.5000E-38
  4.5000E-38  4.5000E-38  4.5000E-38  4.5000E-38  4.5000E-38
  4.5000E-38  4.5000E-38  4.5000E-38  4.5000E-38  4.5000E-38
  4.5000E-38  4.5000E-38  4.5000E-38  4.5000E-38  4.5000E-38
  4.5000E-38  4.5000E-38  4.5000E-38  4.5000E-38  4.5000E-38
  4.5000E-38  4.5000E-38  4.5000E-38  4.5000E-38  4.5000E-38
  4.5000E-38  4.5000E-38  4.5000E-38  4.5000E-38  4.5000E-38
  4.5000E-38  4.5000E-38  4.5000E-38  4.5000E-38  4.5000E-38
  4.5000E-38  4.5000E-38  4.5000E-38  4.5000E-38  4.5000E-38
  4.5000E-38  4.5000E-38  4.5000E-38  4.5000E-38  4.5000E-38
  4.5000E-38  4.5000E-38  4.5000E-38  4.5000E-38  4.5000E-38
  4.5000E-38  4.5000E-38  4.5000E-38  4.5000E-38  4.5000E-38
  4.5000E-38  4.5000E-38  4.5000E-38  4.5000E-38  4.5000E-38
  4.5000E-38  4.5000E-38  4.5000E-38  4.5000E-38  4.5000E-38
  4.5000E-38  4.5000E-38  4.5000E-38  4.5000E-38  4.5000E-38
  4.5000E-38  4.5000E-38  4.5000E-38  4.5000E-38  4.5000E-38
  4.5000E-38  4.5000E-38  4.5000E-38  4.5000E-38  4.5000E-38
  4.5000E-38  4.5000E-38  4.5000E-38  4.5000E-38  4.5000E-38
  4.5000E-38  4.5000E-38  4.5000E-38  4.5000E-38  4.5000E-38
  4.5000E-38  4.5000E-38  4.5000E-38  4.5000E-38  4.5000E-38
  4.5000E-38  4.5000E-38  4.5000E-38  4.5000E-38  4.5000E-38
  4.5000E-38  4.5000E-38  4.5000E-38  4.5000E-38  4.5000E-38
  4.5000E-38  4.5000E-38  4.5000E-38  4.5000E-38  4.5000E-38
  4.5000E-38  4.5000E-38  4.5000E-38  4.5000E-38  4.5000E-38
  4.5000E-38  4.5000E-38  4.5000E-38  4.5000E-38  4.5000E-38
  4.5000E-38  4.5000E-38  4.5000E-38  4.5000E-38  4.5000E-38
  4.5000E-38  4.5000E-38  4.5000E-38  4.5000E-38  4.5000E-38
  4.5000E-38  4.5000E-38  4.5000E-38  4.5000E-38  4.5000E-38
  4.5000E-38  4.5000E-38  4.5000E-38  4.5000E-38  4.5000E-38
  4.5000E-38  4.5000E-38  4.5000E-38  4.5000E-38  4.5000E-38
  4.5000E-38  4.5000E-38  4.5000E-38  4.5000E-38  4.5000E-38
  4.5000E-38  4.5000E-38  4.5000E-38  4.5000E-38  4.5000E-38
  4.5000E-38  4.5000E-38  4.5000E-38  4.5000E-38  4.5000E-38
  4.5000E-38  4.5000E-38  4.5000E-38  4.5000E-38  4.5000E-38
  4.5000E-38  4.5000E-38  4.5000E-38  4.5000E-38  4.5000E-38
  4.5000E-38  4.5000E-38  4.5000E-38  4.5000E-38  4.5000E-38
  4.5000E-38  4.5000E-38  4.5000E-38  4.5000E-38  4.5000E-38
  4.5000E-38  4.5000E-38  4.5000E-38  4.5000E-38  4.5000E-38
  4.5000E-38  4.5000E-38  4.5000E-38  4.5000E-38  4.5000E-38
  4.5000E-38  4.5000E-38  4.5000E-38  4.5000E-38  4.5000E-38
  4.5000E-38  4.5000E-38  4.5000E-38  4.5000E-38  4.5000E-38
  4.5000E-38  4.5000E-38  4.5000E-38  4.5000E-38  4.5000E-38
  4.5000E-38  4.5000E-38  4.5000E-38  4.5000E-38  4.5000E-38
  4.5000E-38  4.5000E-38  4.5000E-38  4.5000E-38  4.5000E-38
  4.5000E-38  4.5000E-38  4.5000E-38  4.5000E-38  4.5000E-38
  4.5000E-38  4.5000E-38  4.5000E-38  4.5000E-38  4.5000E-38
  4.5000E-38  4.5000E-38  4.5000E-38  4.5000E-38  4.5000E-38
  4.5000E-38  4.5000E-38  4.5000E-38  4.5000E-38  4.5000E-38
  4.5000E-38  4.5000E-38  4.5000E-38  4.5000E-38  4.5000E-38
  4.5000E-38  4.5000E-38  4.5000E-38  4.5000E-38  4.5000E-38
  4.5000E-38  4.5000E-38  4.5000E-38  4.5000E-38  4.5000E-38
  4.5000E-38  4.5000E-38  4.5000E-38  4.5000E-38  4.5000E-38
  4.5000E-38  4.5000E-38  4.5000E-38  4.5000E-38  4.5000E-38
  4.5000E-38  4.5000E-38  4.5000E-38  4.5000E-38  4.5000E-38
  4.5000E-38  4.5000E-38  4.5000E-38  4.5000E-38  4.5000E-38
  4.5000E-38  4.5000E-38  4.5000E-38  4.5000E-38  4.5000E-38
  4.5000E-38  4.5000E-38  4.5000E-38  4.5000E-38  4.5000E-38
  4.5000E-38  4.5000E-38  4.5000E-38  4.5000E-38  4.5000E-38
  4.5000E-38  4.5000E-38  4.5000E-38  4.5000E-38  4.5000E-38
  4.5000E-38  4.5000E-38  4.5000E-38  4.5000E-38  4.5000E-38
  4.5000E-38  4.5000E-38  4.5000E-38  4.5000E-38  4.5000E-38
  4.5000E-38  4.5000E-38  4.5000E-38  4.5000E-38  4.5000E-38
  4.5000E-38  4.5000E-38  4.5000E-38  4.5000E-38  4.5000E-38
  4.5000E-38  4.5000E-38  4.5000E-38  4.5000E-38  4.5000E-38
  4.5000E-38  4.5000E-38  4.5000E-38  4.5000E-38  4.5000E-38
  4.5000E-38  4.5000E-38  4.5000E-38  4.5000E-38  4.5000E-38
  4.5000E-38  4.5000E-38  4.5000E-38  4.5000E-38  4.5000E-38
  4.5000E-38  4.5000E-38  4.5000E-38  4.5000E-38  4.5000E-38
  4.5000E-38  4.5000E-38  4.5000E-38  4.5000E-38  4.5000E-38
  4.5000E-38  4.5000E-38  4.5000E-38  4.5000E-38  4.5000E-38
  4.5000E-38  4.5000E-38  4.5000E-38  4.5000E-38  4.5000E-38
  4.5000E-38  4.5000E-38  4.5000E-38  4.5000E-38  4.5000E-38
  4.5000E-38  4.5000E-38  4.5000E-38  4.5000E-38  4.5000E-38
  4.5000E-38  4.5000E-38  4.5000E-38  4.5000E-38  4.5000E-38
  4.5000E-38  4.5000E-38  4.5000E-38  4.5000E-38  4.5000E-38
  4.5000E-38  4.5000E-38  4.5000E-38  4.5000E-38  4.5000E-38
  4.5000E-38  4.5000E-38  4.5000E-38  4.5000E-38  4.5000E-38
  4.5000E-38  4.5000E-38  4.5000E-38  4.5000E-38  4.5000E-38
  4.5000E-38  4.5000E-38  4.5000E-38  4.5000E-38  4.5000E-38
  4.5000E-38  4.5000E-38  4.5000E-38  4.5000E-38  4.5000E-38
  4.5000E-38  4.5000E-38  4.5000E-38  4.5000E-38  4.5000E-38
  4.5000E-38  4.5000E-38  4.5000E-38  4.5000E-38  4.5000E-38
  4.5000E-38  4.5000E-38  4.5000E-38  4.5000E-38  4.5000E-38
  4.5000E-38  4.5000E-38  4.5000E-38  4.5000E-38  4.5000E-38
  4.5000E-38  4.5000E-38  4.5000E-38  4.5000E-38  4.5000E-38
  4.5000E-38  4.5000E-38  4.5000E-38  4.5000E-38  4.5000E-38
  4.5000E-38  4.5000E-38  4.5000E-38  4.5000E-38  4.5000E-38
  4.5000E-38  4.5000E-38  4.5000E-38  4.5000E-38  4.5000E-38
  4.5000E-38  4.5000E-38  4.5000E-38  4.5000E-38  4.5000E-38
  4.5000E-38  4.5000E-38  4.5000E-38  4.5000E-38  4.5000E-38
  4.5000E-38  4.5000E-38  4.5000E-38  4.5000E-38  4.5000E-38
  4.5000E-38  4.5000E-38  4.5000E-38  4.5000E-38  4.5000E-38
  4.5000E-38  4.5000E-38  4.5000E-38  4.5000E-38  4.5000E-38
  4.5000E-38  4.5000E-38  4.5000E-38  4.5000E-38  4.5000E-38
  4.5000E-38  4.5000E-38  4.5000E-38  4.5000E-38  4.5000E-38
  4.5000E-38  4.5000E-38  4.5000E-38  4.5000E-38  4.5000E-38
  4.5000E-38  4.5000E-38  4.5000E-38  4.5000E-38  4.5000E-38
  4.5000E-38  4.5000E-38  4.5000E-38  4.5000E-38  4.5000E-38
  4.5000E-38  4.5000E-38  4.5000E-38  4.5000E-38  4.5000E-38
  4.5000E-38  4.5000E-38  4.5000E-38  4.5000E-38  4.5000E-38
  4.5000E-38  4.5000E-38  4.5000E-38  4.5000E-38  4.5000E-38
  4.5000E-38  4.5000E-38  4.5000E-38  4.5000E-38  4.5000E-38
  4.5000E-38  4.5000E-38  4.5000E-38  4.5000E-38  4.5000E-38
  4.5000E-38  4.5000E-38  4.5000E-38  4.5000E-38  4.5000E-38
  4.5000E-38  4.5000E-38  4.5000E-38  4.5000E-38  4.5000E-38
  4.5000E-38  4.5000E-38  4.5000E-38  4.5000E-38  4.5000E-38
  4.5000E-38  4.5000E-38  4.5000E-38  4.5000E-38  4.5000E-38
  4.5000E-38  4.5000E-38  4.5000E-38  4.5000E-38  4.5000E-38
  4.5000E-38  4.5000E-38  4.5000E-38  4.5000E-38  4.5000E-38
  4.5000E-38  4.5000E-38  4.5000E-38  4.5000E-38  4.5000E-38
  4.5000E-38  4.5000E-38  4.5000E-38  4.5000E-38  4.5000E-38
  4.5000E-38  4.5000E-38  4.5000E-38  4.5000E-38  4.5000E-38
  4.5000E-38  4.5000E-38  4.5000E-38  4.5000E-38  4.5000E-38
  4.5000E-38  4.5000E-38  4.5000E-38  4.5000E-38  4.5000E-38
  4.5000E-38  4.5000E-38  4.5000E-38  4.5000E-38  4.5000E-38
  4.5000E-38  4.5000E-38  4.5000E-38  4.5000E-38  4.5000E-38
  4.5000E-38  4.5000E-38  4.5000E-38  4.5000E-38  4.5000E-38
  4.5000E-38  4.5000E-38  4.5000E-38  4.5000E-38  4.5000E-38
  4.5000E-38  4.5000E-38  4.5000E-38  4.5000E-38  4.5000E-38
  4.5000E-38  4.5000E-38  4.5000E-38  4.5000E-38  4.5000E-38
  4.5000E-38  4.5000E-38  4.5000E-38  4.5000E-38  4.5000E-38
  4.5000E-38  4.5000E-38  4.5000E-38  4.5000E-38  4.5000E-38
  4.5000E-38  4.5000E-38  4.5000E-38  4.5000E-38  4.5000E-38
  4.5000E-38  4.5000E-38  4.5000E-38  4.5000E-38  4.5000E-38
  4.5000E-38  4.5000E-38  4.5000E-38  4.5000E-38  4.5000E-38
  4.5000E-38  4.5000E-38  4.5000E-38  4.5000E-38  4.5000E-38
  4.5000E-38  4.5000E-38  4.5000E-38  4.5000E-38  4.5000E-38
  4.5000E-38  4.5000E-38  4.5000E-38  4.5000E-38  4.5000E-38
  4.5000E-38  4.5000E-38  4.5000E-38  4.5000E-38  4.5000E-38
  4.5000E-38  4.5000E-38  4.5000E-38  4.5000E-38  4.5000E-38
  4.5000E-38  4.5000E-38  4.5000E-38  4.5000E-38  4.5000E-38
  4.5000E-38  4.5000E-38  4.5000E-38  4.5000E-38  4.5000E-38
  4.5000E-38  4.5000E-38  4.5000E-38  4.5000E-38  4.5000E-38
  4.5000E-38  4.5000E-38  4.5000E-38  4.5000E-38  4.5000E-38
  4.5000E-38  4.5000E-38  4.5000E-38  4.5000E-38  4.5000E-38
  4.5000E-38  4.5000E-38  4.5000E-38  4.5000E-38  4.5000E-38
  4.5000E-38  4.5000E-38  4.5000E-38  4.5000E-38  4.5000E-38
  4.5000E-38  4.5000E-38  4.5000E-38  4.5000E-38  4.5000E-38
  4.5000E-38  4.5000E-38  4.5000E-38  4.5000E-38  4.5000E-38
  4.5000E-38  4.5000E-38  4.5000E-38  4.5000E-38  4.5000E-38
  4.5000E-38  4.5000E-38  4.5000E-38  4.5000E-38  4.5000E-38
  4.5000E-38  4.5000E-38  4.5000E-38  4.5000E-38  4.5000E-38
  4.5000E-38  4.5000E-38  4.5000E-38  4.5000E-38  4.5000E-38
  4.5000E-38  4.5000E-38  4.5000E-38  4.5000E-38  4.5000E-38
  4.5000E-38  4.5000E-38  4.5000E-38  4.5000E-38  4.5000E-38
  4.5000E-38  4.5000E-38  4.5000E-38  4.5000E-38  4.5000E-38
  4.5000E-38  4.5000E-38  4.5000E-38  4.5000E-38  4.5000E-38
  4.5000E-38  4.5000E-38  4.5000E-38  4.5000E-38  4.5000E-38
  4.5000E-38  4.5000E-38  4.5000E-38  4.5000E-38  4.5000E-38
  4.5000E-38  4.5000E-38  4.5000E-38  4.5000E-38  4.5000E-38
  4.5000E-38  4.5000E-38  4.5000E-38  4.5000E-38  4.5000E-38
  4.5000E-38  4.5000E-38  4.5000E-38  4.5000E-38  4.5000E-38
  4.5000E-38  4.5000E-38  4.5000E-38  4.5000E-38  4.5000E-38
  4.5000E-38  4.5000E-38  4.5000E-38  4.5000E-38  4.5000E-38
  4.5000E-38  4.5000E-38  4.5000E-38  4.5000E-38  4.5000E-38
  4.5000E-38  4.5000E-38  4.5000E-38  4.5000E-38  4.5000E-38
  4.5000E-38  4.5000E-38  4.5000E-38  4.5000E-38  4.5000E-38
  4.5000E-38  4.5000E-38  4.5000E-38  4.5000E-38  4.5000E-38
  4.5000E-38  4.5000E-38  4.5000E-38  4.5000E-38  4.5000E-38
  4.5000E-38  4.5000E-38  4.5000E-38  4.5000E-38  4.5000E-38
  4.5000E-38  4.5000E-38  4.5000E-38  4.5000E-38  4.5000E-38
  4.5000E-38  4.5000E-38  4.5000E-38  4.5000E-38  4.5000E-38
  4.5000E-38  4.5000E-38  4.5000E-38  4.5000E-38  4.5000E-38
  4.5000E-38  4.5000E-38  4.5000E-38  4.5000E-38  4.5000E-38
  4.5000E-38  4.5000E-38  4.5000E-38  4.5000E-38  4.5000E-38
  4.5000E-38  4.5000E-38  4.5000E-38  4.5000E-38  4.5000E-38
  4.5000E-38  4.5000E-38  4.5000E-38  4.5000E-38  4.5000E-38
  4.5000E-38  4.5000E-38  4.5000E-38  4.5000E-38  4.5000E-38
  4.5000E-38  4.5000E-38  4.5000E-38  4.5000E-38  4.5000E-38
  4.5000E-38  4.5000E-38  4.5000E-38  4.5000E-38  4.5000E-38
  4.5000E-38  4.5000E-38  4.5000E-38  4.5000E-38  4.5000E-38
  4.5000E-38  4.5000E-38  4.5000E-38  4.5000E-38  4.5000E-38
  4.5000E-38  4.5000E-38  4.5000E-38  4.5000E-38  4.5000E-38
  4.5000E-38  4.5000E-38  4.5000E-38  4.5000E-38  4.5000E-38
  4.5000E-38  4.5000E-38  4.5000E-38  4.5000E-38  4.5000E-38
  4.5000E-38  4.5000E-38  4.5000E-38  4.5000E-38  4.5000E-38
  4.5000E-38  4.5000E-38  4.5000E-38  4.5000E-38  4.5000E-38
  4.5000E-38  4.5000E-38  4.5000E-38  4.5000E-38  4.5000E-38
  4.5000E-38  4.5000E-38  4.5000E-38  4.5000E-38  4.5000E-38
  4.5000E-38  4.5000E-38  4.5000E-38  4.5000E-38  4.5000E-38
  4.5000E-38  4.5000E-38  4.5000E-38  4.5000E-38  4.5000E-38
  4.5000E-38  4.5000E-38  4.5000E-38  4.5000E-38  4.5000E-38
  4.5000E-38  4.5000E-38  4.5000E-38  4.5000E-38  4.5000E-38
  4.5000E-38  4.5000E-38  4.5000E-38  4.5000E-38  4.5000E-38
  4.5000E-38  4.5000E-38  4.5000E-38  4.5000E-38  4.5000E-38
  4.5000E-38  4.5000E-38  4.5000E-38  4.5000E-38  4.5000E-38
  4.5000E-38  4.5000E-38  4.5000E-38  4.5000E-38  4.5000E-38
  4.5000E-38  4.5000E-38  4.5000E-38  4.5000E-38  4.5000E-38
  4.5000E-38  4.5000E-38  4.5000E-38  4.5000E-38  4.5000E-38
  4.5000E-38  4.5000E-38  4.5000E-38  4.5000E-38  4.5000E-38
  4.5000E-38  4.5000E-38  4.5000E-38  4.5000E-38  4.5000E-38
  4.5000E-38  4.5000E-38  4.5000E-38  4.5000E-38  4.5000E-38
  4.5000E-38  4.5000E-38  4.5000E-38  4.5000E-38  4.5000E-38
  4.5000E-38  4.5000E-38  4.5000E-38  4.5000E-38  4.5000E-38
  4.5000E-38  4.5000E-38  4.5000E-38  4.5000E-38  4.5000E-38
  4.5000E-38  4.5000E-38  4.5000E-38  4.5000E-38  4.5000E-38
  4.5000E-38  4.5000E-38  4.5000E-38  4.5000E-38  4.5000E-38
  4.5000E-38  4.5000E-38  4.5000E-38  4.5000E-38  4.5000E-38
  4.5000E-38  4.5000E-38  4.5000E-38  4.5000E-38  4.5000E-38
  4.5000E-38  4.5000E-38  4.5000E-38  4.5000E-38  4.5000E-38
  4.5000E-38  4.5000E-38  4.5000E-38  4.5000E-38  4.5000E-38
  4.5000E-38  4.5000E-38  4.5000E-38  4.5000E-38  4.5000E-38
  4.5000E-38  4.5000E-38  4.5000E-38  4.5000E-38  4.5000E-38
  4.5000E-38  4.5000E-38  4.5000E-38  4.5000E-38  4.5000E-38
  4.5000E-38  4.5000E-38  4.5000E-38  4.5000E-38  4.5000E-38
  4.5000E-38  4.5000E-38  4.5000E-38  4.5000E-38  4.5000E-38
  4.5000E-38  4.5000E-38  4.5000E-38  4.5000E-38  4.5000E-38
  4.5000E-38  4.5000E-38  4.5000E-38  4.5000E-38  4.5000E-38
  4.5000E-38  4.5000E-38  4.5000E-38  4.5000E-38  4.5000E-38
  4.5000E-38  4.5000E-38  4.5000E-38  4.5000E-38  4.5000E-38
  4.5000E-38  4.5000E-38  4.5000E-38  4.5000E-38  4.5000E-38
  4.5000E-38  4.5000E-38  4.5000E-38  4.5000E-38  4.5000E-38
  4.5000E-38  4.5000E-38  4.5000E-38  4.5000E-38  4.5000E-38
  4.5000E-38  4.5000E-38  4.5000E-38  4.5000E-38  4.5000E-38
  4.5000E-38  4.5000E-38  4.5000E-38  4.5000E-38  4.5000E-38
  4.5000E-38  4.5000E-38  4.5000E-38  4.5000E-38  4.5000E-38
  4.5000E-38  4.5000E-38  4.5000E-38  4.5000E-38  4.5000E-38
  4.5000E-38  4.5000E-38  4.5000E-38  4.5000E-38  4.5000E-38
  4.5000E-38  4.5000E-38  4.5000E-38  4.5000E-38  4.5000E-38
  4.5000E-38  4.5000E-38  4.5000E-38  4.5000E-38  4.5000E-38
  4.5000E-38  4.5000E-38  4.5000E-38  4.5000E-38  4.5000E-38
  4.5000E-38  4.5000E-38  4.5000E-38  4.5000E-38  4.5000E-38
  4.5000E-38  4.5000E-38  4.5000E-38  4.5000E-38  4.5000E-38
  4.5000E-38  4.5000E-38  4.5000E-38  4.5000E-38  4.5000E-38
  4.5000E-38  4.5000E-38  4.5000E-38  4.5000E-38  4.5000E-38
  4.5000E-38  4.5000E-38  4.5000E-38  4.5000E-38  4.5000E-38
  4.5000E-38  4.5000E-38  4.5000E-38  4.5000E-38  4.5000E-38
  4.5000E-38  4.5000E-38  4.5000E-38  4.5000E-38  4.5000E-38
  4.5000E-38  4.5000E-38  4.5000E-38  4.5000E-38  4.5000E-38
  4.5000E-38  4.5000E-38  4.5000E-38  4.5000E-38  4.5000E-38
  4.5000E-38  4.5000E-38  4.5000E-38  4.5000E-38  4.5000E-38
  4.5000E-38  4.5000E-38  4.5000E-38  4.5000E-38  4.5000E-38
  4.5000E-38  4.5000E-38  4.5000E-38  4.5000E-38  4.5000E-38
  4.5000E-38  4.5000E-38  4.5000E-38  4.5000E-38  4.5000E-38
  4.5000E-38  4.5000E-38  4.5000E-38  4.5000E-38  4.5000E-38
  4.5000E-38  4.5000E-38  4.5000E-38  4.5000E-38  4.5000E-38
  4.5000E-38  4.5000E-38  4.5000E-38  4.5000E-38  4.5000E-38
  4.5000E-38  4.5000E-38  4.5000E-38  4.5000E-38  4.5000E-38
  4.5000E-38  4.5000E-38  4.5000E-38  4.5000E-38  4.5000E-38
  4.5000E-38  4.5000E-38  4.5000E-38  4.5000E-38  4.5000E-38
  4.5000E-38  4.5000E-38  4.5000E-38  4.5000E-38  4.5000E-38
  4.5000E-38  4.5000E-38  4.5000E-38  4.5000E-38  4.5000E-38
  4.5000E-38  4.5000E-38  4.5000E-38  4.5000E-38  4.5000E-38
  4.5000E-38  4.5000E-38  4.5000E-38  4.5000E-38  4.5000E-38
  4.5000E-38  4.5000E-38  4.5000E-38  4.5000E-38  4.5000E-38
  4.5000E-38  4.5000E-38  4.5000E-38  4.5000E-38  4.5000E-38
  4.5000E-38  4.5000E-38  4.5000E-38  4.5000E-38  4.5000E-38
  4.5000E-38  4.5000E-38  4.5000E-38  4.5000E-38  4.5000E-38
  4.5000E-38  4.5000E-38  4.5000E-38  4.5000E-38  4.5000E-38
  4.5000E-38  4.5000E-38  4.5000E-38  4.5000E-38  4.5000E-38
  4.5000E-38  4.5000E-38  4.5000E-38  4.5000E-38  4.5000E-38
  4.5000E-38  4.5000E-38  4.5000E-38  4.5000E-38  4.5000E-38
  4.5000E-38  4.5000E-38  4.5000E-38  4.5000E-38  4.5000E-38
  4.5000E-38  4.5000E-38  4.5000E-38  4.5000E-38  4.5000E-38
  4.5000E-38  4.5000E-38  4.5000E-38  4.5000E-38  4.5000E-38
  4.5000E-38  4.5000E-38  4.5000E-38  4.5000E-38  4.5000E-38
  4.5000E-38  4.5000E-38  4.5000E-38  4.5000E-38  4.5000E-38
  4.5000E-38  4.5000E-38  4.5000E-38  4.5000E-38  4.5000E-38
  4.5000E-38  4.5000E-38  4.5000E-38  4.5000E-38  4.5000E-38
  4.5000E-38  4.5000E-38  4.5000E-38  4.5000E-38  4.5000E-38
  4.5000E-38  4.5000E-38  4.5000E-38  4.5000E-38  4.5000E-38
  4.5000E-38  4.5000E-38  4.5000E-38  4.5000E-38  4.5000E-38
  4.5000E-38  4.5000E-38  4.5000E-38  4.5000E-38  4.5000E-38
  4.5000E-38  4.5000E-38  4.5000E-38  4.5000E-38  4.5000E-38
  4.5000E-38  4.5000E-38  4.5000E-38  4.5000E-38  4.5000E-38
  4.5000E-38  4.5000E-38  4.5000E-38  4.5000E-38  4.5000E-38
  4.5000E-38  4.5000E-38  4.5000E-38  4.5000E-38  4.5000E-38
  4.5000E-38  4.5000E-38  4.5000E-38  4.5000E-38  4.5000E-38
  4.5000E-38  4.5000E-38  4.5000E-38  4.5000E-38  4.5000E-38
  4.5000E-38  4.5000E-38  4.5000E-38  4.5000E-38  4.5000E-38
  4.5000E-38  4.5000E-38  4.5000E-38  4.5000E-38  4.5000E-38
  4.5000E-38  4.5000E-38  4.5000E-38  4.5000E-38  4.5000E-38
  4.5000E-38  4.5000E-38  4.5000E-38  4.5000E-38  4.5000E-38
  4.5000E-38  4.5000E-38  4.5000E-38  4.5000E-38  4.5000E-38
  4.5000E-38  4.5000E-38  4.5000E-38  4.5000E-38  4.5000E-38
  4.5000E-38  4.5000E-38  4.5000E-38  4.5000E-38  4.5000E-38
  4.5000E-38  4.5000E-38  4.5000E-38  4.5000E-38  4.5000E-38
  4.5000E-38  4.5000E-38  4.5000E-38  4.5000E-38  4.5000E-38
  4.5000E-38  4.5000E-38  4.5000E-38  4.5000E-38  4.5000E-38
  4.5000E-38  4.5000E-38  4.5000E-38  4.5000E-38  4.5000E-38
  4.5000E-38  4.5000E-38  4.5000E-38  4.5000E-38  4.5000E-38
  4.5000E-38  4.5000E-38  4.5000E-38  4.5000E-38  4.5000E-38
  4.5000E-38  4.5000E-38  4.5000E-38  4.5000E-38  4.5000E-38
  4.5000E-38  4.5000E-38  4.5000E-38  4.5000E-38  4.5000E-38
  4.5000E-38  4.5000E-38  4.5000E-38  4.5000E-38  4.5000E-38
  4.5000E-38  4.5000E-38  4.5000E-38  4.5000E-38  4.5000E-38
  4.5005E-38  1.2704E-21  8.4155E-31  9.8885E-30  4.1699E-30
  4.5005E-38  4.2349E-22  1.4667E-31  1.7234E-30  7.2676E-31
  4.5005E-38  1.2706E-22  2.2549E-32  2.6495E-31  1.1173E-31
  4.5005E-38  4.2353E-23  4.1865E-33  4.9193E-32  2.0744E-32
  4.5005E-38  1.2706E-23  6.7239E-34  7.9008E-33  3.3318E-33
  4.5006E-38  4.2354E-24  1.2788E-34  1.5026E-33  6.3362E-34
  4.5005E-38  1.2706E-24  2.0856E-35  2.4506E-34  1.0334E-34
  4.5005E-38  4.2352E-25  3.9982E-36  4.6980E-35  1.9811E-35
  4.5005E-38  1.2704E-25  6.5537E-37  7.7008E-36  3.2474E-36
  4.5005E-38  4.2349E-26  1.2598E-37  1.4802E-36  6.2420E-37
  4.5005E-38  1.2705E-26  4.5005E-38  2.4304E-37  1.0249E-37
  4.5005E-38  4.2349E-27  4.5005E-38  4.6755E-38  4.5005E-38
  4.5005E-38  1.2705E-27  4.5005E-38  4.5005E-38  4.5005E-38
  4.5005E-38  4.2349E-28  4.5005E-38  4.5005E-38  4.5005E-38
  4.5005E-38  1.2705E-28  4.5005E-38  4.5005E-38  4.5005E-38
  4.5005E-38  4.2349E-29  4.5005E-38  4.5005E-38  4.5005E-38
  4.5005E-38  1.2705E-29  4.5005E-38  4.5005E-38  4.5005E-38
  4.5005E-38  4.2349E-30  4.5005E-38  4.5005E-38  4.5005E-38
  2.1005E-35  1.7405E-19  2.9758E-27  2.9582E-26  1.1036E-26
  4.0425E-36  5.8023E-20  4.3987E-28  4.3727E-27  1.9311E-27
  6.6426E-37  1.7409E-20  5.8793E-29  5.8445E-28  2.5811E-28
  1.2784E-37  5.8035E-21  9.9861E-30  9.9271E-29  4.3841E-29
  4.5005E-38  1.7412E-21  1.5060E-30  1.4971E-29  6.6117E-30
  4.5005E-38  5.8041E-22  2.7654E-31  2.7490E-30  1.2140E-30
  4.5005E-38  1.7412E-22  4.4090E-32  4.3829E-31  1.9356E-31
  4.5006E-38  5.8041E-23  8.3521E-33  8.3027E-32  3.6668E-32
  4.5005E-38  1.7412E-23  1.3588E-33  1.3508E-32  5.9653E-33
  4.5006E-38  5.8038E-24  2.6015E-34  2.5862E-33  1.1421E-33
  4.5005E-38  1.7411E-24  4.2613E-35  4.2361E-34  1.8708E-34
  4.5005E-38  5.8037E-25  8.1875E-36  8.1391E-35  3.5945E-35
  4.5005E-38  1.7411E-25  1.3440E-36  1.3361E-35  5.9004E-36
  4.5005E-38  5.8038E-26  2.5852E-37  2.5699E-36  1.1349E-36
  4.5005E-38  1.7411E-26  4.5005E-38  4.2215E-37  1.8643E-37
  4.5005E-38  5.8038E-27  4.5005E-38  8.1229E-38  4.5005E-38
  4.5005E-38  1.7411E-27  4.5005E-38  4.5005E-38  4.5005E-38
  4.5005E-38  5.8038E-28  4.5005E-38  4.5005E-38  4.5005E-38
  5.7078E-32  1.3706E-17  6.2834E-24  5.3824E-23  9.3355E-25
  1.0984E-32  4.5689E-18  7.9364E-25  6.7985E-24  3.5375E-25
  1.8049E-33  1.3709E-18  8.8216E-26  7.5568E-25  1.3107E-25
  3.4736E-34  4.5701E-19  1.2821E-26  1.0982E-25  5.0517E-26
  5.7078E-35  1.3712E-19  1.6846E-27  1.4431E-26  6.6379E-27
  1.0984E-35  4.5710E-20  2.8263E-28  2.4211E-27  1.1136E-27
  1.8049E-36  1.3715E-20  4.2219E-29  3.6166E-28  1.6635E-28
  3.4735E-37  4.5715E-21  7.7091E-30  6.6038E-29  3.0376E-29
  5.7073E-38  1.3715E-21  1.2244E-30  1.0489E-29  4.8246E-30
  4.5006E-38  4.5714E-22  2.3147E-31  1.9828E-30  9.1205E-31
  4.5005E-38  1.3714E-22  3.7611E-32  3.2218E-31  1.4820E-31
  4.5005E-38  4.5714E-23  7.1967E-33  6.1647E-32  2.8356E-32
  4.5005E-38  1.3714E-23  1.1783E-33  1.0093E-32  4.6428E-33
  4.5005E-38  4.5713E-24  2.2635E-34  1.9389E-33  8.9187E-34
  4.5005E-38  1.3714E-24  3.7150E-35  3.1824E-34  1.4638E-34
  4.5005E-38  4.5713E-25  7.1455E-36  6.1209E-35  2.8155E-35
  4.5005E-38  1.3714E-25  1.1737E-36  1.0054E-35  4.6247E-36
  4.5005E-38  4.5713E-26  2.2584E-37  1.9345E-36  8.8986E-37
  6.7174E-29  6.7737E-16  7.2695E-21  5.2147E-20  6.1056E-23
  1.2928E-29  2.2580E-16  8.4836E-22  6.3602E-21  2.1377E-23
  2.1242E-30  6.7742E-17  8.3500E-23  6.2599E-22  7.0132E-24
  4.0879E-31  2.2583E-17  1.0563E-23  7.9192E-23  2.6616E-24
  6.7171E-32  6.7756E-18  1.1766E-24  8.8214E-24  9.8829E-25
  1.2928E-32  2.2588E-18  1.7138E-25  1.2849E-24  4.3182E-25
  2.1241E-33  6.7773E-19  2.2569E-26  1.6919E-25  8.0685E-26
  4.0879E-34  2.2593E-19  3.7924E-27  2.8432E-26  1.3559E-26
  6.7168E-35  6.7782E-20  5.6720E-28  4.2523E-27  2.0278E-27
  1.2926E-35  2.2594E-20  1.0364E-28  7.7699E-28  3.7053E-28
  2.1237E-36  6.7781E-21  1.6470E-29  1.2347E-28  5.8882E-29
  4.0872E-37  2.2594E-21  3.1145E-30  2.3349E-29  1.1134E-29
  6.7159E-38  6.7782E-22  5.0616E-31  3.7947E-30  1.8096E-30
  4.5005E-38  2.2594E-22  9.6860E-32  7.2615E-31  3.4629E-31
  4.5005E-38  6.7782E-23  1.5860E-32  1.1890E-31  5.6701E-32
  4.5005E-38  2.2595E-23  3.0467E-33  2.2841E-32  1.0892E-32
  4.5005E-38  6.7783E-24  5.0006E-34  3.7490E-33  1.7878E-33
  4.5005E-38  2.2595E-24  9.6182E-35  7.2108E-34  3.4386E-34
  3.8824E-26  2.2539E-14  4.4390E-18  2.0073E-18  2.8234E-21
  7.4703E-27  7.5121E-15  5.0247E-19  6.8173E-19  9.5893E-22
  1.2274E-27  2.2537E-15  4.6873E-20  2.1199E-19  2.9818E-22
  2.3622E-28  7.5125E-16  5.5050E-21  3.6599E-20  1.0506E-22
  3.8816E-29  2.2539E-16  5.4767E-22  3.6411E-21  3.4839E-23
  7.4700E-30  7.5137E-17  7.0240E-23  4.6700E-22  1.3405E-23
  1.2274E-30  2.2544E-17  7.9722E-24  5.3003E-23  5.0716E-24
  2.3622E-31  7.5156E-18  1.1826E-24  7.8626E-24  2.2570E-24
  3.8815E-32  2.2549E-18  1.5862E-25  1.0546E-24  5.1937E-25
  7.4695E-33  7.5168E-19  2.7008E-26  1.7956E-25  8.8433E-26
  1.2273E-33  2.2551E-19  4.0804E-27  2.7128E-26  1.3361E-26
  2.3618E-34  7.5170E-20  7.5008E-28  4.9869E-27  2.4560E-27
  3.8808E-35  2.2552E-20  1.1967E-28  7.9568E-28  3.9187E-28
  7.4686E-36  7.5173E-21  2.2681E-29  1.5079E-28  7.4262E-29
  1.2272E-36  2.2552E-21  3.6910E-30  2.4540E-29  1.2085E-29
  2.3618E-37  7.5174E-22  7.0682E-31  4.6993E-30  2.3144E-30
  4.5005E-38  2.2552E-22  1.1578E-31  7.6980E-31  3.7912E-31
  4.5005E-38  7.5174E-23  2.2248E-32  1.4792E-31  7.2847E-32
  2.6554E-19  1.2989E-10  1.1981E-11  1.8088E-14  4.0085E-17
  5.1128E-20  4.3285E-11  3.9998E-12  6.0386E-15  1.3382E-17
  8.3986E-21  1.2980E-11  3.6944E-13  1.8165E-15  4.0253E-18
  1.6156E-21  4.3247E-12  4.1222E-14  6.0832E-16  1.3481E-18
  2.6546E-22  1.2973E-12  3.7457E-15  1.8427E-16  4.0835E-19
  5.1090E-23  4.3242E-13  4.2274E-16  6.2393E-17  1.3827E-19
  8.3953E-24  1.2973E-13  3.9202E-17  1.9286E-17  4.2739E-20
  1.6157E-24  4.3245E-14  4.5635E-18  6.7356E-18  1.4926E-20
  2.6549E-25  1.2975E-14  4.4725E-19  2.2005E-18  4.8761E-21
  5.1093E-26  4.3251E-15  5.6265E-20  2.7764E-19  1.8402E-21
  8.3952E-27  1.2977E-15  6.2187E-21  3.0687E-20  6.7800E-22
  1.6156E-27  4.3259E-16  8.9860E-22  4.4341E-21  2.9392E-22
  2.6544E-28  1.2979E-16  1.1738E-22  5.7922E-22  1.2798E-22
  5.1084E-29  4.3266E-17  1.9608E-23  9.6756E-23  5.1555E-23
  8.3940E-30  1.2981E-17  2.9192E-24  1.4405E-23  7.6755E-24
  1.6154E-30  4.3271E-18  5.3197E-25  2.6250E-24  1.3988E-24
  2.6544E-31  1.2982E-18  8.4385E-26  4.1640E-25  2.2188E-25
  5.1084E-32  4.3273E-19  1.5942E-26  7.8664E-26  4.1916E-26
  5.2868E-15  9.8029E-08  1.0893E-08  1.6837E-11  5.4776E-14
  1.7635E-15  3.2699E-08  4.0149E-09  6.1697E-12  1.9637E-14
  5.2918E-16  9.8120E-09  1.2560E-09  1.9255E-12  6.0759E-15
  1.7638E-16  3.2704E-09  4.2423E-10  6.4995E-13  2.0457E-15
  4.6395E-17  9.8074E-10  1.2798E-10  1.9602E-13  6.1641E-16
  8.9522E-18  3.2677E-10  4.2801E-11  6.5552E-14  2.0607E-16
  1.4737E-18  9.8012E-11  7.4048E-12  1.9765E-14  6.2132E-17
  2.8389E-19  3.2670E-11  8.2907E-13  6.6396E-15  2.0871E-17
  4.6679E-20  9.8011E-12  7.5722E-14  2.0214E-15  6.3539E-18
  8.9864E-21  3.2671E-12  8.6121E-15  6.8972E-16  2.1680E-18
  1.4769E-21  9.8016E-13  8.1002E-16  2.1625E-16  6.7970E-19
  2.8425E-22  3.2673E-13  9.6281E-17  7.7111E-17  2.4238E-19
  4.6708E-23  9.8023E-14  9.7688E-18  2.6080E-17  8.1978E-20
  8.9886E-24  3.2677E-14  1.2840E-18  5.0353E-18  3.2324E-20
  1.4770E-24  9.8041E-15  1.5046E-19  5.9007E-19  1.2627E-20
  2.8424E-25  3.2684E-15  2.2995E-20  9.0183E-20  5.7894E-21
  4.6707E-26  9.8063E-16  3.1733E-21  1.2445E-20  2.6631E-21
  8.9886E-27  3.2690E-16  5.5107E-22  2.1613E-21  1.2225E-21
  6.2994E-13  3.5142E-06  1.2423E-07  2.1367E-10  1.5287E-12
  4.3216E-13  3.5142E-06  1.2420E-07  2.1363E-10  1.5282E-12
  2.4071E-13  1.8008E-06  9.3465E-08  1.5649E-10  9.3773E-13
  1.2762E-13  6.0743E-07  5.1996E-08  8.4044E-11  4.1762E-13
  5.9911E-14  1.8303E-07  2.2742E-08  3.5881E-11  1.6012E-13
  1.9994E-14  6.1080E-08  9.1576E-09  1.4291E-11  6.0985E-14
  5.9983E-15  1.8324E-08  3.0069E-09  4.6693E-12  1.9545E-14
  1.9989E-15  6.1064E-09  1.0340E-09  1.6032E-12  6.6703E-15
  5.9961E-16  1.8317E-09  3.1490E-10  4.8789E-13  2.0255E-15
  1.2550E-16  6.1058E-10  1.0594E-10  1.6410E-13  6.8081E-16
  2.0721E-17  1.8317E-10  1.1384E-11  4.9849E-14  2.0676E-16
  3.9975E-18  6.1059E-11  1.2870E-12  1.6908E-14  7.0125E-17
  6.5783E-19  1.8318E-11  1.1966E-13  5.2406E-15  2.1735E-17
  1.2669E-19  6.1060E-12  1.3984E-14  1.8374E-15  7.6205E-18
  2.0825E-20  1.8318E-12  1.3797E-15  6.0430E-16  2.5063E-18
  4.0087E-21  6.1066E-13  1.7509E-16  2.3008E-16  9.5422E-19
  6.5878E-22  1.8322E-13  1.9590E-17  6.4032E-17  3.5588E-19
  1.2679E-22  6.1081E-14  2.8658E-18  9.3670E-18  1.5619E-19
  4.3602E-12  3.5052E-06  1.3511E-07  2.3568E-10  2.2395E-12
  3.9248E-12  3.5046E-06  1.3492E-07  2.3533E-10  2.2334E-12
  3.3039E-12  3.5042E-06  1.3480E-07  2.3509E-10  2.2294E-12
  2.6492E-12  3.5039E-06  1.3472E-07  2.3495E-10  2.2270E-12
  1.9332E-12  3.5037E-06  1.3463E-07  2.3481E-10  2.2247E-12
  1.3675E-12  3.5036E-06  1.3452E-07  2.3465E-10  2.2221E-12
  6.8393E-13  1.2427E-06  8.6912E-08  1.4570E-10  1.0518E-12
  3.4123E-13  4.1757E-07  4.7065E-08  7.6432E-11  4.6564E-13
  1.5164E-13  1.2559E-07  1.9960E-08  3.1746E-11  1.7571E-13
  5.9641E-14  4.1893E-08  7.9043E-09  1.2449E-11  6.6287E-14
  1.7898E-14  1.2572E-08  2.5876E-09  4.0563E-12  2.1243E-14
  5.9666E-15  4.1910E-09  8.9321E-10  1.3978E-12  7.2817E-15
  1.4825E-15  1.2574E-09  2.7007E-10  4.2860E-13  2.2286E-15
  2.8811E-16  4.1911E-10  3.0654E-11  1.4607E-13  7.5909E-16
  4.7622E-17  1.2574E-10  2.8496E-12  4.5282E-14  2.3526E-16
  9.1925E-18  4.1911E-11  3.3263E-13  1.5860E-14  8.2396E-17
  1.5133E-18  1.2575E-11  3.2750E-14  5.2056E-15  2.7043E-17
  2.9150E-19  4.1917E-12  4.1448E-15  1.9765E-15  1.0268E-17
  1.6610E-11  3.5274E-06  1.5553E-07  2.7723E-10  3.7953E-12
  1.5399E-11  3.5142E-06  1.5173E-07  2.6960E-10  3.5856E-12
  1.4482E-11  3.5050E-06  1.4917E-07  2.6450E-10  3.4520E-12
  1.3766E-11  3.4999E-06  1.4779E-07  2.6176E-10  3.3822E-12
  1.2894E-11  3.4966E-06  1.4690E-07  2.6000E-10  3.3382E-12
  1.1858E-11  3.4948E-06  1.4642E-07  2.5906E-10  3.3150E-12
  1.0345E-11  3.4937E-06  1.4608E-07  2.5842E-10  3.2994E-12
  8.5821E-12  3.4930E-06  1.4582E-07  2.5797E-10  3.2887E-12
  6.1964E-12  3.4925E-06  1.4527E-07  2.5716E-10  3.2698E-12
  3.8688E-12  3.4910E-06  1.4361E-07  2.5482E-10  3.2173E-12
  1.6581E-12  1.1370E-06  9.0452E-08  1.5439E-10  1.4381E-12
  8.3388E-13  3.8189E-07  4.9562E-08  8.1966E-11  6.4171E-13
  3.9384E-13  1.1489E-07  2.1599E-08  3.4900E-11  2.4743E-13
  1.8761E-13  3.8333E-08  8.8005E-09  1.4052E-11  9.5596E-14
  7.6377E-14  1.1503E-08  2.9610E-09  4.6977E-12  3.1381E-14
  2.6623E-14  3.8347E-09  1.0450E-09  1.6535E-12  1.0979E-14
  5.8139E-15  1.1504E-09  1.1309E-10  5.2460E-13  3.4753E-15
  1.1361E-15  3.8351E-10  1.3197E-11  1.8394E-13  1.2176E-15
  1.0632E-10  3.6531E-06  2.0781E-07  3.8769E-10  1.0320E-11
  7.6131E-11  3.6229E-06  1.9625E-07  3.6266E-10  8.4121E-12
  5.6775E-11  3.5876E-06  1.8402E-07  3.3669E-10  6.8848E-12
  4.6453E-11  3.5576E-06  1.7464E-07  3.1711E-10  5.9513E-12
  3.9729E-11  3.5312E-06  1.6699E-07  3.0135E-10  5.3040E-12
  3.5951E-11  3.5138E-06  1.6226E-07  2.9170E-10  4.9462E-12
  3.3101E-11  3.5012E-06  1.5896E-07  2.8503E-10  4.7140E-12
  3.0904E-11  3.4941E-06  1.5713E-07  2.8135E-10  4.5905E-12
  2.8204E-11  3.4893E-06  1.5588E-07  2.7890E-10  4.5103E-12
  2.4442E-11  3.4867E-06  1.5503E-07  2.7734E-10  4.4605E-12
  1.7365E-11  3.4842E-06  1.5357E-07  2.7503E-10  4.3898E-12
  1.0364E-11  3.4795E-06  1.5050E-07  2.7045E-10  4.2570E-12
  5.9258E-12  3.4692E-06  1.4522E-07  2.6259E-10  4.0401E-12
  3.2176E-12  1.3691E-06  1.0140E-07  1.7789E-10  2.1204E-12
  1.6140E-12  4.1470E-07  5.4678E-08  9.2502E-11  8.9719E-13
  8.3987E-13  1.3865E-07  2.6688E-08  4.4062E-11  3.8619E-13
  3.8983E-13  4.1641E-08  1.0521E-08  1.7076E-11  1.4193E-13
  1.8144E-13  1.3886E-08  4.0865E-09  6.5733E-12  5.3524E-14
  9.6041E-10  3.7163E-06  2.3710E-07  4.5203E-10  1.9144E-11
  6.4584E-10  3.7078E-06  2.3353E-07  4.4460E-10  1.8189E-11
  4.1009E-10  3.6931E-06  2.2744E-07  4.3126E-10  1.6223E-11
  2.7344E-10  3.6729E-06  2.1960E-07  4.1393E-10  1.3971E-11
  1.8203E-10  3.6434E-06  2.0883E-07  3.9033E-10  1.1511E-11
  1.3229E-10  3.6113E-06  1.9809E-07  3.6714E-10  9.6199E-12
  9.9625E-11  3.5750E-06  1.8701E-07  3.4357E-10  8.0820E-12
  8.1400E-11  3.5453E-06  1.7868E-07  3.2615E-10  7.1316E-12
  6.8170E-11  3.5199E-06  1.7200E-07  3.1233E-10  6.4680E-12
  5.8485E-11  3.5035E-06  1.6789E-07  3.0393E-10  6.0980E-12
  4.4790E-11  3.4917E-06  1.6488E-07  2.9792E-10  5.8482E-12
  2.6151E-11  3.4843E-06  1.6255E-07  2.9364E-10  5.6782E-12
  1.1114E-11  3.4756E-06  1.5883E-07  2.8755E-10  5.4531E-12
  5.7909E-12  3.4638E-06  1.5405E-07  2.8004E-10  5.1932E-12
  3.2052E-12  3.4448E-06  1.4701E-07  2.6908E-10  4.8382E-12
  1.8692E-12  2.5016E-06  1.2644E-07  2.3085E-10  3.7036E-12
  1.0050E-12  7.6343E-07  7.5289E-08  1.3261E-10  1.6471E-12
  5.6770E-13  2.5584E-07  4.0151E-08  6.8652E-11  7.4221E-13
  2.8151E-09  3.7263E-06  2.4056E-07  4.5132E-10  1.6018E-11
  2.4411E-09  3.7250E-06  2.4057E-07  4.5567E-10  1.8287E-11
  1.9482E-09  3.7221E-06  2.3976E-07  4.5652E-10  1.9707E-11
  1.4803E-09  3.7172E-06  2.3807E-07  4.5407E-10  1.9990E-11
  1.0260E-09  3.7083E-06  2.3479E-07  4.4748E-10  1.9259E-11
  7.0691E-10  3.6952E-06  2.3003E-07  4.3716E-10  1.7774E-11
  4.6529E-10  3.6737E-06  2.2248E-07  4.2055E-10  1.5547E-11
  3.2378E-10  3.6469E-06  2.1362E-07  4.0109E-10  1.3355E-11
  2.2783E-10  3.6113E-06  2.0269E-07  3.7744E-10  1.1195E-11
  1.7429E-10  3.5770E-06  1.9300E-07  3.5675E-10  9.6554E-12
  1.3638E-10  3.5427E-06  1.8402E-07  3.3786E-10  8.4666E-12
  1.0686E-10  3.5175E-06  1.7773E-07  3.2489E-10  7.7479E-12
  6.6737E-11  3.4965E-06  1.7222E-07  3.1407E-10  7.2028E-12
  3.5416E-11  3.4794E-06  1.6702E-07  3.0474E-10  6.7753E-12
  1.9155E-11  3.4585E-06  1.6068E-07  2.9399E-10  6.3271E-12
  1.1639E-11  3.4341E-06  1.5361E-07  2.8242E-10  5.8844E-12
  6.6739E-12  3.3932E-06  1.4257E-07  2.6453E-10  5.2586E-12
  3.9305E-12  2.7647E-06  1.2279E-07  2.2920E-10  4.1480E-12
  3.4546E-09  3.7261E-06  2.3435E-07  4.0472E-10  8.2042E-12
  3.3620E-09  3.7266E-06  2.3776E-07  4.2883E-10  1.1386E-11
  3.1946E-09  3.7264E-06  2.3971E-07  4.4464E-10  1.4879E-11
  2.9636E-09  3.7257E-06  2.4045E-07  4.5253E-10  1.7550E-11
  2.6092E-09  3.7238E-06  2.4039E-07  4.5637E-10  1.9548E-11
  2.1941E-09  3.7205E-06  2.3952E-07  4.5647E-10  2.0437E-11
  1.6919E-09  3.7140E-06  2.3747E-07  4.5311E-10  2.0434E-11
  1.2557E-09  3.7041E-06  2.3423E-07  4.4644E-10  1.9609E-11
  8.6562E-10  3.6870E-06  2.2869E-07  4.3440E-10  1.7942E-11
  6.0818E-10  3.6642E-06  2.2160E-07  4.1883E-10  1.5965E-11
  4.1988E-10  3.6313E-06  2.1195E-07  3.9778E-10  1.3696E-11
  3.0756E-10  3.5962E-06  2.0240E-07  3.7725E-10  1.1859E-11
  2.1378E-10  3.5573E-06  1.9241E-07  3.5619E-10  1.0281E-11
  1.3355E-10  3.5243E-06  1.8404E-07  3.3927E-10  9.1937E-12
  7.1228E-11  3.4897E-06  1.7510E-07  3.2228E-10  8.2451E-12
  4.3537E-11  3.4569E-06  1.6720E-07  3.0802E-10  7.5457E-12
  2.6045E-11  3.4138E-06  1.5745E-07  2.9121E-10  6.8135E-12
  1.5945E-11  3.3571E-06  1.4566E-07  2.7137E-10  6.0425E-12
  3.5578E-09  3.7193E-06  2.0818E-07  2.8465E-10  3.1179E-12
  3.5415E-09  3.7231E-06  2.2218E-07  3.4392E-10  5.0611E-12
  3.5059E-09  3.7253E-06  2.3126E-07  3.9167E-10  7.9730E-12
  3.4476E-09  3.7262E-06  2.3598E-07  4.2053E-10  1.1152E-11
  3.3382E-09  3.7263E-06  2.3881E-07  4.3994E-10  1.4691E-11
  3.1756E-09  3.7256E-06  2.4004E-07  4.4999E-10  1.7451E-11
  2.9128E-09  3.7241E-06  2.4039E-07  4.5549E-10  1.9596E-11
  2.5873E-09  3.7213E-06  2.3991E-07  4.5686E-10  2.0675E-11
  2.1346E-09  3.7154E-06  2.3837E-07  4.5491E-10  2.0948E-11
  1.6878E-09  3.7065E-06  2.3576E-07  4.4981E-10  2.0436E-11
  1.2279E-09  3.6905E-06  2.3111E-07  4.3989E-10  1.9125E-11
  8.8587E-10  3.6687E-06  2.2493E-07  4.2640E-10  1.7396E-11
  6.0143E-10  3.6360E-06  2.1606E-07  4.0714E-10  1.5224E-11
  3.9231E-10  3.5990E-06  2.0649E-07  3.8681E-10  1.3283E-11
  2.1231E-10  3.5523E-06  1.9481E-07  3.6295E-10  1.1385E-11
  1.2185E-10  3.5047E-06  1.8374E-07  3.4133E-10  9.9535E-12
  7.3196E-11  3.4471E-06  1.7197E-07  3.1925E-10  8.7177E-12
  4.6140E-11  3.3823E-06  1.6013E-07  2.9804E-10  7.7018E-12
  3.5566E-09  3.6932E-06  1.4069E-07  1.3138E-10  1.0078E-12
  3.5639E-09  3.7084E-06  1.7662E-07  2.0141E-10  1.8770E-12
  3.5617E-09  3.7175E-06  2.0386E-07  2.7922E-10  3.4231E-12
  3.5497E-09  3.7220E-06  2.1948E-07  3.3983E-10  5.5228E-12
  3.5213E-09  3.7247E-06  2.2972E-07  3.8897E-10  8.5930E-12
  3.4739E-09  3.7258E-06  2.3507E-07  4.1880E-10  1.1843E-11
  3.3837E-09  3.7259E-06  2.3830E-07  4.3894E-10  1.5343E-11
  3.2471E-09  3.7252E-06  2.3976E-07  4.4942E-10  1.7989E-11
  3.0116E-09  3.7234E-06  2.4024E-07  4.5519E-10  1.9998E-11
  2.7322E-09  3.7202E-06  2.3985E-07  4.5677E-10  2.0994E-11
  2.3252E-09  3.7138E-06  2.3839E-07  4.5504E-10  2.1251E-11
  1.8950E-09  3.7036E-06  2.3584E-07  4.5015E-10  2.0788E-11
  1.4159E-09  3.6858E-06  2.3128E-07  4.4051E-10  1.9583E-11
  9.9102E-10  3.6609E-06  2.2501E-07  4.2708E-10  1.7940E-11
  5.6563E-10  3.6216E-06  2.1528E-07  4.0662E-10  1.5724E-11
  3.0444E-10  3.5720E-06  2.0356E-07  3.8281E-10  1.3564E-11
  1.7101E-10  3.5024E-06  1.8924E-07  3.5451E-10  1.1462E-11
  1.0752E-10  3.4230E-06  1.7540E-07  3.2811E-10  9.8558E-12
  3.4979E-09  3.6017E-06  5.4978E-08  3.8475E-11  2.7316E-13
  3.5355E-09  3.6590E-06  9.5734E-08  7.7809E-11  6.0027E-13
  3.5564E-09  3.6917E-06  1.4312E-07  1.4301E-10  1.2872E-12
  3.5634E-09  3.7076E-06  1.7830E-07  2.1458E-10  2.3638E-12
  3.5606E-09  3.7170E-06  2.0488E-07  2.9151E-10  4.2166E-12
  3.5477E-09  3.7217E-06  2.2010E-07  3.4964E-10  6.6369E-12
  3.5177E-09  3.7243E-06  2.3004E-07  3.9568E-10  9.9824E-12
  3.4678E-09  3.7253E-06  2.3523E-07  4.2312E-10  1.3294E-11
  3.3731E-09  3.7252E-06  2.3833E-07  4.4137E-10  1.6613E-11
  3.2303E-09  3.7241E-06  2.3966E-07  4.5068E-10  1.8957E-11
  2.9853E-09  3.7211E-06  2.3999E-07  4.5550E-10  2.0617E-11
  2.6945E-09  3.7163E-06  2.3938E-07  4.5631E-10  2.1352E-11
  2.2964E-09  3.7070E-06  2.3758E-07  4.5369E-10  2.1401E-11
  1.8400E-09  3.6924E-06  2.3450E-07  4.4768E-10  2.0797E-11
  1.2311E-09  3.6663E-06  2.2876E-07  4.3586E-10  1.9419E-11
  6.9204E-10  3.6276E-06  2.2011E-07  4.1819E-10  1.7482E-11
  3.6058E-10  3.5613E-06  2.0661E-07  3.9107E-10  1.4944E-11
  2.1961E-10  3.4756E-06  1.9182E-07  3.6193E-10  1.2712E-11
  3.3327E-09  3.3049E-06  1.5849E-08  1.0467E-11  7.9293E-14
  3.4410E-09  3.4974E-06  3.2889E-08  2.2867E-11  1.7741E-13
  3.5081E-09  3.6112E-06  6.7010E-08  5.2044E-11  4.2792E-13
  3.5406E-09  3.6643E-06  1.0930E-07  9.9191E-11  9.0219E-13
  3.5575E-09  3.6946E-06  1.5462E-07  1.7106E-10  1.8549E-12
  3.5611E-09  3.7092E-06  1.8659E-07  2.4401E-10  3.2862E-12
  3.5537E-09  3.7178E-06  2.1005E-07  3.1704E-10  5.6310E-12
  3.5344E-09  3.7219E-06  2.2326E-07  3.6904E-10  8.4787E-12
  3.4932E-09  3.7239E-06  2.3179E-07  4.0841E-10  1.2068E-11
  3.4263E-09  3.7243E-06  2.3615E-07  4.3108E-10  1.5285E-11
  3.3020E-09  3.7231E-06  2.3864E-07  4.4565E-10  1.8199E-11
  3.1191E-09  3.7204E-06  2.3954E-07  4.5260E-10  2.0061E-11
  2.8158E-09  3.7145E-06  2.3931E-07  4.5537E-10  2.1220E-11
  2.4747E-09  3.7048E-06  2.3805E-07  4.5436E-10  2.1573E-11
  1.9570E-09  3.6867E-06  2.3503E-07  4.4907E-10  2.1236E-11
  1.2906E-09  3.6577E-06  2.2966E-07  4.3862E-10  2.0169E-11
  6.8207E-10  3.6017E-06  2.1927E-07  4.1803E-10  1.8087E-11
  4.0304E-10  3.5196E-06  2.0585E-07  3.9148E-10  1.5749E-11
  2.9653E-09  2.6128E-06  5.1439E-09  3.5014E-12  2.9143E-14
  3.2146E-09  3.0660E-06  1.0950E-08  7.5779E-12  6.3560E-14
  3.3822E-09  3.3775E-06  2.4156E-08  1.7363E-11  1.4833E-13
  3.4703E-09  3.5388E-06  4.7513E-08  3.6632E-11  3.2471E-13
  3.5229E-09  3.6321E-06  8.8048E-08  7.7602E-11  7.4716E-13
  3.5468E-09  3.6755E-06  1.3094E-07  1.3588E-10  1.4902E-12
  3.5560E-09  3.7002E-06  1.7172E-07  2.1421E-10  2.8873E-12
  3.5523E-09  3.7121E-06  1.9844E-07  2.8523E-10  4.8506E-12
  3.5338E-09  3.7189E-06  2.1726E-07  3.4985E-10  7.8079E-12
  3.4987E-09  3.7217E-06  2.2758E-07  3.9249E-10  1.1040E-11
  3.4289E-09  3.7224E-06  2.3406E-07  4.2298E-10  1.4640E-11
  3.3201E-09  3.7209E-06  2.3721E-07  4.3965E-10  1.7473E-11
  3.1259E-09  3.7167E-06  2.3870E-07  4.4954E-10  1.9734E-11
  2.8540E-09  3.7090E-06  2.3868E-07  4.5317E-10  2.0976E-11
  2.4132E-09  3.6936E-06  2.3714E-07  4.5236E-10  2.1514E-11
  1.8714E-09  3.6696E-06  2.3387E-07  4.4701E-10  2.1291E-11
  1.1097E-09  3.6210E-06  2.2631E-07  4.3278E-10  2.0044E-11
  6.5743E-10  3.5439E-06  2.1498E-07  4.1074E-10  1.8107E-11
  2.2965E-09  1.5289E-06  1.6524E-09  1.1767E-12  1.0734E-14
  2.7650E-09  2.2427E-06  3.9351E-09  2.8208E-12  2.5816E-14
  3.1123E-09  2.8546E-06  9.1854E-09  6.6812E-12  6.1588E-14
  3.3096E-09  3.2253E-06  1.8847E-08  1.4080E-11  1.3157E-13
  3.4365E-09  3.4678E-06  3.9537E-08  3.1331E-11  3.0234E-13
  3.5002E-09  3.5883E-06  7.1591E-08  6.2585E-11  6.4163E-13
  3.5354E-09  3.6566E-06  1.1708E-07  1.1979E-10  1.3858E-12
  3.5476E-09  3.6883E-06  1.5700E-07  1.8875E-10  2.5816E-12
  3.5443E-09  3.7064E-06  1.9046E-07  2.6824E-10  4.6433E-12
  3.5258E-09  3.7148E-06  2.1078E-07  3.3143E-10  7.2728E-12
  3.4823E-09  3.7188E-06  2.2446E-07  3.8318E-10  1.0777E-11
  3.4103E-09  3.7191E-06  2.3166E-07  4.1461E-10  1.4096E-11
  3.2757E-09  3.7161E-06  2.3586E-07  4.3550E-10  1.7268E-11
  3.0776E-09  3.7093E-06  2.3743E-07  4.4570E-10  1.9405E-11
  2.7416E-09  3.6953E-06  2.3723E-07  4.4990E-10  2.0822E-11
  2.2567E-09  3.6719E-06  2.3507E-07  4.4809E-10  2.1291E-11
  1.5364E-09  3.6263E-06  2.2943E-07  4.3861E-10  2.0841E-11
  9.4700E-10  3.5514E-06  2.1972E-07  4.2038E-10  1.9454E-11
  1.3145E-09  5.5725E-07  4.5855E-10  3.4192E-13  3.3954E-15
  2.0087E-09  1.1771E-06  1.3099E-09  9.7943E-13  9.7398E-15
  2.6152E-09  1.9883E-06  3.5632E-09  2.6816E-12  2.6757E-14
  2.9945E-09  2.6230E-06  7.8938E-09  6.0110E-12  6.0346E-14
  3.2562E-09  3.1091E-06  1.7403E-08  1.3594E-11  1.3836E-13
  3.3968E-09  3.3828E-06  3.4034E-08  2.7823E-11  2.9061E-13
  3.4823E-09  3.5521E-06  6.5628E-08  5.8816E-11  6.5127E-13
  3.5212E-09  3.6330E-06  1.0537E-07  1.0736E-10  1.3118E-12
  3.5366E-09  3.6782E-06  1.4998E-07  1.8044E-10  2.6102E-12
  3.5317E-09  3.6992E-06  1.8272E-07  2.5339E-10  4.4877E-12
  3.5046E-09  3.7104E-06  2.0731E-07  3.2479E-10  7.3722E-12
  3.4531E-09  3.7143E-06  2.2123E-07  3.7440E-10  1.0578E-11
  3.3518E-09  3.7134E-06  2.3004E-07  4.1093E-10  1.4207E-11
  3.1975E-09  3.7076E-06  2.3416E-07  4.3094E-10  1.7089E-11
  2.9284E-09  3.6938E-06  2.3569E-07  4.4211E-10  1.9377E-11
  2.5409E-09  3.6704E-06  2.3469E-07  4.4462E-10  2.0567E-11
  1.8701E-09  3.6238E-06  2.3016E-07  4.3870E-10  2.0804E-11
  1.2283E-09  3.5483E-06  2.2160E-07  4.2352E-10  1.9970E-11
  2.4029E-10  6.9882E-08  6.3343E-11  5.0391E-14  5.6119E-16
  6.1810E-10  2.0821E-07  2.0095E-10  1.5995E-13  1.7813E-15
  1.3495E-09  6.1171E-07  7.0590E-10  5.6284E-13  6.2739E-15
  2.0729E-09  1.2684E-06  1.9955E-09  1.5972E-12  1.7842E-14
  2.6804E-09  2.0838E-06  5.2763E-09  4.2607E-12  4.7832E-14
  3.0444E-09  2.6974E-06  1.1367E-08  9.3243E-12  1.0562E-13
  3.2868E-09  3.1561E-06  2.4226E-08  2.0542E-11  2.3732E-13
  3.4125E-09  3.4100E-06  4.5372E-08  4.0699E-11  4.8748E-13
  3.4840E-09  3.5650E-06  8.1702E-08  8.1333E-11  1.0516E-12
  3.5101E-09  3.6384E-06  1.2237E-07  1.3881E-10  2.0211E-12
  3.5074E-09  3.6790E-06  1.6383E-07  2.1658E-10  3.8013E-12
  3.4773E-09  3.6965E-06  1.9236E-07  2.8704E-10  6.1921E-12
  3.4055E-09  3.7032E-06  2.1284E-07  3.5044E-10  9.5400E-12
  3.2884E-09  3.7007E-06  2.2383E-07  3.9125E-10  1.2866E-11
  3.0767E-09  3.6880E-06  2.2993E-07  4.1863E-10  1.6171E-11
  2.7736E-09  3.6638E-06  2.3142E-07  4.3074E-10  1.8414E-11
  2.2483E-09  3.6147E-06  2.2883E-07  4.3191E-10  1.9737E-11
  1.5979E-09  3.5344E-06  2.2145E-07  4.2087E-10  1.9715E-11
  3.4684E-11  1.0237E-08  1.1952E-11  1.0070E-14  1.2414E-16
  9.8810E-11  2.9756E-08  3.5064E-11  2.9546E-14  3.6382E-16
  3.0917E-10  1.0030E-07  1.2205E-10  1.0288E-13  1.2664E-15
  7.7920E-10  2.9944E-07  3.9712E-10  3.3506E-13  4.1268E-15
  1.5893E-09  8.2468E-07  1.3700E-09  1.1593E-12  1.4303E-14
  2.2934E-09  1.5504E-06  3.6517E-09  3.1091E-12  3.8502E-14
  2.8372E-09  2.3364E-06  9.0376E-09  7.7996E-12  9.7384E-14
  3.1453E-09  2.8800E-06  1.8535E-08  1.6374E-11  2.0746E-13
  3.3405E-09  3.2664E-06  3.7453E-08  3.4693E-11  4.5368E-13
  3.4337E-09  3.4724E-06  6.5684E-08  6.5560E-11  9.0597E-13
  3.4749E-09  3.5943E-06  1.0730E-07  1.2085E-10  1.8583E-12
  3.4710E-09  3.6502E-06  1.4675E-07  1.8819E-10  3.3539E-12
  3.4233E-09  3.6783E-06  1.8200E-07  2.6654E-10  5.8334E-12
  3.3304E-09  3.6854E-06  2.0399E-07  3.2850E-10  8.7948E-12
  3.1527E-09  3.6772E-06  2.1825E-07  3.7764E-10  1.2383E-11
  2.8942E-09  3.6532E-06  2.2431E-07  4.0455E-10  1.5375E-11
  2.4582E-09  3.6011E-06  2.2466E-07  4.1638E-10  1.7714E-11
  1.8860E-09  3.5154E-06  2.1897E-07  4.1159E-10  1.8591E-11
  8.0050E-12  2.5450E-09  3.7905E-12  3.3594E-15  4.5159E-17
  1.9372E-11  6.1708E-09  9.2067E-12  8.1597E-15  1.0990E-16
  5.6967E-11  1.8303E-08  2.7465E-11  2.4343E-14  3.2746E-16
  1.6238E-10  5.3939E-08  8.2265E-11  7.2931E-14  9.8064E-16
  4.9796E-10  1.8489E-07  2.9830E-10  2.6465E-13  3.5599E-15
  1.1381E-09  5.2335E-07  9.7003E-10  8.6236E-13  1.1615E-14
  1.9885E-09  1.2248E-06  3.0763E-09  2.7502E-12  3.7174E-14
  2.5993E-09  1.9800E-06  7.4265E-09  6.7103E-12  9.1327E-14
  3.0282E-09  2.6718E-06  1.6843E-08  1.5562E-11  2.1496E-13
  3.2549E-09  3.1053E-06  3.2375E-08  3.1042E-11  4.4002E-13
  3.3843E-09  3.3945E-06  6.0455E-08  6.2173E-11  9.2989E-13
  3.4283E-09  3.5402E-06  9.6233E-08  1.0902E-10  1.7777E-12
  3.4142E-09  3.6211E-06  1.3916E-07  1.7958E-10  3.3897E-12
  3.3453E-09  3.6525E-06  1.7275E-07  2.5050E-10  5.6260E-12
  3.1939E-09  3.6570E-06  1.9843E-07  3.1905E-10  8.8246E-12
  2.9642E-09  3.6372E-06  2.1181E-07  3.6397E-10  1.2015E-11
  2.5793E-09  3.5840E-06  2.1712E-07  3.9091E-10  1.5068E-11
  2.0742E-09  3.4930E-06  2.1404E-07  3.9521E-10  1.6783E-11
  3.2230E-12  1.0912E-09  2.0216E-12  1.8737E-15  2.7247E-17
  6.5626E-12  2.2294E-09  4.1324E-12  3.8302E-15  5.5697E-17
  1.5553E-11  5.3038E-09  9.8455E-12  9.1259E-15  1.3294E-16
  3.8039E-11  1.3039E-08  2.4292E-11  2.2518E-14  3.2767E-16
  1.1410E-10  3.9943E-08  7.5332E-11  6.9842E-14  1.0159E-15
  3.2641E-10  1.2197E-07  2.3823E-10  2.2100E-13  3.2154E-15
  9.0497E-10  4.0405E-07  8.8336E-10  8.2101E-13  1.1960E-14
  1.6894E-09  9.6538E-07  2.6506E-09  2.4748E-12  3.6165E-14
  2.4449E-09  1.7872E-06  7.2731E-09  6.8658E-12  1.0108E-13
  2.9017E-09  2.4698E-06  1.5679E-08  1.5088E-11  2.2513E-13
  3.1923E-09  3.0067E-06  3.2319E-08  3.2308E-11  4.9577E-13
  3.3253E-09  3.3120E-06  5.7094E-08  6.0547E-11  9.7407E-13
  3.3699E-09  3.5000E-06  9.4979E-08  1.1104E-10  1.9555E-12
  3.3350E-09  3.5849E-06  1.3344E-07  1.7424E-10  3.4838E-12
  3.2119E-09  3.6190E-06  1.6984E-07  2.5010E-10  5.9908E-12
  3.0067E-09  3.6114E-06  1.9261E-07  3.1032E-10  8.8993E-12
  2.6551E-09  3.5616E-06  2.0529E-07  3.5463E-10  1.2195E-11
  2.1965E-09  3.4673E-06  2.0633E-07  3.7113E-10  1.4533E-11
  1.3578E-12  4.9566E-10  1.1858E-12  1.1581E-15  1.8473E-17
  2.6383E-12  9.6466E-10  2.3083E-12  2.2545E-15  3.5961E-17
  5.4582E-12  2.0014E-09  4.7914E-12  4.6799E-15  7.4648E-17
  1.0922E-11  4.0199E-09  9.6328E-12  9.4088E-15  1.5037E-16
  2.5217E-11  9.3326E-09  2.2419E-11  2.1899E-14  3.4957E-16
  6.0519E-11  2.2611E-08  5.4646E-11  5.3384E-14  8.5173E-16
  1.8115E-10  6.9951E-08  1.7253E-10  1.6861E-13  2.6905E-15
  5.0677E-10  2.1441E-07  5.5996E-10  5.4786E-13  8.7494E-15
  1.2452E-09  6.4859E-07  1.9986E-09  1.9627E-12  3.1427E-14
  2.0309E-09  1.3327E-06  5.4545E-09  5.3995E-12  8.6960E-14
  2.6749E-09  2.1461E-06  1.3497E-08  1.3598E-11  2.2187E-13
  3.0269E-09  2.7380E-06  2.6960E-08  2.7968E-11  4.6672E-13
  3.2195E-09  3.1670E-06  5.1340E-08  5.6247E-11  9.8225E-13
  3.2663E-09  3.3931E-06  8.3226E-08  9.8414E-11  1.8467E-12
  3.2000E-09  3.5153E-06  1.2377E-07  1.6305E-10  3.4606E-12
  3.0321E-09  3.5483E-06  1.5709E-07  2.2942E-10  5.6570E-12
  2.7174E-09  3.5173E-06  1.8171E-07  2.9219E-10  8.6538E-12
  2.3003E-09  3.4253E-06  1.9082E-07  3.2696E-10  1.1322E-11
  5.7752E-13  2.2556E-10  6.7402E-13  6.8901E-16  1.1921E-17
  1.2143E-12  4.7459E-10  1.4183E-12  1.4499E-15  2.5086E-17
  2.5884E-12  1.0129E-09  3.0278E-12  3.0952E-15  5.3552E-17
  5.0169E-12  1.9670E-09  5.8825E-12  6.0135E-15  1.0404E-16
  1.0361E-11  4.0761E-09  1.2202E-11  1.2474E-14  2.1622E-16
  2.0758E-11  8.2061E-09  2.4612E-11  2.5162E-14  4.3569E-16
  4.8511E-11  1.9349E-08  5.8327E-11  5.9636E-14  1.0321E-15
  1.1981E-10  4.8699E-08  1.4865E-10  1.5203E-13  2.6314E-15
  3.6313E-10  1.5717E-07  5.0056E-10  5.1246E-13  8.8764E-15
  9.0999E-10  4.5341E-07  1.6101E-09  1.6529E-12  2.8690E-14
  1.7711E-09  1.1114E-06  5.0820E-09  5.2579E-12  9.1805E-14
  2.4414E-09  1.8621E-06  1.2077E-08  1.2680E-11  2.2394E-13
  2.8966E-09  2.5725E-06  2.6387E-08  2.8540E-11  5.1634E-13
  3.0949E-09  3.0193E-06  4.7842E-08  5.4169E-11  1.0198E-12
  3.1301E-09  3.3052E-06  8.1282E-08  9.9350E-11  2.0163E-12
  3.0198E-09  3.4253E-06  1.1657E-07  1.5600E-10  3.5202E-12
  2.7481E-09  3.4427E-06  1.5040E-07  2.2347E-10  5.8844E-12
  2.3647E-09  3.3678E-06  1.6893E-07  2.7245E-10  8.3882E-12
  1.7117E-13  7.1958E-11  2.7355E-13  2.9380E-16  5.5593E-18
  4.1519E-13  1.7458E-10  6.6370E-13  7.1282E-16  1.3488E-17
  1.0185E-12  4.2847E-10  1.6291E-12  1.7497E-15  3.3108E-17
  2.1569E-12  9.0801E-10  3.4532E-12  3.7088E-15  7.0177E-17
  4.6177E-12  1.9468E-09  7.4074E-12  7.9558E-15  1.5054E-16
  8.9554E-12  3.7843E-09  1.4411E-11  1.5478E-14  2.9343E-16
  1.8456E-11  7.8328E-09  2.9883E-11  3.2098E-14  6.0783E-16
  3.6954E-11  1.5789E-08  6.0454E-11  6.4941E-14  1.2292E-15
  8.7221E-11  3.7805E-08  1.4611E-10  1.5700E-13  2.9717E-15
  2.1819E-10  9.7665E-08  3.8638E-10  4.1544E-13  7.8678E-15
  6.2316E-10  3.0681E-07  1.3082E-09  1.4097E-12  2.6745E-14
  1.3227E-09  7.7067E-07  3.8757E-09  4.1997E-12  8.0033E-14
  2.1381E-09  1.5462E-06  1.0658E-08  1.1707E-11  2.2563E-13
  2.6465E-09  2.2511E-06  2.2614E-08  2.5433E-11  5.0011E-13
  2.9098E-09  2.8225E-06  4.4377E-08  5.2162E-11  1.0677E-12
  2.9272E-09  3.1316E-06  7.2606E-08  9.0769E-11  1.9776E-12
  2.7406E-09  3.2736E-06  1.0796E-07  1.4751E-10  3.5731E-12
  2.4066E-09  3.2560E-06  1.3497E-07  2.0123E-10  5.5467E-12
  4.6043E-14  2.0615E-11  9.6478E-14  1.0815E-16  2.2150E-18
  1.2639E-13  5.6589E-11  2.6484E-13  2.9689E-16  6.0804E-18
  3.5569E-13  1.5928E-10  7.4550E-13  8.3570E-16  1.7116E-17
  8.5524E-13  3.8311E-10  1.7933E-12  2.0102E-15  4.1170E-17
  2.0722E-12  9.2885E-10  4.3489E-12  4.8751E-15  9.9844E-17
  4.3392E-12  1.9471E-09  9.1204E-12  1.0224E-14  2.0940E-16
  9.2088E-12  4.1409E-09  1.9416E-11  2.1767E-14  4.4651E-16
  1.7820E-11  8.0407E-09  3.7768E-11  4.2343E-14  8.6784E-16
  3.7077E-11  1.6842E-08  7.9420E-11  8.9051E-14  1.8243E-15
  7.6513E-11  3.5157E-08  1.6707E-10  1.8737E-13  3.8390E-15
  1.9087E-10  9.0174E-08  4.3763E-10  4.9116E-13  1.0069E-14
  4.7600E-10  2.3950E-07  1.2245E-09  1.3767E-12  2.8266E-14
  1.1345E-09  6.6131E-07  3.9038E-09  4.4134E-12  9.1165E-14
  1.8764E-09  1.3162E-06  9.9454E-09  1.1375E-11  2.3729E-13
  2.4674E-09  2.0912E-06  2.2993E-08  2.6956E-11  5.7486E-13
  2.7019E-09  2.6353E-06  4.2495E-08  5.1766E-11  1.1451E-12
  2.6620E-09  2.9770E-06  7.1687E-08  9.3057E-11  2.2025E-12
  2.4053E-09  3.0715E-06  1.0001E-07  1.3994E-10  3.6372E-12
  1.2664E-14  5.9857E-12  3.3603E-14  3.9116E-17  8.6028E-19
  3.6843E-14  1.7415E-11  9.7769E-14  1.1381E-16  2.5030E-18
  1.1561E-13  5.4649E-11  3.0680E-13  3.5714E-16  7.8543E-18
  3.1084E-13  1.4695E-10  8.2502E-13  9.6038E-16  2.1121E-17
  8.5255E-13  4.0315E-10  2.2637E-12  2.6350E-15  5.7951E-17
  1.9968E-12  9.4473E-10  5.3059E-12  6.1764E-15  1.3583E-16
  4.6904E-12  2.2215E-09  1.2484E-11  1.4532E-14  3.1960E-16
  9.5882E-12  4.5494E-09  2.5592E-11  2.9793E-14  6.5613E-16
  2.0061E-11  9.5533E-09  5.3861E-11  6.2708E-14  1.3799E-15
  3.9017E-11  1.8694E-08  1.0581E-10  1.2321E-13  2.7106E-15
  8.4381E-11  4.0940E-08  2.3387E-10  2.7241E-13  5.9944E-15
  1.8602E-10  9.2442E-08  5.3829E-10  6.2747E-13  1.3816E-14
  4.7555E-10  2.5125E-07  1.5436E-09  1.8031E-12  3.9835E-14
  1.0246E-09  6.0874E-07  4.2077E-09  4.9406E-12  1.0961E-13
  1.7886E-09  1.2839E-06  1.1359E-08  1.3514E-11  3.0332E-13
  2.2938E-09  1.9663E-06  2.3928E-08  2.9134E-11  6.6823E-13
  2.4799E-09  2.5293E-06  4.5519E-08  5.7831E-11  1.3847E-12
  2.3474E-09  2.7867E-06  7.0234E-08  9.4454E-11  2.4125E-12
  4.5468E-15  2.2521E-12  1.4854E-14  1.7883E-17  4.1975E-19
  1.2173E-14  6.0305E-12  3.9776E-14  4.7886E-17  1.1240E-18
  3.8125E-14  1.8888E-11  1.2458E-13  1.4998E-16  3.5203E-18
  1.0898E-13  5.3992E-11  3.5613E-13  4.2875E-16  1.0063E-17
  3.3157E-13  1.6429E-10  1.0837E-12  1.3047E-15  3.0622E-17
  8.5906E-13  4.2575E-10  2.8087E-12  3.3814E-15  7.9365E-17
  2.2569E-12  1.1191E-09  7.3850E-12  8.8910E-15  2.0868E-16
  5.0676E-12  2.5153E-09  1.6609E-11  1.9996E-14  4.7029E-16
  1.1397E-11  5.6686E-09  3.7482E-11  4.5130E-14  1.0603E-15
  2.2693E-11  1.1327E-08  7.5085E-11  9.0414E-14  2.1231E-15
  4.7402E-11  2.3832E-08  1.5881E-10  1.9128E-13  4.4914E-15
  9.5610E-11  4.8673E-08  3.2758E-10  3.9472E-13  9.2714E-15
  2.2268E-10  1.1663E-07  8.0419E-10  9.7002E-13  2.2807E-14
  4.9995E-10  2.7710E-07  2.0132E-09  2.4341E-12  5.7417E-14
  1.0836E-09  6.8015E-07  5.6303E-09  6.8524E-12  1.6256E-13
  1.7213E-09  1.2787E-06  1.3170E-08  1.6244E-11  3.9021E-13
  2.1663E-09  1.9657E-06  2.8192E-08  3.5746E-11  8.8248E-13
  2.2129E-09  2.3953E-06  4.7816E-08  6.3151E-11  1.6292E-12
