T(K)  p(mbar)  mu(amu)  mean cp(kJ/kg/K)
       75.000000    0.0010000000       2.3427015       12.926409
       75.000000    0.0030000000       2.3427015       12.926409
       75.000000     0.010000000       2.3427015       12.926409
       75.000000     0.030000000       2.3427015       12.926409
       75.000000      0.10000000       2.3427015       12.926409
       75.000000      0.30000000       2.3427015       12.926409
       75.000000       1.0000000       2.3427015       12.926409
       75.000000       3.0000000       2.3427015       12.926409
       75.000000       10.000000       2.3427015       12.926409
       75.000000       30.000000       2.3427015       12.926409
       75.000000       100.00000       2.3427015       12.926409
       75.000000       300.00000       2.3427015       12.926409
       75.000000       1000.0000       2.3427015       12.926409
       75.000000       3000.0000       2.3427015       12.926409
       75.000000       10000.000       2.3427015       12.926409
       100.00000    0.0010000000       2.3450382       12.441592
       100.00000    0.0030000000       2.3450382       12.441592
       100.00000     0.010000000       2.3444847       12.441592
       100.00000     0.030000000       2.3432959       12.441592
       100.00000      0.10000000       2.3428798       12.441592
       100.00000      0.30000000       2.3427609       12.441592
       100.00000       1.0000000       2.3427193       12.441592
       100.00000       3.0000000       2.3427074       12.441592
       100.00000       10.000000       2.3427032       12.441592
       100.00000       30.000000       2.3427020       12.441592
       100.00000       100.00000       2.3427016       12.441592
       100.00000       300.00000       2.3427015       12.441592
       100.00000       1000.0000       2.3427015       12.441592
       100.00000       3000.0000       2.3427015       12.441592
       100.00000       10000.000       2.3427015       12.441592
       100.00000       30000.000       2.3427015       12.441592
       110.00000    0.0010000000       2.3450384       12.381044
       110.00000    0.0030000000       2.3450383       12.381044
       110.00000     0.010000000       2.3450382       12.381044
       110.00000     0.030000000       2.3450382       12.381044
       110.00000      0.10000000       2.3450382       12.381044
       110.00000      0.30000000       2.3443524       12.381044
       110.00000       1.0000000       2.3431968       12.381044
       110.00000       3.0000000       2.3428666       12.381044
       110.00000       10.000000       2.3427510       12.381044
       110.00000       30.000000       2.3427180       12.381044
       110.00000       100.00000       2.3427064       12.381044
       110.00000       300.00000       2.3427031       12.381044
       110.00000       1000.0000       2.3427020       12.381044
       110.00000       3000.0000       2.3427016       12.381044
       110.00000       10000.000       2.3427015       12.381044
       110.00000       30000.000       2.3427015       12.381044
       110.00000       100000.00       2.3427015       12.381044
       120.00000    0.0010000000       2.3450492       12.382422
       120.00000    0.0030000000       2.3450419       12.382422
       120.00000     0.010000000       2.3450393       12.382423
       120.00000     0.030000000       2.3450386       12.382423
       120.00000      0.10000000       2.3450383       12.382423
       120.00000      0.30000000       2.3450382       12.382423
       120.00000       1.0000000       2.3450382       12.382423
       120.00000       3.0000000       2.3450382       12.382423
       120.00000       10.000000       2.3434919       12.382423
       120.00000       30.000000       2.3429650       12.382423
       120.00000       100.00000       2.3427805       12.382423
       120.00000       300.00000       2.3427278       12.382423
       120.00000       1000.0000       2.3427094       12.382423
       120.00000       3000.0000       2.3427041       12.382423
       120.00000       10000.000       2.3427022       12.382423
       120.00000       30000.000       2.3427017       12.382423
       120.00000       100000.00       2.3427015       12.382423
       130.00000    0.0010000000       2.3454244       12.436189
       130.00000    0.0030000000       2.3451669       12.436196
       130.00000     0.010000000       2.3450768       12.436199
       130.00000     0.030000000       2.3450511       12.436199
       130.00000      0.10000000       2.3450421       12.436200
       130.00000      0.30000000       2.3450395       12.436200
       130.00000       1.0000000       2.3450386       12.436200
       130.00000       3.0000000       2.3450383       12.436200
       130.00000       10.000000       2.3450383       12.436200
       130.00000       30.000000       2.3450382       12.436200
       130.00000       100.00000       2.3435253       12.436200
       130.00000       300.00000       2.3429761       12.436200
       130.00000       1000.0000       2.3427838       12.436200
       130.00000       3000.0000       2.3427289       12.436200
       130.00000       10000.000       2.3427097       12.436200
       130.00000       30000.000       2.3427042       12.436200
       130.00000       100000.00       2.3427023       12.436200
       140.00000    0.0010000000       2.3459555       12.532523
       140.00000    0.0030000000       2.3459210       12.532740
       140.00000     0.010000000       2.3458556       12.532816
       140.00000     0.030000000       2.3453107       12.532838
       140.00000      0.10000000       2.3451199       12.532845
       140.00000      0.30000000       2.3450655       12.532848
       140.00000       1.0000000       2.3450464       12.532848
       140.00000       3.0000000       2.3450409       12.532849
       140.00000       10.000000       2.3450390       12.532849
       140.00000       30.000000       2.3450385       12.532849
       140.00000       100.00000       2.3450383       12.532849
       140.00000       300.00000       2.3447491       12.532849
       140.00000       1000.0000       2.3433158       12.532849
       140.00000       3000.0000       2.3429062       12.532849
       140.00000       10000.000       2.3427629       12.532849
       140.00000       30000.000       2.3427219       12.532849
       140.00000       100000.00       2.3427076       12.532849
       150.00000    0.0010000000       2.3468834       12.656609
       150.00000    0.0030000000       2.3462303       12.660764
       150.00000     0.010000000       2.3460017       12.662219
       150.00000     0.030000000       2.3459364       12.662634
       150.00000      0.10000000       2.3459135       12.662780
       150.00000      0.30000000       2.3454223       12.662821
       150.00000       1.0000000       2.3451534       12.662836
       150.00000       3.0000000       2.3450766       12.662840
       150.00000       10.000000       2.3450497       12.662842
       150.00000       30.000000       2.3450421       12.662842
       150.00000       100.00000       2.3450394       12.662842
       150.00000       300.00000       2.3450386       12.662842
       150.00000       1000.0000       2.3450383       12.662842
       150.00000       3000.0000       2.3438695       12.662842
       150.00000       10000.000       2.3430519       12.662842
       150.00000       30000.000       2.3428183       12.662842
       150.00000       100000.00       2.3427365       12.662842
       160.00000    0.0010000000       2.3587550       12.734441
       160.00000    0.0030000000       2.3502008       12.789113
       160.00000     0.010000000       2.3472069       12.808378
       160.00000     0.030000000       2.3463315       12.813894
       160.00000      0.10000000       2.3460522       12.815825
       160.00000      0.30000000       2.3459465       12.816377
       160.00000       1.0000000       2.3459165       12.816570
       160.00000       3.0000000       2.3454274       12.816626
       160.00000       10.000000       2.3451550       12.816645
       160.00000       30.000000       2.3450771       12.816650
       160.00000       100.00000       2.3450499       12.816652
       160.00000       300.00000       2.3450421       12.816653
       160.00000       1000.0000       2.3450394       12.816653
       160.00000       3000.0000       2.3450386       12.816653
       160.00000       10000.000       2.3443094       12.816653
       160.00000       30000.000       2.3432374       12.816653
       160.00000       100000.00       2.3428622       12.816653
       170.00000    0.0010000000       2.3606809       12.888857
       170.00000    0.0030000000       2.3606811       12.888856
       170.00000     0.010000000       2.3583401       12.903958
       170.00000     0.030000000       2.3500627       12.957692
       170.00000      0.10000000       2.3471654       12.976624
       170.00000      0.30000000       2.3463377       12.982045
       170.00000       1.0000000       2.3460280       12.983942
       170.00000       3.0000000       2.3459651       12.984484
       170.00000       10.000000       2.3459161       12.984673
       170.00000       30.000000       2.3453387       12.984727
       170.00000       100.00000       2.3451284       12.984746
       170.00000       300.00000       2.3450683       12.984752
       170.00000       1000.0000       2.3450472       12.984754
       170.00000       3000.0000       2.3450412       12.984754
       170.00000       10000.000       2.3450391       12.984754
       170.00000       30000.000       2.3447573       12.984754
       170.00000       100000.00       2.3433182       12.984754
       180.00000    0.0010000000       2.3606607       13.060225
       180.00000    0.0030000000       2.3606607       13.060225
       180.00000     0.010000000       2.3606607       13.060225
       180.00000     0.030000000       2.3606607       13.060225
       180.00000      0.10000000       2.3552404       13.095802
       180.00000      0.30000000       2.3490160       13.136939
       180.00000       1.0000000       2.3468373       13.151408
       180.00000       3.0000000       2.3461947       13.155549
       180.00000       10.000000       2.3459770       13.156998
       180.00000       30.000000       2.3459145       13.157411
       180.00000       100.00000       2.3455731       13.157556
       180.00000       300.00000       2.3452031       13.157597
       180.00000       1000.0000       2.3450736       13.157612
       180.00000       3000.0000       2.3450366       13.157616
       180.00000       10000.000       2.3450236       13.157618
       180.00000       30000.000       2.3450199       13.157618
       180.00000       100000.00       2.3447189       13.157618
       190.00000    0.0010000000       2.3606405       13.226871
       190.00000    0.0030000000       2.3606405       13.226871
       190.00000     0.010000000       2.3606405       13.226871
       190.00000     0.030000000       2.3606405       13.226871
       190.00000      0.10000000       2.3606405       13.226871
       190.00000      0.30000000       2.3606405       13.226872
       190.00000       1.0000000       2.3515612       13.287486
       190.00000       3.0000000       2.3477558       13.312948
       190.00000       10.000000       2.3464311       13.321885
       190.00000       30.000000       2.3460326       13.324441
       190.00000       100.00000       2.3459000       13.325334
       190.00000       300.00000       2.3458621       13.325590
       190.00000       1000.0000       2.3452601       13.325680
       190.00000       3000.0000       2.3450719       13.325707
       190.00000       10000.000       2.3450060       13.325714
       190.00000       30000.000       2.3449871       13.325716
       190.00000       100000.00       2.3449806       13.325717
       200.00000    0.0010000000       2.3606407       13.379349
       200.00000    0.0030000000       2.3606405       13.379350
       200.00000     0.010000000       2.3606405       13.379350
       200.00000     0.030000000       2.3606405       13.379350
       200.00000      0.10000000       2.3606405       13.379350
       200.00000      0.30000000       2.3606405       13.379351
       200.00000       1.0000000       2.3606407       13.379351
       200.00000       3.0000000       2.3554711       13.414113
       200.00000       10.000000       2.3487456       13.459828
       200.00000       30.000000       2.3468041       13.472957
       200.00000       100.00000       2.3461314       13.477556
       200.00000       300.00000       2.3459393       13.478871
       200.00000       1000.0000       2.3458720       13.479333
       200.00000       3000.0000       2.3453849       13.479473
       200.00000       10000.000       2.3450999       13.479510
       200.00000       30000.000       2.3450185       13.479521
       200.00000       100000.00       2.3449900       13.479525
       210.00000    0.0010000000       2.3606204       13.510708
       210.00000    0.0030000000       2.3606205       13.510712
       210.00000     0.010000000       2.3606405       13.510714
       210.00000     0.030000000       2.3606405       13.510714
       210.00000      0.10000000       2.3606405       13.510714
       210.00000      0.30000000       2.3606405       13.510715
       210.00000       1.0000000       2.3606407       13.510715
       210.00000       3.0000000       2.3606204       13.510720
       210.00000       10.000000       2.3583982       13.525871
       210.00000       30.000000       2.3500216       13.583189
       210.00000       100.00000       2.3470965       13.603372
       210.00000       300.00000       2.3462610       13.609155
       210.00000       1000.0000       2.3459686       13.611185
       210.00000       3000.0000       2.3458850       13.611800
       210.00000       10000.000       2.3454376       13.611966
       210.00000       30000.000       2.3451310       13.612012
       210.00000       100000.00       2.3450237       13.612028
       220.00000    0.0010000000       2.3606193       13.623970
       220.00000    0.0030000000       2.3606203       13.623995
       220.00000     0.010000000       2.3606204       13.623998
       220.00000     0.030000000       2.3606407       13.623999
       220.00000      0.10000000       2.3606404       13.624002
       220.00000      0.30000000       2.3606405       13.624001
       220.00000       1.0000000       2.3606407       13.624001
       220.00000       3.0000000       2.3606203       13.624006
       220.00000       10.000000       2.3606203       13.624014
       220.00000       30.000000       2.3606007       13.624066
       220.00000       100.00000       2.3506124       13.693094
       220.00000       300.00000       2.3474330       13.715249
       220.00000       1000.0000       2.3463202       13.723044
       220.00000       3000.0000       2.3460022       13.725405
       220.00000       10000.000       2.3458909       13.726041
       220.00000       30000.000       2.3454895       13.726220
       220.00000       100000.00       2.3451313       13.726283
       230.00000    0.0010000000       2.3605930       13.724359
       230.00000    0.0030000000       2.3606195       13.724574
       230.00000     0.010000000       2.3606203       13.724597
       230.00000     0.030000000       2.3606204       13.724600
       230.00000      0.10000000       2.3606204       13.724600
       230.00000      0.30000000       2.3606407       13.724601
       230.00000       1.0000000       2.3606407       13.724602
       230.00000       3.0000000       2.3606205       13.724606
       230.00000       10.000000       2.3606206       13.724614
       230.00000       30.000000       2.3606006       13.724668
       230.00000       100.00000       2.3606003       13.724736
       230.00000       300.00000       2.3512286       13.790084
       230.00000       1000.0000       2.3474588       13.816637
       230.00000       3000.0000       2.3463818       13.824693
       230.00000       10000.000       2.3460048       13.826870
       230.00000       30000.000       2.3458971       13.827482
       230.00000       100000.00       2.3454396       13.827696
       240.00000    0.0010000000       2.3605583       13.813213
       240.00000    0.0030000000       2.3605945       13.814432
       240.00000     0.010000000       2.3606198       13.814605
       240.00000     0.030000000       2.3606203       13.814619
       240.00000      0.10000000       2.3606204       13.814621
       240.00000      0.30000000       2.3606203       13.814622
       240.00000       1.0000000       2.3606205       13.814622
       240.00000       3.0000000       2.3606204       13.814629
       240.00000       10.000000       2.3606204       13.814636
       240.00000       30.000000       2.3606006       13.814690
       240.00000       100.00000       2.3606204       13.814759
       240.00000       300.00000       2.3606006       13.815057
       240.00000       1000.0000       2.3507870       13.884277
       240.00000       3000.0000       2.3474912       13.909041
       240.00000       10000.000       2.3463376       13.915759
       240.00000       30000.000       2.3460080       13.917649
       240.00000       100000.00       2.3458927       13.918310
       250.00000    0.0010000000       2.3604394       13.888168
       250.00000    0.0030000000       2.3605504       13.891872
       250.00000     0.010000000       2.3605971       13.892778
       250.00000     0.030000000       2.3605997       13.892870
       250.00000      0.10000000       2.3606203       13.892881
       250.00000      0.30000000       2.3606204       13.892883
       250.00000       1.0000000       2.3606204       13.892884
       250.00000       3.0000000       2.3606206       13.892889
       250.00000       10.000000       2.3606204       13.892897
       250.00000       30.000000       2.3606007       13.892950
       250.00000       100.00000       2.3606204       13.893020
       250.00000       300.00000       2.3606006       13.893318
       250.00000       1000.0000       2.3596764       13.901374
       250.00000       3000.0000       2.3504542       13.970640
       250.00000       10000.000       2.3472266       13.989545
       250.00000       30000.000       2.3463043       13.994871
       250.00000       100000.00       2.3459816       13.996736
       260.00000    0.0010000000       2.3603048       13.950281
       260.00000    0.0030000000       2.3604552       13.955348
       260.00000     0.010000000       2.3605645       13.958353
       260.00000     0.030000000       2.3605981       13.958810
       260.00000      0.10000000       2.3606001       13.958864
       260.00000      0.30000000       2.3606204       13.958872
       260.00000       1.0000000       2.3606203       13.958873
       260.00000       3.0000000       2.3606204       13.958879
       260.00000       10.000000       2.3606206       13.958885
       260.00000       30.000000       2.3606007       13.958939
       260.00000       100.00000       2.3605806       13.959008
       260.00000       300.00000       2.3606006       13.959307
       260.00000       1000.0000       2.3606006       13.960994
       260.00000       3000.0000       2.3577636       13.994400
       260.00000       10000.000       2.3494193       14.043326
       260.00000       30000.000       2.3470353       14.057166
       260.00000       100000.00       2.3462008       14.062016
       260.00000       300000.00       2.3459624       14.063404
       270.00000    0.0010000000       2.3601467       14.004681
       270.00000    0.0030000000       2.3603544       14.008143
       270.00000     0.010000000       2.3605216       14.013362
       270.00000     0.030000000       2.3605715       14.015042
       270.00000      0.10000000       2.3605789       14.015296
       270.00000      0.30000000       2.3606001       14.015320
       270.00000       1.0000000       2.3606202       14.015327
       270.00000       3.0000000       2.3606203       14.015331
       270.00000       10.000000       2.3606203       14.015339
       270.00000       30.000000       2.3606004       14.015394
       270.00000       100.00000       2.3605806       14.015461
       270.00000       300.00000       2.3606006       14.015760
       270.00000       1000.0000       2.3606006       14.017447
       270.00000       3000.0000       2.3606006       14.034406
       270.00000       10000.000       2.3544599       14.070847
       270.00000       30000.000       2.3487154       14.104255
       270.00000       100000.00       2.3467049       14.115994
       270.00000       300000.00       2.3461304       14.119355
       275.00000    0.0010000000       2.3600077       14.030376
       275.00000    0.0030000000       2.3602852       14.032353
       275.00000     0.010000000       2.3604618       14.037809
       275.00000     0.030000000       2.3605429       14.040517
       275.00000      0.10000000       2.3605782       14.041026
       275.00000      0.30000000       2.3605998       14.041077
       275.00000       1.0000000       2.3606003       14.041082
       275.00000       3.0000000       2.3606202       14.041091
       275.00000       10.000000       2.3606203       14.041098
       275.00000       30.000000       2.3606004       14.041152
       275.00000       100.00000       2.3605805       14.041219
       275.00000       300.00000       2.3606008       14.041517
       275.00000       1000.0000       2.3606006       14.043205
       275.00000       3000.0000       2.3606006       14.060165
       275.00000       10000.000       2.3587989       14.071547
       275.00000       30000.000       2.3501618       14.121737
       275.00000       100000.00       2.3471388       14.139416
       275.00000       300000.00       2.3462751       14.144480
       280.00000    0.0010000000       2.3598814       14.055402
       280.00000    0.0030000000       2.3602222       14.055863
       280.00000     0.010000000       2.3604107       14.060808
       280.00000     0.030000000       2.3605279       14.064614
       280.00000      0.10000000       2.3605763       14.065572
       280.00000      0.30000000       2.3605793       14.065669
       280.00000       1.0000000       2.3606000       14.065682
       280.00000       3.0000000       2.3606004       14.065687
       280.00000       10.000000       2.3606203       14.065697
       280.00000       30.000000       2.3606004       14.065752
       280.00000       100.00000       2.3605806       14.065819
       280.00000       300.00000       2.3606006       14.066118
       280.00000       1000.0000       2.3606006       14.067805
       280.00000       3000.0000       2.3606006       14.084765
       280.00000       10000.000       2.3606006       14.085740
       280.00000       30000.000       2.3518989       14.136326
       280.00000       100000.00       2.3476599       14.161144
       280.00000       300000.00       2.3464488       14.168260
       290.00000    0.0010000000       2.3596204       14.101621
       290.00000    0.0030000000       2.3599720       14.100634
       290.00000     0.010000000       2.3602860       14.102972
       290.00000     0.030000000       2.3604486       14.107961
       290.00000      0.10000000       2.3605474       14.110561
       290.00000      0.30000000       2.3605580       14.110923
       290.00000       1.0000000       2.3605798       14.110968
       290.00000       3.0000000       2.3606002       14.110978
       290.00000       10.000000       2.3606002       14.110986
       290.00000       30.000000       2.3606004       14.111042
       290.00000       100.00000       2.3605805       14.111110
       290.00000       300.00000       2.3606004       14.111408
       290.00000       1000.0000       2.3606006       14.113096
       290.00000       3000.0000       2.3606006       14.130055
       290.00000       10000.000       2.3606006       14.131030
       290.00000       30000.000       2.3573413       14.149997
       290.00000       100000.00       2.3492926       14.197140
       290.00000       300000.00       2.3469930       14.210696
       300.00000    0.0010000000       2.3607959       14.135629
       300.00000    0.0030000000       2.3608001       14.136480
       300.00000     0.010000000       2.3608538       14.139064
       300.00000     0.030000000       2.3609699       14.143867
       300.00000      0.10000000       2.3610820       14.148588
       300.00000      0.30000000       2.3610955       14.149710
       300.00000       1.0000000       2.3610999       14.149865
       300.00000       3.0000000       2.3611003       14.149884
       300.00000       10.000000       2.3611003       14.149893
       300.00000       30.000000       2.3611003       14.149951
       300.00000       100.00000       2.3611002       14.150022
       300.00000       300.00000       2.3611002       14.150323
       300.00000       1000.0000       2.3611002       14.152009
       300.00000       3000.0000       2.3611002       14.168958
       300.00000       10000.000       2.3611002       14.169933
       300.00000       30000.000       2.3611002       14.169922
       300.00000       100000.00       2.3526226       14.219553
       300.00000       300000.00       2.3484389       14.244249
       310.00000    0.0010000000       2.3607906       14.166938
       310.00000    0.0030000000       2.3608008       14.167421
       310.00000     0.010000000       2.3608285       14.168986
       310.00000     0.030000000       2.3609083       14.172517
       310.00000      0.10000000       2.3610460       14.178263
       310.00000      0.30000000       2.3610853       14.180892
       310.00000       1.0000000       2.3610988       14.181370
       310.00000       3.0000000       2.3611001       14.181421
       310.00000       10.000000       2.3611004       14.181434
       310.00000       30.000000       2.3611002       14.181492
       310.00000       100.00000       2.3611002       14.181564
       310.00000       300.00000       2.3611002       14.181864
       310.00000       1000.0000       2.3611002       14.183550
       310.00000       3000.0000       2.3611002       14.200500
       310.00000       10000.000       2.3611002       14.201475
       310.00000       30000.000       2.3611002       14.201464
       310.00000       100000.00       2.3573314       14.223456
       310.00000       300000.00       2.3500086       14.266659
       320.00000    0.0010000000       2.3607874       14.192878
       320.00000    0.0030000000       2.3607954       14.193157
       320.00000     0.010000000       2.3608018       14.194096
       320.00000     0.030000000       2.3608482       14.196443
       320.00000      0.10000000       2.3609765       14.201692
       320.00000      0.30000000       2.3610797       14.206067
       320.00000       1.0000000       2.3610959       14.207342
       320.00000       3.0000000       2.3610998       14.207485
       320.00000       10.000000       2.3611004       14.207508
       320.00000       30.000000       2.3611002       14.207567
       320.00000       100.00000       2.3611002       14.207639
       320.00000       300.00000       2.3611002       14.207939
       320.00000       1000.0000       2.3611002       14.209626
       320.00000       3000.0000       2.3611002       14.226575
       320.00000       10000.000       2.3611002       14.227550
       320.00000       30000.000       2.3611002       14.227539
       320.00000       100000.00       2.3611002       14.227396
       320.00000       300000.00       2.3525356       14.277824
       330.00000    0.0010000000       2.3607856       14.215821
       330.00000    0.0030000000       2.3607904       14.215987
       330.00000     0.010000000       2.3608022       14.216555
       330.00000     0.030000000       2.3608289       14.218057
       330.00000      0.10000000       2.3609225       14.222095
       330.00000      0.30000000       2.3610463       14.227383
       330.00000       1.0000000       2.3610881       14.230093
       330.00000       3.0000000       2.3610989       14.230478
       330.00000       10.000000       2.3611003       14.230531
       330.00000       30.000000       2.3611003       14.230593
       330.00000       100.00000       2.3611002       14.230665
       330.00000       300.00000       2.3611002       14.230966
       330.00000       1000.0000       2.3611002       14.232652
       330.00000       3000.0000       2.3611002       14.249601
       330.00000       10000.000       2.3611002       14.250576
       330.00000       30000.000       2.3611002       14.250565
       330.00000       100000.00       2.3611002       14.250422
       330.00000       300000.00       2.3564793       14.277465
       340.00000    0.0010000000       2.3607847       14.236525
       340.00000    0.0030000000       2.3607877       14.236626
       340.00000     0.010000000       2.3607968       14.236975
       340.00000     0.030000000       2.3608043       14.237929
       340.00000      0.10000000       2.3608648       14.240778
       340.00000      0.30000000       2.3609830       14.245802
       340.00000       1.0000000       2.3610858       14.250213
       340.00000       3.0000000       2.3610965       14.251153
       340.00000       10.000000       2.3611000       14.251284
       340.00000       30.000000       2.3611002       14.251352
       340.00000       100.00000       2.3611002       14.251425
       340.00000       300.00000       2.3611002       14.251726
       340.00000       1000.0000       2.3611002       14.253412
       340.00000       3000.0000       2.3611002       14.270361
       340.00000       10000.000       2.3611002       14.271336
       340.00000       30000.000       2.3611002       14.271325
       340.00000       100000.00       2.3611002       14.271182
       340.00000       300000.00       2.3611002       14.270828
       350.00000    0.0010000000       2.3607841       14.254130
       350.00000    0.0030000000       2.3607859       14.254194
       350.00000     0.010000000       2.3607922       14.254413
       350.00000     0.030000000       2.3608040       14.255023
       350.00000      0.10000000       2.3608410       14.256957
       350.00000      0.30000000       2.3609384       14.261056
       350.00000       1.0000000       2.3610556       14.266629
       350.00000       3.0000000       2.3610907       14.268590
       350.00000       10.000000       2.3610994       14.268907
       350.00000       30.000000       2.3611002       14.268994
       350.00000       100.00000       2.3611003       14.269068
       350.00000       300.00000       2.3611002       14.269369
       350.00000       1000.0000       2.3611002       14.271055
       350.00000       3000.0000       2.3611002       14.288005
       350.00000       10000.000       2.3611002       14.288979
       350.00000       30000.000       2.3611002       14.288968
       350.00000       100000.00       2.3611002       14.288825
       350.00000       300000.00       2.3611002       14.288471
       375.00000    0.0010000000       2.3607835       14.284032
       375.00000    0.0030000000       2.3607841       14.284053
       375.00000     0.010000000       2.3607864       14.284128
       375.00000     0.030000000       2.3607923       14.284341
       375.00000      0.10000000       2.3608058       14.285063
       375.00000      0.30000000       2.3608416       14.286925
       375.00000       1.0000000       2.3609484       14.291586
       375.00000       3.0000000       2.3610570       14.296634
       375.00000       10.000000       2.3610927       14.298622
       375.00000       30.000000       2.3610993       14.298920
       375.00000       100.00000       2.3611002       14.299019
       375.00000       300.00000       2.3611003       14.299317
       375.00000       1000.0000       2.3611002       14.300974
       375.00000       3000.0000       2.3611002       14.317584
       375.00000       10000.000       2.3611002       14.318613
       375.00000       30000.000       2.3611002       14.318945
       375.00000       100000.00       2.3611002       14.318815
       375.00000       300000.00       2.3611002       14.318453
       400.00000    0.0010000000       2.3607823       14.304233
       400.00000    0.0030000000       2.3607825       14.304242
       400.00000     0.010000000       2.3607833       14.304270
       400.00000     0.030000000       2.3607858       14.304352
       400.00000      0.10000000       2.3607938       14.304637
       400.00000      0.30000000       2.3608074       14.305423
       400.00000       1.0000000       2.3608432       14.307836
       400.00000       3.0000000       2.3609543       14.312512
       400.00000       10.000000       2.3610760       14.317578
       400.00000       30.000000       2.3610934       14.318957
       400.00000       100.00000       2.3610987       14.319201
       400.00000       300.00000       2.3610991       14.319452
       400.00000       1000.0000       2.3610992       14.320722
       400.00000       3000.0000       2.3610991       14.332901
       400.00000       10000.000       2.3610991       14.334647
       400.00000       30000.000       2.3610991       14.339456
       400.00000       100000.00       2.3610991       14.339495
       400.00000       300000.00       2.3610991       14.339032
       425.00000    0.0010000000       2.3607823       14.317265
       425.00000    0.0030000000       2.3607823       14.317270
       425.00000     0.010000000       2.3607828       14.317281
       425.00000     0.030000000       2.3607838       14.317316
       425.00000      0.10000000       2.3607874       14.317438
       425.00000      0.30000000       2.3607961       14.317783
       425.00000       1.0000000       2.3608089       14.318926
       425.00000       3.0000000       2.3608664       14.321702
       425.00000       10.000000       2.3609838       14.327325
       425.00000       30.000000       2.3610859       14.331175
       425.00000       100.00000       2.3610963       14.332133
       425.00000       300.00000       2.3610988       14.332403
       425.00000       1000.0000       2.3610991       14.333307
       425.00000       3000.0000       2.3610992       14.341335
       425.00000       10000.000       2.3610991       14.343785
       425.00000       30000.000       2.3610991       14.352769
       425.00000       100000.00       2.3610991       14.352976
       425.00000       300000.00       2.3610991       14.352409
       450.00000    0.0010000000       2.3607804       14.324953
       450.00000    0.0030000000       2.3607820       14.324949
       450.00000     0.010000000       2.3607823       14.324955
       450.00000     0.030000000       2.3607829       14.324970
       450.00000      0.10000000       2.3607845       14.325028
       450.00000      0.30000000       2.3607892       14.325189
       450.00000       1.0000000       2.3608006       14.325744
       450.00000       3.0000000       2.3608255       14.327213
       450.00000       10.000000       2.3609169       14.331194
       450.00000       30.000000       2.3610430       14.336561
       450.00000       100.00000       2.3610862       14.339436
       450.00000       300.00000       2.3610976       14.339967
       450.00000       1000.0000       2.3610991       14.340549
       450.00000       3000.0000       2.3610992       14.344675
       450.00000       10000.000       2.3610991       14.347809
       450.00000       30000.000       2.3610991       14.360708
       450.00000       100000.00       2.3610991       14.361080
       450.00000       300000.00       2.3610991       14.360409
       475.00000    0.0010000000       2.3607663       14.330067
       475.00000    0.0030000000       2.3607788       14.329972
       475.00000     0.010000000       2.3607821       14.329964
       475.00000     0.030000000       2.3607825       14.329971
       475.00000      0.10000000       2.3607833       14.330000
       475.00000      0.30000000       2.3607858       14.330081
       475.00000       1.0000000       2.3607937       14.330363
       475.00000       3.0000000       2.3608072       14.331142
       475.00000       10.000000       2.3608422       14.333536
       475.00000       30.000000       2.3609526       14.338205
       475.00000       100.00000       2.3610751       14.343322
       475.00000       300.00000       2.3610933       14.344768
       475.00000       1000.0000       2.3610986       14.345305
       475.00000       3000.0000       2.3610991       14.347456
       475.00000       10000.000       2.3610992       14.350581
       475.00000       30000.000       2.3610991       14.363670
       475.00000       100000.00       2.3610991       14.367079
       475.00000       300000.00       2.3610991       14.366353
       500.00000    0.0010000000       2.3605216       14.337033
       500.00000    0.0030000000       2.3607568       14.336020
       500.00000     0.010000000       2.3607781       14.335880
       500.00000     0.030000000       2.3607819       14.335873
       500.00000      0.10000000       2.3607829       14.335886
       500.00000      0.30000000       2.3607841       14.335930
       500.00000       1.0000000       2.3607885       14.336080
       500.00000       3.0000000       2.3607981       14.336506
       500.00000       10.000000       2.3608190       14.337897
       500.00000       30.000000       2.3609045       14.341145
       500.00000       100.00000       2.3610123       14.346964
       500.00000       300.00000       2.3610913       14.350144
       500.00000       1000.0000       2.3610973       14.350964
       500.00000       3000.0000       2.3610989       14.351606
       500.00000       10000.000       2.3610992       14.354588
       500.00000       30000.000       2.3610992       14.367181
       500.00000       100000.00       2.3610991       14.374193
       500.00000       300000.00       2.3610991       14.373265
       575.00000    0.0010000000       2.3586197       14.375798
       575.00000    0.0030000000       2.3588941       14.374791
       575.00000     0.010000000       2.3597886       14.371299
       575.00000     0.030000000       2.3605402       14.368314
       575.00000      0.10000000       2.3607643       14.367502
       575.00000      0.30000000       2.3607791       14.367424
       575.00000       1.0000000       2.3607831       14.367447
       575.00000       3.0000000       2.3607859       14.367535
       575.00000       10.000000       2.3607947       14.367843
       575.00000       30.000000       2.3607983       14.368692
       575.00000       100.00000       2.3608502       14.371278
       575.00000       300.00000       2.3609653       14.376137
       575.00000       1000.0000       2.3610800       14.381091
       575.00000       3000.0000       2.3610942       14.382548
       575.00000       10000.000       2.3610987       14.383923
       575.00000       30000.000       2.3610992       14.388655
       575.00000       100000.00       2.3610992       14.409403
       575.00000       300000.00       2.3610991       14.425135
       650.00000    0.0010000000       2.3585960       14.405565
       650.00000    0.0030000000       2.3585954       14.405560
       650.00000     0.010000000       2.3586022       14.405486
       650.00000     0.030000000       2.3587637       14.404965
       650.00000      0.10000000       2.3594978       14.402527
       650.00000      0.30000000       2.3603843       14.399515
       650.00000       1.0000000       2.3607242       14.398382
       650.00000       3.0000000       2.3607766       14.398272
       650.00000       10.000000       2.3607853       14.398347
       650.00000       30.000000       2.3607930       14.398603
       650.00000       100.00000       2.3608081       14.399465
       650.00000       300.00000       2.3608488       14.401649
       650.00000       1000.0000       2.3609595       14.406784
       650.00000       3000.0000       2.3610710       14.411633
       650.00000       10000.000       2.3610937       14.413710
       650.00000       30000.000       2.3610986       14.415811
       650.00000       100000.00       2.3610991       14.430944
       650.00000       300000.00       2.3610992       14.523572
       725.00000    0.0010000000       2.3587232       14.458096
       725.00000    0.0030000000       2.3587231       14.458096
       725.00000     0.010000000       2.3586626       14.458097
       725.00000     0.030000000       2.3586197       14.458089
       725.00000      0.10000000       2.3586273       14.457998
       725.00000      0.30000000       2.3588302       14.457394
       725.00000       1.0000000       2.3596743       14.455010
       725.00000       3.0000000       2.3605007       14.452681
       725.00000       10.000000       2.3607602       14.452003
       725.00000       30.000000       2.3607818       14.452021
       725.00000       100.00000       2.3607947       14.452341
       725.00000       300.00000       2.3607999       14.453239
       725.00000       1000.0000       2.3608553       14.455968
       725.00000       3000.0000       2.3609728       14.461002
       725.00000       10000.000       2.3610820       14.466055
       725.00000       30000.000       2.3610947       14.468135
       725.00000       100000.00       2.3610988       14.475684
       725.00000       300000.00       2.3610992       14.539363
       800.00000    0.0010000000       2.3587249       14.544520
       800.00000    0.0030000000       2.3587249       14.544520
       800.00000     0.010000000       2.3587251       14.544519
       800.00000     0.030000000       2.3587252       14.544519
       800.00000      0.10000000       2.3587265       14.544517
       800.00000      0.30000000       2.3587382       14.544497
       800.00000       1.0000000       2.3587218       14.544278
       800.00000       3.0000000       2.3591811       14.543176
       800.00000       10.000000       2.3601950       14.540745
       800.00000       30.000000       2.3606760       14.539600
       800.00000       100.00000       2.3607760       14.539528
       800.00000       300.00000       2.3607968       14.539918
       800.00000       1000.0000       2.3608160       14.541269
       800.00000       3000.0000       2.3609001       14.544471
       800.00000       10000.000       2.3610048       14.550526
       800.00000       30000.000       2.3610901       14.554499
       800.00000       100000.00       2.3610971       14.558241
       800.00000       300000.00       2.3610993       14.571412
       900.00000    0.0010000000       2.3587264       14.663492
       900.00000    0.0030000000       2.3587263       14.663492
       900.00000     0.010000000       2.3587262       14.663492
       900.00000     0.030000000       2.3587260       14.663492
       900.00000      0.10000000       2.3587261       14.663492
       900.00000      0.30000000       2.3587263       14.663492
       900.00000       1.0000000       2.3587295       14.663488
       900.00000       3.0000000       2.3587519       14.663455
       900.00000       10.000000       2.3589289       14.663104
       900.00000       30.000000       2.3596480       14.661845
       900.00000       100.00000       2.3605182       14.660171
       900.00000       300.00000       2.3607692       14.659840
       900.00000       1000.0000       2.3608028       14.660357
       900.00000       3000.0000       2.3608284       14.661905
       900.00000       10000.000       2.3609207       14.666144
       900.00000       30000.000       2.3610460       14.671960
       900.00000       100000.00       2.3610903       14.676421
       900.00000       300000.00       2.3611055       14.682232
       1000.0000    0.0010000000       2.3587298       14.812050
       1000.0000    0.0030000000       2.3587305       14.812061
       1000.0000     0.010000000       2.3587298       14.812068
       1000.0000     0.030000000       2.3587289       14.812072
       1000.0000      0.10000000       2.3587279       14.812074
       1000.0000      0.30000000       2.3587275       14.812074
       1000.0000       1.0000000       2.3587271       14.812076
       1000.0000       3.0000000       2.3587284       14.812075
       1000.0000       10.000000       2.3587443       14.812061
       1000.0000       30.000000       2.3588277       14.811946
       1000.0000       100.00000       2.3593967       14.811225
       1000.0000       300.00000       2.3603550       14.810049
       1000.0000       1000.0000       2.3608442       14.809683
       1000.0000       3000.0000       2.3608442       14.810394
       1000.0000       10000.000       2.3608643       14.812884
       1000.0000       30000.000       2.3609693       14.817861
       1000.0000       100000.00       2.3611006       14.824144
       1000.0000       300000.00       2.3611258       14.828717
       1100.0000    0.0010000000       2.3587386       14.980220
       1100.0000    0.0030000000       2.3587394       14.980253
       1100.0000     0.010000000       2.3587308       14.980265
       1100.0000     0.030000000       2.3587418       14.980270
       1100.0000      0.10000000       2.3587446       14.980273
       1100.0000      0.30000000       2.3587435       14.980282
       1100.0000       1.0000000       2.3587403       14.980298
       1100.0000       3.0000000       2.3587373       14.980317
       1100.0000       10.000000       2.3587355       14.980336
       1100.0000       30.000000       2.3587463       14.980344
       1100.0000       100.00000       2.3588294       14.980280
       1100.0000       300.00000       2.3593182       14.979905
       1100.0000       1000.0000       2.3603473       14.979144
       1100.0000       3000.0000       2.3608383       14.979137
       1100.0000       10000.000       2.3609779       14.980537
       1100.0000       30000.000       2.3610256       14.984071
       1100.0000       100000.00       2.3610742       14.990808
       1100.0000       300000.00       2.3611236       14.996082
       1200.0000    0.0010000000       2.3630192       15.161939
       1200.0000    0.0030000000       2.3601319       15.165912
       1200.0000     0.010000000       2.3591077       15.167538
       1200.0000     0.030000000       2.3588250       15.168041
       1200.0000      0.10000000       2.3587632       15.168221
       1200.0000      0.30000000       2.3587476       15.168273
       1200.0000       1.0000000       2.3587339       15.168293
       1200.0000       3.0000000       2.3587459       15.168299
       1200.0000       10.000000       2.3587473       15.168301
       1200.0000       30.000000       2.3587480       15.168304
       1200.0000       100.00000       2.3587615       15.168311
       1200.0000       300.00000       2.3588443       15.168292
       1200.0000       1000.0000       2.3594724       15.168106
       1200.0000       3000.0000       2.3604146       15.167828
       1200.0000       10000.000       2.3608864       15.168679
       1200.0000       30000.000       2.3610083       15.171104
       1200.0000       100000.00       2.3611195       15.177003
       1200.0000       300000.00       2.3611998       15.183332
       1300.0000    0.0010000000       2.3646364       15.347870
       1300.0000    0.0030000000       2.3652619       15.347788
       1300.0000     0.010000000       2.3656438       15.347719
       1300.0000     0.030000000       2.3629260       15.357140
       1300.0000      0.10000000       2.3605612       15.361678
       1300.0000      0.30000000       2.3593286       15.364546
       1300.0000       1.0000000       2.3588878       15.365666
       1300.0000       3.0000000       2.3587930       15.365998
       1300.0000       10.000000       2.3587563       15.366119
       1300.0000       30.000000       2.3587389       15.366157
       1300.0000       100.00000       2.3587509       15.366177
       1300.0000       300.00000       2.3587624       15.366199
       1300.0000       1000.0000       2.3589481       15.366278
       1300.0000       3000.0000       2.3596601       15.366262
       1300.0000       10000.000       2.3606399       15.367251
       1300.0000       30000.000       2.3609495       15.368999
       1300.0000       100000.00       2.3610761       15.373760
       1300.0000       300000.00       2.3612081       15.380502
       1400.0000    0.0010000000       2.3603891       15.574987
       1400.0000    0.0030000000       2.3627227       15.575064
       1400.0000     0.010000000       2.3642168       15.575046
       1400.0000     0.030000000       2.3650322       15.575005
       1400.0000      0.10000000       2.3655223       15.574968
       1400.0000      0.30000000       2.3655867       15.574947
       1400.0000       1.0000000       2.3618185       15.584642
       1400.0000       3.0000000       2.3605065       15.588390
       1400.0000       10.000000       2.3592753       15.591908
       1400.0000       30.000000       2.3589067       15.593048
       1400.0000       100.00000       2.3587961       15.593468
       1400.0000       300.00000       2.3587664       15.593602
       1400.0000       1000.0000       2.3587968       15.593738
       1400.0000       3000.0000       2.3591124       15.594144
       1400.0000       10000.000       2.3600840       15.595484
       1400.0000       30000.000       2.3607932       15.597356
       1400.0000       100000.00       2.3610141       15.601255
       1400.0000       300000.00       2.3611579       15.607758
       1500.0000    0.0010000000       2.3466505       15.820700
       1500.0000    0.0030000000       2.3546378       15.821416
       1500.0000     0.010000000       2.3597002       15.821778
       1500.0000     0.030000000       2.3623592       15.821894
       1500.0000      0.10000000       2.3640428       15.821920
       1500.0000      0.30000000       2.3649391       15.821911
       1500.0000       1.0000000       2.3654841       15.821901
       1500.0000       3.0000000       2.3655128       15.821891
       1500.0000       10.000000       2.3628207       15.826556
       1500.0000       30.000000       2.3610104       15.833419
       1500.0000       100.00000       2.3598880       15.837216
       1500.0000       300.00000       2.3591099       15.839565
       1500.0000       1000.0000       2.3588784       15.840523
       1500.0000       3000.0000       2.3588938       15.841135
       1500.0000       10000.000       2.3595093       15.842875
       1500.0000       30000.000       2.3604441       15.845834
       1500.0000       100000.00       2.3609635       15.849738
       1500.0000       300000.00       2.3611219       15.855738
       1600.0000    0.0010000000       2.3081854       16.024209
       1600.0000    0.0030000000       2.3320618       16.026680
       1600.0000     0.010000000       2.3471269       16.028143
       1600.0000     0.030000000       2.3549728       16.028824
       1600.0000      0.10000000       2.3599345       16.029164
       1600.0000      0.30000000       2.3625273       16.029287
       1600.0000       1.0000000       2.3641782       16.029339
       1600.0000       3.0000000       2.3650097       16.029357
       1600.0000       10.000000       2.3655496       16.029360
       1600.0000       30.000000       2.3647990       16.029363
       1600.0000       100.00000       2.3633093       16.030524
       1600.0000       300.00000       2.3612163       16.039747
       1600.0000       1000.0000       2.3603908       16.043401
       1600.0000       3000.0000       2.3593526       16.046969
       1600.0000       10000.000       2.3592453       16.049835
       1600.0000       30000.000       2.3600106       16.054290
       1600.0000       100000.00       2.3608182       16.059832
       1600.0000       300000.00       2.3610748       16.065626
       1700.0000    0.0010000000       2.2171582       16.220981
       1700.0000    0.0030000000       2.2771744       16.228182
       1700.0000     0.010000000       2.3161862       16.232433
       1700.0000     0.030000000       2.3367951       16.234526
       1700.0000      0.10000000       2.3498110       16.235745
       1700.0000      0.30000000       2.3565760       16.236294
       1700.0000       1.0000000       2.3608715       16.236576
       1700.0000       3.0000000       2.3631195       16.236689
       1700.0000       10.000000       2.3645056       16.236751
       1700.0000       30.000000       2.3652098       16.236782
       1700.0000       100.00000       2.3656533       16.236799
       1700.0000       300.00000       2.3640110       16.236806
       1700.0000       1000.0000       2.3631016       16.238053
       1700.0000       3000.0000       2.3611653       16.247536
       1700.0000       10000.000       2.3605250       16.252346
       1700.0000       30000.000       2.3599483       16.260653
       1700.0000       100000.00       2.3606468       16.270110
       1700.0000       300000.00       2.3610286       16.277013
       1800.0000    0.0010000000       2.0408355       16.391532
       1800.0000    0.0030000000       2.1634218       16.411321
       1800.0000     0.010000000       2.2495343       16.422493
       1800.0000     0.030000000       2.2969436       16.427884
       1800.0000      0.10000000       2.3274560       16.431083
       1800.0000      0.30000000       2.3434621       16.432642
       1800.0000       1.0000000       2.3535707       16.433526
       1800.0000       3.0000000       2.3588323       16.433924
       1800.0000       10.000000       2.3621581       16.434138
       1800.0000       30.000000       2.3638632       16.434235
       1800.0000       100.00000       2.3649155       16.434292
       1800.0000       300.00000       2.3654725       16.434326
       1800.0000       1000.0000       2.3644021       16.434364
       1800.0000       3000.0000       2.3634813       16.434473
       1800.0000       10000.000       2.3623796       16.439843
       1800.0000       30000.000       2.3612339       16.451766
       1800.0000       100000.00       2.3610643       16.467817
       1800.0000       300000.00       2.3611321       16.479347
       1900.0000    0.0010000000       1.7815965       16.513241
       1900.0000    0.0030000000       1.9698396       16.565483
       1900.0000     0.010000000       2.1254924       16.593541
       1900.0000     0.030000000       2.2193970       16.606480
       1900.0000      0.10000000       2.2828506       16.613971
       1900.0000      0.30000000       2.3170308       16.617635
       1900.0000       1.0000000       2.3387783       16.619798
       1900.0000       3.0000000       2.3501675       16.620836
       1900.0000       10.000000       2.3573484       16.621414
       1900.0000       30.000000       2.3610744       16.621681
       1900.0000       100.00000       2.3633905       16.621835
       1900.0000       300.00000       2.3645920       16.621913
       1900.0000       1000.0000       2.3653341       16.621979
       1900.0000       3000.0000       2.3647399       16.622083
       1900.0000       10000.000       2.3635392       16.622598
       1900.0000       30000.000       2.3634355       16.625563
       1900.0000       100000.00       2.3622011       16.650313
       1900.0000       300000.00       2.3619996       16.669938
       2000.0000    0.0010000000       1.5266845       16.538097
       2000.0000    0.0030000000       1.7189826       16.668976
       2000.0000     0.010000000       1.9332196       16.735887
       2000.0000     0.030000000       2.0878295       16.765672
       2000.0000      0.10000000       2.2029140       16.782238
       2000.0000      0.30000000       2.2683915       16.790132
       2000.0000       1.0000000       2.3112354       16.794785
       2000.0000       3.0000000       2.3339459       16.797062
       2000.0000       10.000000       2.3483145       16.798386
       2000.0000       30.000000       2.3557907       16.799017
       2000.0000       100.00000       2.3604752       16.799378
       2000.0000       300.00000       2.3629326       16.799554
       2000.0000       1000.0000       2.3644055       16.799676
       2000.0000       3000.0000       2.3652016       16.799787
       2000.0000       10000.000       2.3646872       16.800206
       2000.0000       30000.000       2.3636459       16.802510
       2000.0000       100000.00       2.3639323       16.815317
       2000.0000       300000.00       2.3631828       16.846840
       2150.0000    0.0010000000       1.3370072       15.797049
       2150.0000    0.0030000000       1.4202295       16.578223
       2150.0000     0.010000000       1.5914184       16.857444
       2150.0000     0.030000000       1.7921556       16.952989
       2150.0000      0.10000000       1.9944606       17.003173
       2150.0000      0.30000000       2.1315672       17.026003
       2150.0000       1.0000000       2.2301537       17.038972
       2150.0000       3.0000000       2.2851894       17.045234
       2150.0000       10.000000       2.3208400       17.048939
       2150.0000       30.000000       2.3396741       17.050745
       2150.0000       100.00000       2.3515488       17.051802
       2150.0000       300.00000       2.3576925       17.052316
       2150.0000       1000.0000       2.3615453       17.052630
       2150.0000       3000.0000       2.3635295       17.052829
       2150.0000       10000.000       2.3647887       17.053186
       2150.0000       30000.000       2.3654397       17.054808
       2150.0000       100000.00       2.3640953       17.065954
       2150.0000       300000.00       2.3645851       17.095430
       2300.0000    0.0010000000       1.2941159       12.321305
       2300.0000    0.0030000000       1.3150693       15.191444
       2300.0000     0.010000000       1.3776567       16.573187
       2300.0000     0.030000000       1.5011891       17.001340
       2300.0000      0.10000000       1.7070280       17.156573
       2300.0000      0.30000000       1.9054065       17.216752
       2300.0000       1.0000000       2.0803693       17.249593
       2300.0000       3.0000000       2.1899491       17.264935
       2300.0000       10.000000       2.2654938       17.273839
       2300.0000       30.000000       2.3066591       17.278186
       2300.0000       100.00000       2.3330514       17.280761
       2300.0000       300.00000       2.3468931       17.282020
       2300.0000       1000.0000       2.3555904       17.282776
       2300.0000       3000.0000       2.3600852       17.283178
       2300.0000       10000.000       2.3628778       17.283598
       2300.0000       30000.000       2.3643418       17.284842
       2300.0000       100000.00       2.3653852       17.293818
       2300.0000       300000.00       2.3647940       17.326999
       2450.0000    0.0010000000       1.2853894       6.8250760
       2450.0000    0.0030000000       1.2907081       11.148000
       2450.0000     0.010000000       1.3081119       14.871553
       2450.0000     0.030000000       1.3522420       16.510244
       2450.0000      0.10000000       1.4655431       17.164725
       2450.0000      0.30000000       1.6402091       17.353073
       2450.0000       1.0000000       1.8609747       17.432160
       2450.0000       3.0000000       2.0336950       17.466755
       2450.0000       10.000000       2.1682177       17.486287
       2450.0000       30.000000       2.2467334       17.495654
       2450.0000       100.00000       2.2988352       17.501176
       2450.0000       300.00000       2.3266982       17.503892
       2450.0000       1000.0000       2.3443513       17.505511
       2450.0000       3000.0000       2.3535350       17.506334
       2450.0000       10000.000       2.3592779       17.506964
       2450.0000       30000.000       2.3622131       17.508054
       2450.0000       100000.00       2.3641496       17.515190
       2450.0000       300000.00       2.3655736       17.548298
       2600.0000    0.0010000000       1.2826476       3.3572474
       2600.0000    0.0030000000       1.2845376       6.2070335
       2600.0000     0.010000000       1.2898793       10.918810
       2600.0000     0.030000000       1.3037250       14.576533
       2600.0000      0.10000000       1.3468537       16.613788
       2600.0000      0.30000000       1.4410637       17.303985
       2600.0000       1.0000000       1.6236801       17.548201
       2600.0000       3.0000000       1.8257487       17.626283
       2600.0000       10.000000       2.0210552       17.666260
       2600.0000       30.000000       2.1500297       17.684902
       2600.0000       100.00000       2.2415014       17.695733
       2600.0000       300.00000       2.2921720       17.701020
       2600.0000       1000.0000       2.3249219       17.704168
       2600.0000       3000.0000       2.3421530       17.705745
       2600.0000       10000.000       2.3529684       17.706798
       2600.0000       30000.000       2.3585675       17.707922
       2600.0000       100000.00       2.3620808       17.713740
       2600.0000       300000.00       2.3641550       17.744578
       2800.0000    0.0010000000       1.2811932       1.8401606
       2800.0000    0.0030000000       1.2818225       2.7659647
       2800.0000     0.010000000       1.2833356       5.2960758
       2800.0000     0.030000000       1.2869341       9.3677189
       2800.0000      0.10000000       1.2980618       13.906127
       2800.0000      0.30000000       1.3266949       16.331269
       2800.0000       1.0000000       1.4073605       17.410149
       2800.0000       3.0000000       1.5524430       17.734876
       2800.0000       10.000000       1.7687114       17.850896
       2800.0000       30.000000       1.9593380       17.894444
       2800.0000       100.00000       2.1184046       17.918438
       2800.0000       300.00000       2.2149103       17.929937
       2800.0000       1000.0000       2.2803392       17.936726
       2800.0000       3000.0000       2.3156830       17.940085
       2800.0000       10000.000       2.3381963       17.942170
       2800.0000       30000.000       2.3499326       17.943655
       2800.0000       100000.00       2.3572593       17.948430
       2800.0000       300000.00       2.3611928       17.975126
       3000.0000    0.0010000000       1.2800640       1.4818689
       3000.0000    0.0030000000       1.2806651       1.7665878
       3000.0000     0.010000000       1.2813879       2.6733279
       3000.0000     0.030000000       1.2825697       4.7645219
       3000.0000      0.10000000       1.2859344       9.0425296
       3000.0000      0.30000000       1.2946675       13.382993
       3000.0000       1.0000000       1.3221634       16.363128
       3000.0000       3.0000000       1.3872223       17.505122
       3000.0000       10.000000       1.5345231       17.935622
       3000.0000       30.000000       1.7282422       18.058557
       3000.0000       100.00000       1.9415446       18.110479
       3000.0000       300.00000       2.0940272       18.133318
       3000.0000       1000.0000       2.2069163       18.146501
       3000.0000       3000.0000       2.2709725       18.152948
       3000.0000       10000.000       2.3128605       18.156843
       3000.0000       30000.000       2.3350192       18.159105
       3000.0000       100000.00       2.3489507       18.163492
       3000.0000       300000.00       2.3562143       18.186334
       3250.0000    0.0010000000       1.2778217       1.3819152
       3250.0000    0.0030000000       1.2789134       1.4592394
       3250.0000     0.010000000       1.2798233       1.7169148
       3250.0000     0.030000000       1.2806236       2.3924519
       3250.0000      0.10000000       1.2818370       4.3357964
       3250.0000      0.30000000       1.2842387       7.9158902
       3250.0000       1.0000000       1.2916915       12.835602
       3250.0000       3.0000000       1.3113063       16.023977
       3250.0000       10.000000       1.3696477       17.614909
       3250.0000       30.000000       1.4866575       18.129073
       3250.0000       100.00000       1.6879132       18.309296
       3250.0000       300.00000       1.8879661       18.365512
       3250.0000       1000.0000       2.0678258       18.393375
       3250.0000       3000.0000       2.1816986       18.406427
       3250.0000       10000.000       2.2606298       18.414128
       3250.0000       30000.000       2.3037942       18.418141
       3250.0000       100000.00       2.3314234       18.422851
       3250.0000       300000.00       2.3457956       18.442121
       3500.0000    0.0010000000       1.2734391       1.3806275
       3500.0000    0.0030000000       1.2752204       1.4081351
       3500.0000     0.010000000       1.2772186       1.4949840
       3500.0000     0.030000000       1.2786552       1.7250270
       3500.0000      0.10000000       1.2798986       2.4588223
       3500.0000      0.30000000       1.2811510       4.1959431
       3500.0000       1.0000000       1.2837902       8.0666125
       3500.0000       3.0000000       1.2901264       12.613264
       3500.0000       10.000000       1.3104308       16.232764
       3500.0000       30.000000       1.3606147       17.764402
       3500.0000       100.00000       1.4841715       18.376320
       3500.0000       300.00000       1.6653577       18.553100
       3500.0000       1000.0000       1.8850115       18.618133
       3500.0000       3000.0000       2.0521349       18.643238
       3500.0000       10000.000       2.1802228       18.657201
       3500.0000       30000.000       2.2542315       18.664110
       3500.0000       100000.00       2.3030950       18.670043
       3500.0000       300000.00       2.3289904       18.687226
       3750.0000    0.0010000000       1.2715553       1.4613020
       3750.0000    0.0030000000       1.2720192       1.4727941
       3750.0000     0.010000000       1.2731910       1.5104661
       3750.0000     0.030000000       1.2749392       1.6073331
       3750.0000      0.10000000       1.2770979       1.9063927
       3750.0000      0.30000000       1.2788399       2.6576441
       3750.0000       1.0000000       1.2806981       4.7598424
       3750.0000       3.0000000       1.2834581       8.4920714
       3750.0000       10.000000       1.2911909       13.426394
       3750.0000       30.000000       1.3111883       16.559071
       3750.0000       100.00000       1.3706806       18.120266
       3750.0000       300.00000       1.4893774       18.629184
       3750.0000       1000.0000       1.6917357       18.808962
       3750.0000       3000.0000       1.8914645       18.862606
       3750.0000       10000.000       2.0703103       18.887392
       3750.0000       30000.000       2.1832231       18.898756
       3750.0000       100000.00       2.2613389       18.906932
       3750.0000       300000.00       2.3038882       18.923345
       4000.0000    0.0010000000       1.2713364       1.7526154
       4000.0000    0.0030000000       1.2713851       1.7572388
       4000.0000     0.010000000       1.2715852       1.7732038
       4000.0000     0.030000000       1.2721047       1.8174120
       4000.0000      0.10000000       1.2733851       1.9606195
       4000.0000      0.30000000       1.2752867       2.3201495
       4000.0000       1.0000000       1.2777143       3.3641261
       4000.0000       3.0000000       1.2800604       5.6128087
       4000.0000       10.000000       1.2840215       9.9953994
       4000.0000       30.000000       1.2927437       14.325373
       4000.0000       100.00000       1.3198201       17.306112
       4000.0000       300.00000       1.3840576       18.472902
       4000.0000       1000.0000       1.5300346       18.925924
       4000.0000       3000.0000       1.7230341       19.055656
       4000.0000       10000.000       1.9369226       19.103646
       4000.0000       30000.000       2.0905499       19.122162
       4000.0000       100000.00       2.2044378       19.133763
       4000.0000       300000.00       2.2690338       19.150544
