Li Na K Rb Cs
  4.5000E-38  4.5000E-38  4.5000E-38  4.5000E-38  4.5000E-38
  4.5000E-38  4.5000E-38  4.5000E-38  4.5000E-38  4.5000E-38
  4.5000E-38  4.5000E-38  4.5000E-38  4.5000E-38  4.5000E-38
  4.5000E-38  4.5000E-38  4.5000E-38  4.5000E-38  4.5000E-38
  4.5000E-38  4.5000E-38  4.5000E-38  4.5000E-38  4.5000E-38
  4.5000E-38  4.5000E-38  4.5000E-38  4.5000E-38  4.5000E-38
  4.5000E-38  4.5000E-38  4.5000E-38  4.5000E-38  4.5000E-38
  4.5000E-38  4.5000E-38  4.5000E-38  4.5000E-38  4.5000E-38
  4.5000E-38  4.5000E-38  4.5000E-38  4.5000E-38  4.5000E-38
  4.5000E-38  4.5000E-38  4.5000E-38  4.5000E-38  4.5000E-38
  4.5000E-38  4.5000E-38  4.5000E-38  4.5000E-38  4.5000E-38
  4.5000E-38  4.5000E-38  4.5000E-38  4.5000E-38  4.5000E-38
  4.5000E-38  4.5000E-38  4.5000E-38  4.5000E-38  4.5000E-38
  4.5000E-38  4.5000E-38  4.5000E-38  4.5000E-38  4.5000E-38
  4.5000E-38  4.5000E-38  4.5000E-38  4.5000E-38  4.5000E-38
  4.5000E-38  4.5000E-38  4.5000E-38  4.5000E-38  4.5000E-38
  4.5000E-38  4.5000E-38  4.5000E-38  4.5000E-38  4.5000E-38
  4.5000E-38  4.5000E-38  4.5000E-38  4.5000E-38  4.5000E-38
  4.5000E-38  4.5000E-38  4.5000E-38  4.5000E-38  4.5000E-38
  4.5000E-38  4.5000E-38  4.5000E-38  4.5000E-38  4.5000E-38
  4.5000E-38  4.5000E-38  4.5000E-38  4.5000E-38  4.5000E-38
  4.5000E-38  4.5000E-38  4.5000E-38  4.5000E-38  4.5000E-38
  4.5000E-38  4.5000E-38  4.5000E-38  4.5000E-38  4.5000E-38
  4.5000E-38  4.5000E-38  4.5000E-38  4.5000E-38  4.5000E-38
  4.5000E-38  4.5000E-38  4.5000E-38  4.5000E-38  4.5000E-38
  4.5000E-38  4.5000E-38  4.5000E-38  4.5000E-38  4.5000E-38
  4.5000E-38  4.5000E-38  4.5000E-38  4.5000E-38  4.5000E-38
  4.5000E-38  4.5000E-38  4.5000E-38  4.5000E-38  4.5000E-38
  4.5000E-38  4.5000E-38  4.5000E-38  4.5000E-38  4.5000E-38
  4.5000E-38  4.5000E-38  4.5000E-38  4.5000E-38  4.5000E-38
  4.5000E-38  4.5000E-38  4.5000E-38  4.5000E-38  4.5000E-38
  4.5000E-38  4.5000E-38  4.5000E-38  4.5000E-38  4.5000E-38
  4.5000E-38  4.5000E-38  4.5000E-38  4.5000E-38  4.5000E-38
  4.5000E-38  4.5000E-38  4.5000E-38  4.5000E-38  4.5000E-38
  4.5000E-38  4.5000E-38  4.5000E-38  4.5000E-38  4.5000E-38
  4.5000E-38  4.5000E-38  4.5000E-38  4.5000E-38  4.5000E-38
  4.5000E-38  4.5000E-38  4.5000E-38  4.5000E-38  4.5000E-38
  4.5000E-38  4.5000E-38  4.5000E-38  4.5000E-38  4.5000E-38
  4.5000E-38  4.5000E-38  4.5000E-38  4.5000E-38  4.5000E-38
  4.5000E-38  4.5000E-38  4.5000E-38  4.5000E-38  4.5000E-38
  4.5000E-38  4.5000E-38  4.5000E-38  4.5000E-38  4.5000E-38
  4.5000E-38  4.5000E-38  4.5000E-38  4.5000E-38  4.5000E-38
  4.5000E-38  4.5000E-38  4.5000E-38  4.5000E-38  4.5000E-38
  4.5000E-38  4.5000E-38  4.5000E-38  4.5000E-38  4.5000E-38
  4.5000E-38  4.5000E-38  4.5000E-38  4.5000E-38  4.5000E-38
  4.5000E-38  4.5000E-38  4.5000E-38  4.5000E-38  4.5000E-38
  4.5000E-38  4.5000E-38  4.5000E-38  4.5000E-38  4.5000E-38
  4.5000E-38  4.5000E-38  4.5000E-38  4.5000E-38  4.5000E-38
  4.5000E-38  4.5000E-38  4.5000E-38  4.5000E-38  4.5000E-38
  4.5000E-38  4.5000E-38  4.5000E-38  4.5000E-38  4.5000E-38
  4.5000E-38  4.5000E-38  4.5000E-38  4.5000E-38  4.5000E-38
  4.5000E-38  4.5000E-38  4.5000E-38  4.5000E-38  4.5000E-38
  4.5000E-38  4.5000E-38  4.5000E-38  4.5000E-38  4.5000E-38
  4.5000E-38  4.5000E-38  4.5000E-38  4.5000E-38  4.5000E-38
  4.5000E-38  4.5000E-38  4.5000E-38  4.5000E-38  4.5000E-38
  4.5000E-38  4.5000E-38  4.5000E-38  4.5000E-38  4.5000E-38
  4.5000E-38  4.5000E-38  4.5000E-38  4.5000E-38  4.5000E-38
  4.5000E-38  4.5000E-38  4.5000E-38  4.5000E-38  4.5000E-38
  4.5000E-38  4.5000E-38  4.5000E-38  4.5000E-38  4.5000E-38
  4.5000E-38  4.5000E-38  4.5000E-38  4.5000E-38  4.5000E-38
  4.5000E-38  4.5000E-38  4.5000E-38  4.5000E-38  4.5000E-38
  4.5000E-38  4.5000E-38  4.5000E-38  4.5000E-38  4.5000E-38
  4.5000E-38  4.5000E-38  4.5000E-38  4.5000E-38  4.5000E-38
  4.5000E-38  4.5000E-38  4.5000E-38  4.5000E-38  4.5000E-38
  4.5000E-38  4.5000E-38  4.5000E-38  4.5000E-38  4.5000E-38
  4.5000E-38  4.5000E-38  4.5000E-38  4.5000E-38  4.5000E-38
  4.5000E-38  4.5000E-38  4.5000E-38  4.5000E-38  4.5000E-38
  4.5000E-38  4.5000E-38  4.5000E-38  4.5000E-38  4.5000E-38
  4.5000E-38  4.5000E-38  4.5000E-38  4.5000E-38  4.5000E-38
  4.5000E-38  4.5000E-38  4.5000E-38  4.5000E-38  4.5000E-38
  4.5000E-38  4.5000E-38  4.5000E-38  4.5000E-38  4.5000E-38
  4.5000E-38  4.5000E-38  4.5000E-38  4.5000E-38  4.5000E-38
  4.5000E-38  4.5000E-38  4.5000E-38  4.5000E-38  4.5000E-38
  4.5000E-38  4.5000E-38  4.5000E-38  4.5000E-38  4.5000E-38
  4.5000E-38  4.5000E-38  4.5000E-38  4.5000E-38  4.5000E-38
  4.5000E-38  4.5000E-38  4.5000E-38  4.5000E-38  4.5000E-38
  4.5000E-38  4.5000E-38  4.5000E-38  4.5000E-38  4.5000E-38
  4.5000E-38  4.5000E-38  4.5000E-38  4.5000E-38  4.5000E-38
  4.5000E-38  4.5000E-38  4.5000E-38  4.5000E-38  4.5000E-38
  4.5000E-38  4.5000E-38  4.5000E-38  4.5000E-38  4.5000E-38
  4.5000E-38  4.5000E-38  4.5000E-38  4.5000E-38  4.5000E-38
  4.5000E-38  4.5000E-38  4.5000E-38  4.5000E-38  4.5000E-38
  4.5000E-38  4.5000E-38  4.5000E-38  4.5000E-38  4.5000E-38
  4.5000E-38  4.5000E-38  4.5000E-38  4.5000E-38  4.5000E-38
  4.5000E-38  4.5000E-38  4.5000E-38  4.5000E-38  4.5000E-38
  4.5000E-38  4.5000E-38  4.5000E-38  4.5000E-38  4.5000E-38
  4.5000E-38  4.5000E-38  4.5000E-38  4.5000E-38  4.5000E-38
  4.5000E-38  4.5000E-38  4.5000E-38  4.5000E-38  4.5000E-38
  4.5000E-38  4.5000E-38  4.5000E-38  4.5000E-38  4.5000E-38
  4.5000E-38  4.5000E-38  4.5000E-38  4.5000E-38  4.5000E-38
  4.5000E-38  4.5000E-38  4.5000E-38  4.5000E-38  4.5000E-38
  4.5000E-38  4.5000E-38  4.5000E-38  4.5000E-38  4.5000E-38
  4.5000E-38  4.5000E-38  4.5000E-38  4.5000E-38  4.5000E-38
  4.5000E-38  4.5000E-38  4.5000E-38  4.5000E-38  4.5000E-38
  4.5000E-38  4.5000E-38  4.5000E-38  4.5000E-38  4.5000E-38
  4.5000E-38  4.5000E-38  4.5000E-38  4.5000E-38  4.5000E-38
  4.5000E-38  4.5000E-38  4.5000E-38  4.5000E-38  4.5000E-38
  4.5000E-38  4.5000E-38  4.5000E-38  4.5000E-38  4.5000E-38
  4.5000E-38  4.5000E-38  4.5000E-38  4.5000E-38  4.5000E-38
  4.5000E-38  4.5000E-38  4.5000E-38  4.5000E-38  4.5000E-38
  4.5000E-38  4.5000E-38  4.5000E-38  4.5000E-38  4.5000E-38
  4.5000E-38  4.5000E-38  4.5000E-38  4.5000E-38  4.5000E-38
  4.5000E-38  4.5000E-38  4.5000E-38  4.5000E-38  4.5000E-38
  4.5000E-38  4.5000E-38  4.5000E-38  4.5000E-38  4.5000E-38
  4.5000E-38  4.5000E-38  4.5000E-38  4.5000E-38  4.5000E-38
  4.5000E-38  4.5000E-38  4.5000E-38  4.5000E-38  4.5000E-38
  4.5000E-38  4.5000E-38  4.5000E-38  4.5000E-38  4.5000E-38
  4.5000E-38  4.5000E-38  4.5000E-38  4.5000E-38  4.5000E-38
  4.5000E-38  4.5000E-38  4.5000E-38  4.5000E-38  4.5000E-38
  4.5000E-38  4.5000E-38  4.5000E-38  4.5000E-38  4.5000E-38
  4.5000E-38  4.5000E-38  4.5000E-38  4.5000E-38  4.5000E-38
  4.5000E-38  4.5000E-38  4.5000E-38  4.5000E-38  4.5000E-38
  4.5000E-38  4.5000E-38  4.5000E-38  4.5000E-38  4.5000E-38
  4.5000E-38  4.5000E-38  4.5000E-38  4.5000E-38  4.5000E-38
  4.5000E-38  4.5000E-38  4.5000E-38  4.5000E-38  4.5000E-38
  4.5000E-38  4.5000E-38  4.5000E-38  4.5000E-38  4.5000E-38
  4.5000E-38  4.5000E-38  4.5000E-38  4.5000E-38  4.5000E-38
  4.5000E-38  4.5000E-38  4.5000E-38  4.5000E-38  4.5000E-38
  4.5000E-38  4.5000E-38  4.5000E-38  4.5000E-38  4.5000E-38
  4.5000E-38  4.5000E-38  4.5000E-38  4.5000E-38  4.5000E-38
  4.5000E-38  4.5000E-38  4.5000E-38  4.5000E-38  4.5000E-38
  4.5000E-38  4.5000E-38  4.5000E-38  4.5000E-38  4.5000E-38
  4.5000E-38  4.5000E-38  4.5000E-38  4.5000E-38  4.5000E-38
  4.5000E-38  4.5000E-38  4.5000E-38  4.5000E-38  4.5000E-38
  4.5000E-38  4.5000E-38  4.5000E-38  4.5000E-38  4.5000E-38
  4.5000E-38  4.5000E-38  4.5000E-38  4.5000E-38  4.5000E-38
  4.5000E-38  4.5000E-38  4.5000E-38  4.5000E-38  4.5000E-38
  4.5000E-38  4.5000E-38  4.5000E-38  4.5000E-38  4.5000E-38
  4.5000E-38  4.5000E-38  4.5000E-38  4.5000E-38  4.5000E-38
  4.5000E-38  4.5000E-38  4.5000E-38  4.5000E-38  4.5000E-38
  4.5000E-38  4.5000E-38  4.5000E-38  4.5000E-38  4.5000E-38
  4.5000E-38  4.5000E-38  4.5000E-38  4.5000E-38  4.5000E-38
  4.5000E-38  4.5000E-38  4.5000E-38  4.5000E-38  4.5000E-38
  4.5000E-38  4.5000E-38  4.5000E-38  4.5000E-38  4.5000E-38
  4.5000E-38  4.5000E-38  4.5000E-38  4.5000E-38  4.5000E-38
  4.5000E-38  4.5000E-38  4.5000E-38  4.5000E-38  4.5000E-38
  4.5000E-38  4.5000E-38  4.5000E-38  4.5000E-38  4.5000E-38
  4.5000E-38  4.5000E-38  4.5000E-38  4.5000E-38  4.5000E-38
  4.5000E-38  4.5000E-38  4.5000E-38  4.5000E-38  4.5000E-38
  4.5000E-38  4.5000E-38  4.5000E-38  4.5000E-38  4.5000E-38
  4.5000E-38  4.5000E-38  4.5000E-38  4.5000E-38  4.5000E-38
  4.5000E-38  4.5000E-38  4.5000E-38  4.5000E-38  4.5000E-38
  4.5000E-38  4.5000E-38  4.5000E-38  4.5000E-38  4.5000E-38
  4.5000E-38  4.5000E-38  4.5000E-38  4.5000E-38  4.5000E-38
  4.5000E-38  4.5000E-38  4.5000E-38  4.5000E-38  4.5000E-38
  4.5000E-38  4.5000E-38  4.5000E-38  4.5000E-38  4.5000E-38
  4.5000E-38  4.5000E-38  4.5000E-38  4.5000E-38  4.5000E-38
  4.5000E-38  4.5000E-38  4.5000E-38  4.5000E-38  4.5000E-38
  4.5000E-38  4.5000E-38  4.5000E-38  4.5000E-38  4.5000E-38
  4.5000E-38  4.5000E-38  4.5000E-38  4.5000E-38  4.5000E-38
  4.5000E-38  4.5000E-38  4.5000E-38  4.5000E-38  4.5000E-38
  4.5000E-38  4.5000E-38  4.5000E-38  4.5000E-38  4.5000E-38
  4.5000E-38  4.5000E-38  4.5000E-38  4.5000E-38  4.5000E-38
  4.5000E-38  4.5000E-38  4.5000E-38  4.5000E-38  4.5000E-38
  4.5000E-38  4.5000E-38  4.5000E-38  4.5000E-38  4.5000E-38
  4.5000E-38  4.5000E-38  4.5000E-38  4.5000E-38  4.5000E-38
  4.5000E-38  4.5000E-38  4.5000E-38  4.5000E-38  4.5000E-38
  4.5000E-38  4.5000E-38  4.5000E-38  4.5000E-38  4.5000E-38
  4.5000E-38  4.5000E-38  4.5000E-38  4.5000E-38  4.5000E-38
  4.5000E-38  4.5000E-38  4.5000E-38  4.5000E-38  4.5000E-38
  4.5000E-38  4.5000E-38  4.5000E-38  4.5000E-38  4.5000E-38
  4.5000E-38  4.5000E-38  4.5000E-38  4.5000E-38  4.5000E-38
  4.5000E-38  4.5000E-38  4.5000E-38  4.5000E-38  4.5000E-38
  4.5000E-38  4.5000E-38  4.5000E-38  4.5000E-38  4.5000E-38
  4.5000E-38  4.5000E-38  4.5000E-38  4.5000E-38  4.5000E-38
  4.5000E-38  4.5000E-38  4.5000E-38  4.5000E-38  4.5000E-38
  4.5000E-38  4.5000E-38  4.5000E-38  4.5000E-38  4.5000E-38
  4.5000E-38  4.5000E-38  4.5000E-38  4.5000E-38  4.5000E-38
  4.5000E-38  4.5000E-38  4.5000E-38  4.5000E-38  4.5000E-38
  4.5000E-38  4.5000E-38  4.5000E-38  4.5000E-38  4.5000E-38
  4.5000E-38  4.5000E-38  4.5000E-38  4.5000E-38  4.5000E-38
  4.5000E-38  4.5000E-38  4.5000E-38  4.5000E-38  4.5000E-38
  4.5000E-38  4.5000E-38  4.5000E-38  4.5000E-38  4.5000E-38
  4.5000E-38  4.5000E-38  4.5000E-38  4.5000E-38  4.5000E-38
  4.5000E-38  4.5000E-38  4.5000E-38  4.5000E-38  4.5000E-38
  4.5000E-38  4.5000E-38  4.5000E-38  4.5000E-38  4.5000E-38
  4.5000E-38  4.5000E-38  4.5000E-38  4.5000E-38  4.5000E-38
  4.5000E-38  4.5000E-38  4.5000E-38  4.5000E-38  4.5000E-38
  4.5000E-38  4.5000E-38  4.5000E-38  4.5000E-38  4.5000E-38
  4.5000E-38  4.5000E-38  4.5000E-38  4.5000E-38  4.5000E-38
  4.5000E-38  4.5000E-38  4.5000E-38  4.5000E-38  4.5000E-38
  4.5000E-38  4.5000E-38  4.5000E-38  4.5000E-38  4.5000E-38
  4.5000E-38  4.5000E-38  4.5000E-38  4.5000E-38  4.5000E-38
  4.5000E-38  4.5000E-38  4.5000E-38  4.5000E-38  4.5000E-38
  4.5000E-38  4.5000E-38  4.5000E-38  4.5000E-38  4.5000E-38
  4.5000E-38  4.5000E-38  4.5000E-38  4.5000E-38  4.5000E-38
  4.5000E-38  4.5000E-38  4.5000E-38  4.5000E-38  4.5000E-38
  4.5000E-38  4.5000E-38  4.5000E-38  4.5000E-38  4.5000E-38
  4.5000E-38  4.5000E-38  4.5000E-38  4.5000E-38  4.5000E-38
  4.5000E-38  4.5000E-38  4.5000E-38  4.5000E-38  4.5000E-38
  4.5000E-38  4.5000E-38  4.5000E-38  4.5000E-38  4.5000E-38
  4.5000E-38  4.5000E-38  4.5000E-38  4.5000E-38  4.5000E-38
  4.5000E-38  4.5000E-38  4.5000E-38  4.5000E-38  4.5000E-38
  4.5000E-38  4.5000E-38  4.5000E-38  4.5000E-38  4.5000E-38
  4.5000E-38  4.5000E-38  4.5000E-38  4.5000E-38  4.5000E-38
  4.5000E-38  4.5000E-38  4.5000E-38  4.5000E-38  4.5000E-38
  4.5000E-38  4.5000E-38  4.5000E-38  4.5000E-38  4.5000E-38
  4.5000E-38  4.5000E-38  4.5000E-38  4.5000E-38  4.5000E-38
  4.5000E-38  4.5000E-38  4.5000E-38  4.5000E-38  4.5000E-38
  4.5000E-38  4.5000E-38  4.5000E-38  4.5000E-38  4.5000E-38
  4.5000E-38  4.5000E-38  4.5000E-38  4.5000E-38  4.5000E-38
  4.5000E-38  4.5000E-38  4.5000E-38  4.5000E-38  4.5000E-38
  4.5000E-38  4.5000E-38  4.5000E-38  4.5000E-38  4.5000E-38
  4.5000E-38  4.5000E-38  4.5000E-38  4.5000E-38  4.5000E-38
  4.5000E-38  4.5000E-38  4.5000E-38  4.5000E-38  4.5000E-38
  4.5000E-38  4.5000E-38  4.5000E-38  4.5000E-38  4.5000E-38
  4.5000E-38  4.5000E-38  4.5000E-38  4.5000E-38  4.5000E-38
  4.5000E-38  4.5000E-38  4.5000E-38  4.5000E-38  4.5000E-38
  4.5000E-38  4.5000E-38  4.5000E-38  4.5000E-38  4.5000E-38
  4.5000E-38  4.5000E-38  4.5000E-38  4.5000E-38  4.5000E-38
  4.5000E-38  4.5000E-38  4.5000E-38  4.5000E-38  4.5000E-38
  4.5000E-38  4.5000E-38  4.5000E-38  4.5000E-38  4.5000E-38
  4.5000E-38  4.5000E-38  4.5000E-38  4.5000E-38  4.5000E-38
  4.5000E-38  4.5000E-38  4.5000E-38  4.5000E-38  4.5000E-38
  4.5000E-38  4.5000E-38  4.5000E-38  4.5000E-38  4.5000E-38
  4.5000E-38  4.5000E-38  4.5000E-38  4.5000E-38  4.5000E-38
  4.5000E-38  4.5000E-38  4.5000E-38  4.5000E-38  4.5000E-38
  4.5000E-38  4.5000E-38  4.5000E-38  4.5000E-38  4.5000E-38
  4.5000E-38  4.5000E-38  4.5000E-38  4.5000E-38  4.5000E-38
  4.5000E-38  4.5000E-38  4.5000E-38  4.5000E-38  4.5000E-38
  4.5000E-38  4.5000E-38  4.5000E-38  4.5000E-38  4.5000E-38
  4.5000E-38  4.5000E-38  4.5000E-38  4.5000E-38  4.5000E-38
  4.5000E-38  4.5000E-38  4.5000E-38  4.5000E-38  4.5000E-38
  4.5000E-38  4.5000E-38  4.5000E-38  4.5000E-38  4.5000E-38
  4.5000E-38  4.5000E-38  4.5000E-38  4.5000E-38  4.5000E-38
  4.5000E-38  4.5000E-38  4.5000E-38  4.5000E-38  4.5000E-38
  4.5000E-38  4.5000E-38  4.5000E-38  4.5000E-38  4.5000E-38
  4.5000E-38  4.5000E-38  4.5000E-38  4.5000E-38  4.5000E-38
  4.5000E-38  4.5000E-38  4.5000E-38  4.5000E-38  4.5000E-38
  4.5000E-38  4.5000E-38  4.5000E-38  4.5000E-38  4.5000E-38
  4.5000E-38  4.5000E-38  4.5000E-38  4.5000E-38  4.5000E-38
  4.5000E-38  4.5000E-38  4.5000E-38  4.5000E-38  4.5000E-38
  4.5000E-38  4.5000E-38  4.5000E-38  4.5000E-38  4.5000E-38
  4.5000E-38  4.5000E-38  4.5000E-38  4.5000E-38  4.5000E-38
  4.5000E-38  4.5000E-38  4.5000E-38  4.5000E-38  4.5000E-38
  4.5000E-38  4.5000E-38  4.5000E-38  4.5000E-38  4.5000E-38
  4.5000E-38  4.5000E-38  4.5000E-38  4.5000E-38  4.5000E-38
  4.5000E-38  4.5000E-38  4.5000E-38  4.5000E-38  4.5000E-38
  4.5000E-38  4.5000E-38  4.5000E-38  4.5000E-38  4.5000E-38
  4.5000E-38  4.5000E-38  4.5000E-38  4.5000E-38  4.5000E-38
  4.5000E-38  4.5000E-38  4.5000E-38  4.5000E-38  4.5000E-38
  4.5000E-38  4.5000E-38  4.5000E-38  4.5000E-38  4.5000E-38
  4.5000E-38  4.5000E-38  4.5000E-38  4.5000E-38  4.5000E-38
  4.5000E-38  4.5000E-38  4.5000E-38  4.5000E-38  4.5000E-38
  4.5000E-38  4.5000E-38  4.5000E-38  4.5000E-38  4.5000E-38
  4.5000E-38  4.5000E-38  4.5000E-38  4.5000E-38  4.5000E-38
  4.5000E-38  4.5000E-38  4.5000E-38  4.5000E-38  4.5000E-38
  4.5000E-38  4.5000E-38  4.5000E-38  4.5000E-38  4.5000E-38
  4.5000E-38  4.5000E-38  4.5000E-38  4.5000E-38  4.5000E-38
  4.5000E-38  4.5000E-38  4.5000E-38  4.5000E-38  4.5000E-38
  4.5000E-38  4.5000E-38  4.5000E-38  4.5000E-38  4.5000E-38
  4.5000E-38  4.5000E-38  4.5000E-38  4.5000E-38  4.5000E-38
  4.5000E-38  4.5000E-38  4.5000E-38  4.5000E-38  4.5000E-38
  4.5000E-38  4.5000E-38  4.5000E-38  4.5000E-38  4.5000E-38
  4.5000E-38  4.5000E-38  4.5000E-38  4.5000E-38  4.5000E-38
  4.5000E-38  4.5000E-38  4.5000E-38  4.5000E-38  4.5000E-38
  4.5000E-38  4.5000E-38  4.5000E-38  4.5000E-38  4.5000E-38
  4.5000E-38  4.5000E-38  4.5000E-38  4.5000E-38  4.5000E-38
  4.5000E-38  4.5000E-38  4.5000E-38  4.5000E-38  4.5000E-38
  4.5000E-38  4.5000E-38  4.5000E-38  4.5000E-38  4.5000E-38
  4.5000E-38  4.5000E-38  4.5000E-38  4.5000E-38  4.5000E-38
  4.5000E-38  4.5000E-38  4.5000E-38  4.5000E-38  4.5000E-38
  4.5000E-38  4.5000E-38  4.5000E-38  4.5000E-38  4.5000E-38
  4.5000E-38  4.5000E-38  4.5000E-38  4.5000E-38  4.5000E-38
  4.5000E-38  4.5000E-38  4.5000E-38  4.5000E-38  4.5000E-38
  4.5000E-38  4.5000E-38  4.5000E-38  4.5000E-38  4.5000E-38
  4.5000E-38  4.5000E-38  4.5000E-38  4.5000E-38  4.5000E-38
  4.5000E-38  4.5000E-38  4.5000E-38  4.5000E-38  4.5000E-38
  4.5000E-38  4.5000E-38  4.5000E-38  4.5000E-38  4.5000E-38
  4.5000E-38  4.5000E-38  4.5000E-38  4.5000E-38  4.5000E-38
  4.5000E-38  4.5000E-38  4.5000E-38  4.5000E-38  4.5000E-38
  4.5000E-38  4.5000E-38  4.5000E-38  4.5000E-38  4.5000E-38
  4.5000E-38  4.5000E-38  4.5000E-38  4.5000E-38  4.5000E-38
  4.5000E-38  4.5000E-38  4.5000E-38  4.5000E-38  4.5000E-38
  4.5000E-38  4.5000E-38  4.5000E-38  4.5000E-38  4.5000E-38
  4.5000E-38  4.5000E-38  4.5000E-38  4.5000E-38  4.5000E-38
  4.5000E-38  4.5000E-38  4.5000E-38  4.5000E-38  4.5000E-38
  4.5000E-38  4.5000E-38  4.5000E-38  4.5000E-38  4.5000E-38
  4.5000E-38  4.5000E-38  4.5000E-38  4.5000E-38  4.5000E-38
  4.5000E-38  4.5000E-38  4.5000E-38  4.5000E-38  4.5000E-38
  4.5000E-38  4.5000E-38  4.5000E-38  4.5000E-38  4.5000E-38
  4.5000E-38  4.5000E-38  4.5000E-38  4.5000E-38  4.5000E-38
  4.5000E-38  4.5000E-38  4.5000E-38  4.5000E-38  4.5000E-38
  4.5000E-38  4.5000E-38  4.5000E-38  4.5000E-38  4.5000E-38
  4.5000E-38  4.5000E-38  4.5000E-38  4.5000E-38  4.5000E-38
  4.5000E-38  4.5000E-38  4.5000E-38  4.5000E-38  4.5000E-38
  4.5000E-38  4.5000E-38  4.5000E-38  4.5000E-38  4.5000E-38
  4.5000E-38  4.5000E-38  4.5000E-38  4.5000E-38  4.5000E-38
  4.5000E-38  4.5000E-38  4.5000E-38  4.5000E-38  4.5000E-38
  4.5000E-38  4.5000E-38  4.5000E-38  4.5000E-38  4.5000E-38
  4.5000E-38  4.5000E-38  4.5000E-38  4.5000E-38  4.5000E-38
  4.5000E-38  4.5000E-38  4.5000E-38  4.5000E-38  4.5000E-38
  4.5000E-38  4.5000E-38  4.5000E-38  4.5000E-38  4.5000E-38
  4.5000E-38  4.5000E-38  4.5000E-38  4.5000E-38  4.5000E-38
  4.5000E-38  4.5000E-38  4.5000E-38  4.5000E-38  4.5000E-38
  4.5000E-38  4.5000E-38  4.5000E-38  4.5000E-38  4.5000E-38
  4.5000E-38  4.5000E-38  4.5000E-38  4.5000E-38  4.5000E-38
  4.5000E-38  4.5000E-38  4.5000E-38  4.5000E-38  4.5000E-38
  4.5000E-38  4.5000E-38  4.5000E-38  4.5000E-38  4.5000E-38
  4.5000E-38  4.5000E-38  4.5000E-38  4.5000E-38  4.5000E-38
  4.5000E-38  4.5000E-38  4.5000E-38  4.5000E-38  4.5000E-38
  4.5000E-38  4.5000E-38  4.5000E-38  4.5000E-38  4.5000E-38
  4.5000E-38  4.5000E-38  4.5000E-38  4.5000E-38  4.5000E-38
  4.5000E-38  4.5000E-38  4.5000E-38  4.5000E-38  4.5000E-38
  4.5000E-38  4.5000E-38  4.5000E-38  4.5000E-38  4.5000E-38
  4.5000E-38  4.5000E-38  4.5000E-38  4.5000E-38  4.5000E-38
  4.5000E-38  4.5000E-38  4.5000E-38  4.5000E-38  4.5000E-38
  4.5000E-38  4.5000E-38  4.5000E-38  4.5000E-38  4.5000E-38
  4.5000E-38  4.5000E-38  4.5000E-38  4.5000E-38  4.5000E-38
  4.5000E-38  4.5000E-38  4.5000E-38  4.5000E-38  4.5000E-38
  4.5000E-38  4.5000E-38  4.5000E-38  4.5000E-38  4.5000E-38
  4.5000E-38  4.5000E-38  4.5000E-38  4.5000E-38  4.5000E-38
  4.5000E-38  4.5000E-38  4.5000E-38  4.5000E-38  4.5000E-38
  4.5000E-38  4.5000E-38  4.5000E-38  4.5000E-38  4.5000E-38
  4.5000E-38  4.5000E-38  4.5000E-38  4.5000E-38  4.5000E-38
  4.5000E-38  4.5000E-38  4.5000E-38  4.5000E-38  4.5000E-38
  4.5000E-38  4.5000E-38  4.5000E-38  4.5000E-38  4.5000E-38
  4.5000E-38  4.5000E-38  4.5000E-38  4.5000E-38  4.5000E-38
  4.5000E-38  4.5000E-38  4.5000E-38  4.5000E-38  4.5000E-38
  4.5000E-38  4.5000E-38  4.5000E-38  4.5000E-38  4.5000E-38
  4.5000E-38  4.5000E-38  4.5000E-38  4.5000E-38  4.5000E-38
  4.5000E-38  4.5000E-38  4.5000E-38  4.5000E-38  4.5000E-38
  4.5000E-38  4.5000E-38  4.5000E-38  4.5000E-38  4.5000E-38
  4.5000E-38  4.5000E-38  4.5000E-38  4.5000E-38  4.5000E-38
  4.5000E-38  4.5000E-38  4.5000E-38  4.5000E-38  4.5000E-38
  4.5000E-38  4.5000E-38  4.5000E-38  4.5000E-38  4.5000E-38
  4.5000E-38  4.5000E-38  4.5000E-38  4.5000E-38  4.5000E-38
  4.5000E-38  4.5000E-38  4.5000E-38  4.5000E-38  4.5000E-38
  4.5000E-38  4.5000E-38  4.5000E-38  4.5000E-38  4.5000E-38
  4.5000E-38  4.5000E-38  4.5000E-38  4.5000E-38  4.5000E-38
  4.5000E-38  4.5000E-38  4.5000E-38  4.5000E-38  4.5000E-38
  4.5000E-38  4.5000E-38  4.5000E-38  4.5000E-38  4.5000E-38
  4.5000E-38  4.5000E-38  4.5000E-38  4.5000E-38  4.5000E-38
  4.5000E-38  4.5000E-38  4.5000E-38  4.5000E-38  4.5000E-38
  4.5000E-38  4.5000E-38  4.5000E-38  4.5000E-38  4.5000E-38
  4.5000E-38  4.5000E-38  4.5000E-38  4.5000E-38  4.5000E-38
  4.5000E-38  4.5000E-38  4.5000E-38  4.5000E-38  4.5000E-38
  4.5000E-38  4.5000E-38  4.5000E-38  4.5000E-38  4.5000E-38
  4.5000E-38  4.5000E-38  4.5000E-38  4.5000E-38  4.5000E-38
  4.5000E-38  4.5000E-38  4.5000E-38  4.5000E-38  4.5000E-38
  4.5000E-38  4.5000E-38  4.5000E-38  4.5000E-38  4.5000E-38
  4.5000E-38  4.5000E-38  4.5000E-38  4.5000E-38  4.5000E-38
  4.5000E-38  4.5000E-38  4.5000E-38  4.5000E-38  4.5000E-38
  4.5000E-38  4.5000E-38  4.5000E-38  4.5000E-38  4.5000E-38
  4.5000E-38  4.5000E-38  4.5000E-38  4.5000E-38  4.5000E-38
  4.5000E-38  4.5000E-38  4.5000E-38  4.5000E-38  4.5000E-38
  4.5000E-38  4.5000E-38  4.5000E-38  4.5000E-38  4.5000E-38
  4.5000E-38  4.5000E-38  4.5000E-38  4.5000E-38  4.5000E-38
  4.5000E-38  4.5000E-38  4.5000E-38  4.5000E-38  4.5000E-38
  4.5000E-38  4.5000E-38  4.5000E-38  4.5000E-38  4.5000E-38
  4.5000E-38  4.5000E-38  4.5000E-38  4.5000E-38  4.5000E-38
  4.5000E-38  4.5000E-38  4.5000E-38  4.5000E-38  4.5000E-38
  4.5000E-38  4.5000E-38  4.5000E-38  4.5000E-38  4.5000E-38
  4.5000E-38  4.5000E-38  4.5000E-38  4.5000E-38  4.5000E-38
  4.5000E-38  4.5000E-38  4.5000E-38  4.5000E-38  4.5000E-38
  4.5000E-38  4.5000E-38  4.5000E-38  4.5000E-38  4.5000E-38
  4.5000E-38  4.5000E-38  4.5000E-38  4.5000E-38  4.5000E-38
  4.5000E-38  4.5000E-38  4.5000E-38  4.5000E-38  4.5000E-38
  4.5000E-38  4.5000E-38  4.5000E-38  4.5000E-38  4.5000E-38
  4.5000E-38  4.5000E-38  4.5000E-38  4.5000E-38  4.5000E-38
  4.5000E-38  4.5000E-38  4.5000E-38  4.5000E-38  4.5000E-38
  4.5000E-38  4.5000E-38  4.5000E-38  4.5000E-38  4.5000E-38
  4.5000E-38  4.5000E-38  4.5000E-38  4.5000E-38  4.5000E-38
  4.5000E-38  4.5000E-38  4.5000E-38  4.5000E-38  4.5000E-38
  4.5000E-38  4.5000E-38  4.5000E-38  4.5000E-38  4.5000E-38
  4.5000E-38  4.5000E-38  4.5000E-38  4.5000E-38  4.5000E-38
  4.5000E-38  4.5000E-38  4.5000E-38  4.5000E-38  4.5000E-38
  4.5000E-38  4.5000E-38  4.5000E-38  4.5000E-38  4.5000E-38
  4.5000E-38  4.5000E-38  4.5000E-38  4.5000E-38  4.5000E-38
  4.5000E-38  4.5000E-38  4.5000E-38  4.5000E-38  4.5000E-38
  4.5000E-38  4.5000E-38  4.5000E-38  4.5000E-38  4.5000E-38
  4.5000E-38  4.5000E-38  4.5000E-38  4.5000E-38  4.5000E-38
  4.5000E-38  4.5000E-38  4.5000E-38  4.5000E-38  4.5000E-38
  4.5000E-38  4.5000E-38  4.5000E-38  4.5000E-38  4.5000E-38
  4.5000E-38  4.5000E-38  4.5000E-38  4.5000E-38  4.5000E-38
  4.5000E-38  4.5000E-38  4.5000E-38  4.5000E-38  4.5000E-38
  4.5000E-38  4.5000E-38  4.5000E-38  4.5000E-38  4.5000E-38
  4.5000E-38  4.5000E-38  4.5000E-38  4.5000E-38  4.5000E-38
  4.5000E-38  4.5000E-38  4.5000E-38  4.5000E-38  4.5000E-38
  4.5000E-38  4.5000E-38  4.5000E-38  4.5000E-38  4.5000E-38
  4.5000E-38  4.5000E-38  4.5000E-38  4.5000E-38  4.5000E-38
  4.5000E-38  4.5000E-38  4.5000E-38  4.5000E-38  4.5000E-38
  4.5000E-38  4.5000E-38  4.5000E-38  4.5000E-38  4.5000E-38
  4.5000E-38  4.5000E-38  4.5000E-38  4.5000E-38  4.5000E-38
  4.5000E-38  4.5000E-38  4.5000E-38  4.5000E-38  4.5000E-38
  4.5000E-38  4.5000E-38  4.5000E-38  4.5000E-38  4.5000E-38
  4.5000E-38  4.5000E-38  4.5000E-38  4.5000E-38  4.5000E-38
  4.5000E-38  4.5000E-38  4.5000E-38  4.5000E-38  4.5000E-38
  4.5000E-38  4.5000E-38  4.5000E-38  4.5000E-38  4.5000E-38
  4.5000E-38  4.5000E-38  4.5000E-38  4.5000E-38  4.5000E-38
  4.5000E-38  4.5000E-38  4.5000E-38  4.5000E-38  4.5000E-38
  4.5000E-38  4.5000E-38  4.5000E-38  4.5000E-38  4.5000E-38
  4.5000E-38  4.5000E-38  4.5000E-38  4.5000E-38  4.5000E-38
  4.5000E-38  4.5000E-38  4.5000E-38  4.5000E-38  4.5000E-38
  4.5000E-38  4.5000E-38  4.5000E-38  4.5000E-38  4.5000E-38
  4.5000E-38  4.5000E-38  4.5000E-38  4.5000E-38  4.5000E-38
  4.5000E-38  4.5000E-38  4.5000E-38  4.5000E-38  4.5000E-38
  4.5000E-38  4.5000E-38  4.5000E-38  4.5000E-38  4.5000E-38
  4.5000E-38  4.5000E-38  4.5000E-38  4.5000E-38  4.5000E-38
  4.5000E-38  4.5000E-38  4.5000E-38  4.5000E-38  4.5000E-38
  4.5000E-38  4.5000E-38  4.5000E-38  4.5000E-38  4.5000E-38
  4.5000E-38  4.5000E-38  4.5000E-38  4.5000E-38  4.5000E-38
  4.5000E-38  4.5000E-38  4.5000E-38  4.5000E-38  4.5000E-38
  4.5000E-38  4.5000E-38  4.5000E-38  4.5000E-38  4.5000E-38
  4.5000E-38  4.5000E-38  4.5000E-38  4.5000E-38  4.5000E-38
  4.5000E-38  4.5000E-38  4.5000E-38  4.5000E-38  4.5000E-38
  4.5000E-38  4.5000E-38  4.5000E-38  4.5000E-38  4.5000E-38
  4.5000E-38  4.5000E-38  4.5000E-38  4.5000E-38  4.5000E-38
  4.5000E-38  4.5000E-38  4.5000E-38  4.5000E-38  4.5000E-38
  4.5000E-38  4.5000E-38  4.5000E-38  4.5000E-38  4.5000E-38
  4.5000E-38  4.5000E-38  4.5000E-38  4.5000E-38  4.5000E-38
  4.5000E-38  4.5000E-38  4.5000E-38  4.5000E-38  4.5000E-38
  4.5000E-38  4.5000E-38  4.5000E-38  4.5000E-38  4.5000E-38
  4.5000E-38  4.5000E-38  4.5000E-38  4.5000E-38  4.5000E-38
  4.5000E-38  4.5000E-38  4.5000E-38  4.5000E-38  4.5000E-38
  4.5000E-38  4.5000E-38  4.5000E-38  4.5000E-38  4.5000E-38
  4.5000E-38  4.5000E-38  4.5000E-38  4.5000E-38  4.5000E-38
  4.5000E-38  4.5000E-38  4.5000E-38  4.5000E-38  4.5000E-38
  4.5000E-38  4.5000E-38  4.5000E-38  4.5000E-38  4.5000E-38
  4.5000E-38  4.5000E-38  4.5000E-38  4.5000E-38  4.5000E-38
  4.5000E-38  4.5000E-38  4.5000E-38  4.5000E-38  4.5000E-38
  4.5000E-38  4.5000E-38  4.5000E-38  4.5000E-38  4.5000E-38
  4.5000E-38  4.5000E-38  4.5000E-38  4.5000E-38  4.5000E-38
  4.5000E-38  4.5000E-38  4.5000E-38  4.5000E-38  4.5000E-38
  4.5000E-38  4.5000E-38  4.5000E-38  4.5000E-38  4.5000E-38
  4.5000E-38  4.5000E-38  4.5000E-38  4.5000E-38  4.5000E-38
  4.5000E-38  4.5000E-38  4.5000E-38  4.5000E-38  4.5000E-38
  4.5000E-38  4.5000E-38  4.5000E-38  4.5000E-38  4.5000E-38
  4.5000E-38  4.5000E-38  4.5000E-38  4.5000E-38  4.5000E-38
  4.5000E-38  4.5000E-38  4.5000E-38  4.5000E-38  4.5000E-38
  4.5000E-38  4.5000E-38  4.5000E-38  4.5000E-38  4.5000E-38
  4.5000E-38  4.5000E-38  4.5000E-38  4.5000E-38  4.5000E-38
  4.5000E-38  4.5000E-38  4.5000E-38  4.5000E-38  4.5000E-38
  4.5000E-38  4.5000E-38  4.5000E-38  4.5000E-38  4.5000E-38
  4.5000E-38  4.5000E-38  4.5000E-38  4.5000E-38  4.5000E-38
  4.5000E-38  4.5000E-38  4.5000E-38  4.5000E-38  4.5000E-38
  4.5000E-38  4.5000E-38  4.5000E-38  4.5000E-38  4.5000E-38
  4.5000E-38  4.5000E-38  4.5000E-38  4.5000E-38  4.5000E-38
  4.5000E-38  4.5000E-38  4.5000E-38  4.5000E-38  4.5000E-38
  4.5000E-38  4.5000E-38  4.5000E-38  4.5000E-38  4.5000E-38
  4.5000E-38  4.5000E-38  4.5000E-38  4.5000E-38  4.5000E-38
  4.5000E-38  4.5000E-38  4.5000E-38  4.5000E-38  4.5000E-38
  4.5000E-38  4.5000E-38  4.5000E-38  4.5000E-38  4.5000E-38
  4.5000E-38  4.5000E-38  4.5000E-38  4.5000E-38  4.5000E-38
  4.5000E-38  4.5000E-38  4.5000E-38  4.5000E-38  4.5000E-38
  4.5000E-38  4.5000E-38  4.5000E-38  4.5000E-38  4.5000E-38
  4.5000E-38  4.5000E-38  4.5000E-38  4.5000E-38  4.5000E-38
  4.5000E-38  4.5000E-38  4.5000E-38  4.5000E-38  4.5000E-38
  4.5000E-38  4.5000E-38  4.5000E-38  4.5000E-38  4.5000E-38
  4.5000E-38  4.5000E-38  4.5000E-38  4.5000E-38  4.5000E-38
  4.5000E-38  4.5000E-38  4.5000E-38  4.5000E-38  4.5000E-38
  4.5000E-38  4.5000E-38  4.5000E-38  4.5000E-38  4.5000E-38
  4.5000E-38  4.5000E-38  4.5000E-38  4.5000E-38  4.5000E-38
  4.5000E-38  4.5000E-38  4.5000E-38  4.5000E-38  4.5000E-38
  4.5000E-38  4.5000E-38  4.5000E-38  4.5000E-38  4.5000E-38
  4.5000E-38  4.5000E-38  4.5000E-38  4.5000E-38  4.5000E-38
  4.5000E-38  4.5000E-38  4.5000E-38  4.5000E-38  4.5000E-38
  4.5000E-38  4.5000E-38  4.5000E-38  4.5000E-38  4.5000E-38
  4.5000E-38  4.5000E-38  4.5000E-38  4.5000E-38  4.5000E-38
  4.5000E-38  4.5000E-38  4.5000E-38  4.5000E-38  4.5000E-38
  4.5000E-38  4.5000E-38  4.5000E-38  4.5000E-38  4.5000E-38
  4.5000E-38  4.5000E-38  4.5000E-38  4.5000E-38  4.5000E-38
  4.5000E-38  4.5000E-38  4.5000E-38  4.5000E-38  4.5000E-38
  4.5000E-38  4.5000E-38  4.5000E-38  4.5000E-38  4.5000E-38
  4.5000E-38  4.5000E-38  4.5000E-38  4.5000E-38  4.5000E-38
  4.5000E-38  4.5000E-38  4.5000E-38  4.5000E-38  4.5000E-38
  4.5000E-38  4.5000E-38  4.5000E-38  4.5000E-38  4.5000E-38
  4.5000E-38  4.5000E-38  4.5000E-38  4.5000E-38  4.5000E-38
  4.5000E-38  4.5000E-38  4.5000E-38  4.5000E-38  4.5000E-38
  4.5000E-38  4.5000E-38  4.5000E-38  4.5000E-38  4.5000E-38
  4.5000E-38  4.5000E-38  4.5000E-38  4.5000E-38  4.5000E-38
  4.5000E-38  4.5000E-38  4.5000E-38  4.5000E-38  4.5000E-38
  4.5000E-38  4.5000E-38  4.5000E-38  4.5000E-38  4.5000E-38
  4.5000E-38  4.5000E-38  4.5000E-38  4.5000E-38  4.5000E-38
  4.5000E-38  4.5000E-38  4.5000E-38  4.5000E-38  4.5000E-38
  4.5000E-38  4.5000E-38  4.5000E-38  4.5000E-38  4.5000E-38
  4.5000E-38  4.5000E-38  4.5000E-38  4.5000E-38  4.5000E-38
  4.5000E-38  4.5000E-38  4.5000E-38  4.5000E-38  4.5000E-38
  4.5000E-38  4.5000E-38  4.5000E-38  4.5000E-38  4.5000E-38
  4.5000E-38  4.5000E-38  4.5000E-38  4.5000E-38  4.5000E-38
  4.5000E-38  4.5000E-38  4.5000E-38  4.5000E-38  4.5000E-38
  4.5000E-38  4.5000E-38  4.5000E-38  4.5000E-38  4.5000E-38
  4.5000E-38  4.5000E-38  4.5000E-38  4.5000E-38  4.5000E-38
  4.5000E-38  4.5000E-38  4.5000E-38  4.5000E-38  4.5000E-38
  4.5000E-38  4.5000E-38  4.5000E-38  4.5000E-38  4.5000E-38
  4.5000E-38  4.5000E-38  4.5000E-38  4.5000E-38  4.5000E-38
  4.5000E-38  4.5000E-38  4.5000E-38  4.5000E-38  4.5000E-38
  4.5000E-38  4.5000E-38  4.5000E-38  4.5000E-38  4.5000E-38
  4.5000E-38  4.5000E-38  4.5000E-38  4.5000E-38  4.5000E-38
  4.5000E-38  4.5000E-38  4.5000E-38  4.5000E-38  4.5000E-38
  4.5000E-38  4.5000E-38  4.5000E-38  4.5000E-38  4.5000E-38
  4.5000E-38  4.5000E-38  4.5000E-38  4.5000E-38  4.5000E-38
  4.5000E-38  4.5000E-38  4.5000E-38  4.5000E-38  4.5000E-38
  4.5000E-38  4.5000E-38  4.5000E-38  4.5000E-38  4.5000E-38
  4.5000E-38  4.5000E-38  4.5000E-38  4.5000E-38  4.5000E-38
  4.5000E-38  4.5000E-38  4.5000E-38  4.5000E-38  4.5000E-38
  4.5000E-38  4.5000E-38  4.5000E-38  4.5000E-38  4.5000E-38
  4.5000E-38  4.5000E-38  4.5000E-38  4.5000E-38  4.5000E-38
  4.5000E-38  4.5000E-38  4.5000E-38  4.5000E-38  4.5000E-38
  4.5000E-38  4.5000E-38  4.5000E-38  4.5000E-38  4.5000E-38
  4.5000E-38  4.5000E-38  4.5000E-38  4.5000E-38  4.5000E-38
  4.5000E-38  4.5000E-38  4.5000E-38  4.5000E-38  4.5000E-38
  4.5005E-38  1.2708E-21  8.4191E-31  9.8927E-30  4.1717E-30
  4.5005E-38  4.2361E-22  1.4673E-31  1.7241E-30  7.2706E-31
  4.5005E-38  1.2709E-22  2.2558E-32  2.6506E-31  1.1177E-31
  4.5005E-38  4.2364E-23  4.1882E-33  4.9213E-32  2.0753E-32
  4.5005E-38  1.2710E-23  6.7266E-34  7.9040E-33  3.3331E-33
  4.5006E-38  4.2365E-24  1.2793E-34  1.5032E-33  6.3387E-34
  4.5006E-38  1.2710E-24  2.0864E-35  2.4516E-34  1.0338E-34
  4.5006E-38  4.2363E-25  3.9998E-36  4.6998E-35  1.9819E-35
  4.5005E-38  1.2709E-25  6.5563E-37  7.7038E-36  3.2487E-36
  4.5006E-38  4.2361E-26  1.2603E-37  1.4808E-36  6.2444E-37
  4.5006E-38  1.2709E-26  4.5006E-38  2.4313E-37  1.0253E-37
  4.5006E-38  4.2361E-27  4.5006E-38  4.6774E-38  4.5006E-38
  4.5006E-38  1.2709E-27  4.5006E-38  4.5006E-38  4.5006E-38
  4.5006E-38  4.2361E-28  4.5006E-38  4.5006E-38  4.5006E-38
  4.5006E-38  1.2709E-28  4.5006E-38  4.5006E-38  4.5006E-38
  4.5006E-38  4.2361E-29  4.5006E-38  4.5006E-38  4.5006E-38
  4.5006E-38  1.2709E-29  4.5006E-38  4.5006E-38  4.5006E-38
  4.5006E-38  4.2361E-30  4.5006E-38  4.5006E-38  4.5006E-38
  2.1014E-35  1.7410E-19  2.9772E-27  2.9596E-26  1.1039E-26
  4.0441E-36  5.8039E-20  4.4006E-28  4.3746E-27  1.9320E-27
  6.6452E-37  1.7414E-20  5.8818E-29  5.8470E-28  2.5822E-28
  1.2789E-37  5.8051E-21  9.9903E-30  9.9313E-29  4.3859E-29
  4.5005E-38  1.7416E-21  1.5066E-30  1.4977E-29  6.6144E-30
  4.5005E-38  5.8057E-22  2.7665E-31  2.7501E-30  1.2145E-30
  4.5006E-38  1.7417E-22  4.4108E-32  4.3847E-31  1.9364E-31
  4.5005E-38  5.8058E-23  8.3553E-33  8.3059E-32  3.6681E-32
  4.5006E-38  1.7417E-23  1.3594E-33  1.3513E-32  5.9677E-33
  4.5005E-38  5.8054E-24  2.6026E-34  2.5872E-33  1.1426E-33
  4.5006E-38  1.7416E-24  4.2629E-35  4.2378E-34  1.8715E-34
  4.5006E-38  5.8054E-25  8.1908E-36  8.1424E-35  3.5959E-35
  4.5006E-38  1.7416E-25  1.3446E-36  1.3366E-35  5.9028E-36
  4.5006E-38  5.8054E-26  2.5862E-37  2.5709E-36  1.1354E-36
  4.5006E-38  1.7416E-26  4.5006E-38  4.2231E-37  1.8650E-37
  4.5006E-38  5.8054E-27  4.5006E-38  8.1261E-38  4.5006E-38
  4.5006E-38  1.7416E-27  4.5006E-38  4.5006E-38  4.5006E-38
  4.5006E-38  5.8054E-28  4.5006E-38  4.5006E-38  4.5006E-38
  5.7100E-32  1.3710E-17  6.2865E-24  5.3852E-23  9.3379E-25
  1.0989E-32  4.5703E-18  7.9403E-25  6.8018E-24  3.5383E-25
  1.8057E-33  1.3713E-18  8.8258E-26  7.5603E-25  1.3110E-25
  3.4750E-34  4.5714E-19  1.2827E-26  1.0987E-25  5.0540E-26
  5.7100E-35  1.3716E-19  1.6854E-27  1.4437E-26  6.6408E-27
  1.0989E-35  4.5724E-20  2.8275E-28  2.4221E-27  1.1141E-27
  1.8056E-36  1.3718E-20  4.2237E-29  3.6180E-28  1.6642E-28
  3.4749E-37  4.5729E-21  7.7122E-30  6.6064E-29  3.0388E-29
  5.7096E-38  1.3719E-21  1.2250E-30  1.0493E-29  4.8266E-30
  4.5005E-38  4.5726E-22  2.3157E-31  1.9836E-30  9.1241E-31
  4.5006E-38  1.3718E-22  3.7626E-32  3.2231E-31  1.4826E-31
  4.5006E-38  4.5726E-23  7.1995E-33  6.1673E-32  2.8368E-32
  4.5006E-38  1.3718E-23  1.1787E-33  1.0097E-32  4.6447E-33
  4.5006E-38  4.5727E-24  2.2644E-34  1.9397E-33  8.9222E-34
  4.5006E-38  1.3718E-24  3.7166E-35  3.1837E-34  1.4644E-34
  4.5006E-38  4.5727E-25  7.1484E-36  6.1234E-35  2.8166E-35
  4.5006E-38  1.3718E-25  1.1741E-36  1.0058E-35  4.6265E-36
  4.5006E-38  4.5727E-26  2.2593E-37  1.9353E-36  8.9021E-37
  6.7199E-29  6.7754E-16  7.2731E-21  5.2160E-20  6.1072E-23
  1.2933E-29  2.2586E-16  8.4878E-22  6.3633E-21  2.1382E-23
  2.1250E-30  6.7761E-17  8.3541E-23  6.2631E-22  7.0151E-24
  4.0896E-31  2.2589E-17  1.0568E-23  7.9231E-23  2.6623E-24
  6.7198E-32  6.7775E-18  1.1772E-24  8.8256E-24  9.8852E-25
  1.2933E-32  2.2595E-18  1.7145E-25  1.2854E-24  4.3191E-25
  2.1250E-33  6.7792E-19  2.2578E-26  1.6927E-25  8.0721E-26
  4.0895E-34  2.2599E-19  3.7940E-27  2.8444E-26  1.3564E-26
  6.7195E-35  6.7802E-20  5.6743E-28  4.2540E-27  2.0287E-27
  1.2931E-35  2.2601E-20  1.0368E-28  7.7732E-28  3.7069E-28
  2.1247E-36  6.7800E-21  1.6476E-29  1.2352E-28  5.8905E-29
  4.0888E-37  2.2600E-21  3.1157E-30  2.3358E-29  1.1139E-29
  6.7185E-38  6.7801E-22  5.0636E-31  3.7962E-30  1.8103E-30
  4.5006E-38  2.2601E-22  9.6898E-32  7.2644E-31  3.4642E-31
  4.5006E-38  6.7801E-23  1.5866E-32  1.1894E-31  5.6724E-32
  4.5006E-38  2.2601E-23  3.0479E-33  2.2850E-32  1.0896E-32
  4.5006E-38  6.7802E-24  5.0026E-34  3.7505E-33  1.7885E-33
  4.5006E-38  2.2601E-24  9.6220E-35  7.2136E-34  3.4400E-34
  3.8837E-26  2.2544E-14  4.4407E-18  2.0077E-18  2.8240E-21
  7.4731E-27  7.5141E-15  5.0272E-19  6.8192E-19  9.5919E-22
  1.2280E-27  2.2543E-15  4.6896E-20  2.1205E-19  2.9826E-22
  2.3632E-28  7.5146E-16  5.5078E-21  3.6618E-20  1.0509E-22
  3.8831E-29  2.2546E-16  5.4793E-22  3.6429E-21  3.4848E-23
  7.4730E-30  7.5158E-17  7.0274E-23  4.6722E-22  1.3409E-23
  1.2279E-30  2.2551E-17  7.9760E-24  5.3028E-23  5.0727E-24
  2.3632E-31  7.5177E-18  1.1831E-24  7.8661E-24  2.2575E-24
  3.8830E-32  2.2556E-18  1.5869E-25  1.0550E-24  5.1959E-25
  7.4725E-33  7.5189E-19  2.7019E-26  1.7963E-25  8.8469E-26
  1.2277E-33  2.2557E-19  4.0821E-27  2.7139E-26  1.3367E-26
  2.3627E-34  7.5192E-20  7.5038E-28  4.9889E-27  2.4570E-27
  3.8824E-35  2.2558E-20  1.1972E-28  7.9600E-28  3.9202E-28
  7.4716E-36  7.5194E-21  2.2690E-29  1.5085E-28  7.4292E-29
  1.2278E-36  2.2559E-21  3.6926E-30  2.4550E-29  1.2090E-29
  2.3627E-37  7.5195E-22  7.0711E-31  4.7012E-30  2.3153E-30
  4.5006E-38  2.2559E-22  1.1583E-31  7.7010E-31  3.7927E-31
  4.5006E-38  7.5195E-23  2.2257E-32  1.4797E-31  7.2875E-32
  2.6549E-19  1.2987E-10  1.1980E-11  1.8086E-14  4.0081E-17
  5.1127E-20  4.3285E-11  3.9998E-12  6.0385E-15  1.3382E-17
  8.3999E-21  1.2981E-11  3.6951E-13  1.8167E-15  4.0259E-18
  1.6162E-21  4.3257E-12  4.1239E-14  6.0846E-16  1.3484E-18
  2.6556E-22  1.2977E-12  3.7474E-15  1.8432E-16  4.0846E-19
  5.1110E-23  4.3254E-13  4.2295E-16  6.2411E-17  1.3831E-19
  8.3986E-24  1.2977E-13  3.9222E-17  1.9292E-17  4.2750E-20
  1.6163E-24  4.3257E-14  4.5659E-18  6.7374E-18  1.4930E-20
  2.6559E-25  1.2978E-14  4.4747E-19  2.2010E-18  4.8774E-21
  5.1113E-26  4.3263E-15  5.6292E-20  2.7778E-19  1.8407E-21
  8.3985E-27  1.2981E-15  6.2216E-21  3.0701E-20  6.7815E-22
  1.6162E-27  4.3271E-16  8.9900E-22  4.4361E-21  2.9399E-22
  2.6555E-28  1.2983E-16  1.1743E-22  5.7947E-22  1.2802E-22
  5.1105E-29  4.3278E-17  1.9616E-23  9.6797E-23  5.1577E-23
  8.3973E-30  1.2985E-17  2.9204E-24  1.4411E-23  7.6786E-24
  1.6161E-30  4.3283E-18  5.3220E-25  2.6261E-24  1.3993E-24
  2.6555E-31  1.2986E-18  8.4419E-26  4.1657E-25  2.2197E-25
  5.1104E-32  4.3285E-19  1.5948E-26  7.8697E-26  4.1932E-26
  5.2861E-15  9.8014E-08  1.0887E-08  1.6829E-11  5.4750E-14
  1.7633E-15  3.2695E-08  4.0132E-09  6.1671E-12  1.9628E-14
  5.2913E-16  9.8108E-09  1.2556E-09  1.9250E-12  6.0744E-15
  1.7638E-16  3.2703E-09  4.2418E-10  6.4988E-13  2.0455E-15
  4.6401E-17  9.8084E-10  1.2800E-10  1.9604E-13  6.1646E-16
  8.9549E-18  3.2683E-10  4.2809E-11  6.5565E-14  2.0612E-16
  1.4742E-18  9.8038E-11  7.4084E-12  1.9771E-14  6.2149E-17
  2.8400E-19  3.2679E-11  8.2949E-13  6.6415E-15  2.0877E-17
  4.6698E-20  9.8038E-12  7.5760E-14  2.0219E-15  6.3557E-18
  8.9900E-21  3.2680E-12  8.6165E-15  6.8991E-16  2.1686E-18
  1.4775E-21  9.8043E-13  8.1043E-16  2.1630E-16  6.7989E-19
  2.8437E-22  3.2682E-13  9.6328E-17  7.7131E-17  2.4244E-19
  4.6726E-23  9.8050E-14  9.7736E-18  2.6087E-17  8.1999E-20
  8.9922E-24  3.2686E-14  1.2846E-18  5.0377E-18  3.2332E-20
  1.4776E-24  9.8068E-15  1.5053E-19  5.9034E-19  1.2630E-20
  2.8435E-25  3.2693E-15  2.3005E-20  9.0223E-20  5.7906E-21
  4.6725E-26  9.8091E-16  3.1746E-21  1.2451E-20  2.6636E-21
  8.9922E-27  3.2699E-16  5.5130E-22  2.1621E-21  1.2231E-21
  6.1974E-13  3.5150E-06  1.2419E-07  2.1363E-10  1.5282E-12
  4.2379E-13  3.5149E-06  1.2412E-07  2.1353E-10  1.5270E-12
  2.3594E-13  1.8005E-06  9.3347E-08  1.5634E-10  9.3644E-13
  1.2530E-13  6.0733E-07  5.1911E-08  8.3931E-11  4.1697E-13
  5.9904E-14  1.8300E-07  2.2703E-08  3.5828E-11  1.5987E-13
  1.9993E-14  6.1078E-08  9.1476E-09  1.4277E-11  6.0926E-14
  5.9991E-15  1.8326E-08  3.0060E-09  4.6682E-12  1.9541E-14
  1.9993E-15  6.1077E-09  1.0342E-09  1.6034E-12  6.6714E-15
  5.9977E-16  1.8322E-09  3.1499E-10  4.8802E-13  2.0260E-15
  1.2556E-16  6.1075E-10  1.0597E-10  1.6415E-13  6.8100E-16
  2.0729E-17  1.8322E-10  1.1390E-11  4.9863E-14  2.0682E-16
  3.9991E-18  6.1077E-11  1.2876E-12  1.6912E-14  7.0145E-17
  6.5808E-19  1.8323E-11  1.1971E-13  5.2419E-15  2.1741E-17
  1.2674E-19  6.1076E-12  1.3991E-14  1.8379E-15  7.6224E-18
  2.0833E-20  1.8323E-12  1.3804E-15  6.0446E-16  2.5069E-18
  4.0103E-21  6.1084E-13  1.7517E-16  2.3014E-16  9.5446E-19
  6.5904E-22  1.8327E-13  1.9599E-17  6.4062E-17  3.5596E-19
  1.2684E-22  6.1099E-14  2.8672E-18  9.3713E-18  1.5622E-19
  4.3127E-12  3.5060E-06  1.3512E-07  2.3571E-10  2.2396E-12
  3.8579E-12  3.5053E-06  1.3492E-07  2.3533E-10  2.2331E-12
  3.2176E-12  3.5049E-06  1.3476E-07  2.3506E-10  2.2285E-12
  2.5535E-12  3.5046E-06  1.3463E-07  2.3484E-10  2.2250E-12
  1.8407E-12  3.5042E-06  1.3444E-07  2.3458E-10  2.2207E-12
  1.2895E-12  3.5038E-06  1.3418E-07  2.3421E-10  2.2150E-12
  6.5334E-13  1.2426E-06  8.6636E-08  1.4533E-10  1.0483E-12
  3.3222E-13  4.1759E-07  4.6940E-08  7.6264E-11  4.6450E-13
  1.5027E-13  1.2561E-07  1.9939E-08  3.1718E-11  1.7556E-13
  5.9657E-14  4.1904E-08  7.9046E-09  1.2451E-11  6.6291E-14
  1.7903E-14  1.2576E-08  2.5883E-09  4.0573E-12  2.1249E-14
  5.9682E-15  4.1921E-09  8.9346E-10  1.3982E-12  7.2838E-15
  1.4831E-15  1.2577E-09  2.7020E-10  4.2872E-13  2.2292E-15
  2.8821E-16  4.1923E-10  3.0669E-11  1.4611E-13  7.5929E-16
  4.7641E-17  1.2577E-10  2.8509E-12  4.5295E-14  2.3533E-16
  9.1962E-18  4.1923E-11  3.3280E-13  1.5864E-14  8.2418E-17
  1.5139E-18  1.2578E-11  3.2766E-14  5.2069E-15  2.7050E-17
  2.9162E-19  4.1929E-12  4.1468E-15  1.9770E-15  1.0270E-17
  1.6553E-11  3.5282E-06  1.5556E-07  2.7728E-10  3.7957E-12
  1.5312E-11  3.5150E-06  1.5175E-07  2.6964E-10  3.5859E-12
  1.4340E-11  3.5057E-06  1.4918E-07  2.6453E-10  3.4520E-12
  1.3544E-11  3.5006E-06  1.4779E-07  2.6176E-10  3.3817E-12
  1.2540E-11  3.4973E-06  1.4686E-07  2.5996E-10  3.3367E-12
  1.1348E-11  3.4954E-06  1.4633E-07  2.5894E-10  3.3118E-12
  9.6573E-12  3.4941E-06  1.4589E-07  2.5816E-10  3.2930E-12
  7.8221E-12  3.4931E-06  1.4548E-07  2.5750E-10  3.2778E-12
  5.6415E-12  3.4920E-06  1.4477E-07  2.5646E-10  3.2542E-12
  3.6373E-12  3.4900E-06  1.4309E-07  2.5408E-10  3.2012E-12
  1.6336E-12  1.1372E-06  9.0321E-08  1.5421E-10  1.4360E-12
  8.3234E-13  3.8199E-07  4.9553E-08  8.1956E-11  6.4164E-13
  3.9385E-13  1.1492E-07  2.1602E-08  3.4905E-11  2.4748E-13
  1.8764E-13  3.8343E-08  8.8025E-09  1.4055E-11  9.5619E-14
  7.6394E-14  1.1506E-08  2.9618E-09  4.6989E-12  3.1389E-14
  2.6630E-14  3.8358E-09  1.0453E-09  1.6539E-12  1.0982E-14
  5.8162E-15  1.1507E-09  1.1315E-10  5.2475E-13  3.4763E-15
  1.1365E-15  3.8362E-10  1.3204E-11  1.8399E-13  1.2181E-15
  1.0598E-10  3.6539E-06  2.0785E-07  3.8776E-10  1.0321E-11
  7.5829E-11  3.6237E-06  1.9628E-07  3.6272E-10  8.4126E-12
  5.6468E-11  3.5884E-06  1.8405E-07  3.3674E-10  6.8850E-12
  4.6097E-11  3.5584E-06  1.7466E-07  3.1715E-10  5.9511E-12
  3.9252E-11  3.5319E-06  1.6699E-07  3.0136E-10  5.3033E-12
  3.5275E-11  3.5145E-06  1.6224E-07  2.9169E-10  4.9446E-12
  3.2064E-11  3.5018E-06  1.5890E-07  2.8495E-10  4.7105E-12
  2.9370E-11  3.4946E-06  1.5699E-07  2.8117E-10  4.5842E-12
  2.6014E-11  3.4895E-06  1.5563E-07  2.7853E-10  4.4986E-12
  2.2087E-11  3.4864E-06  1.5464E-07  2.7676E-10  4.4430E-12
  1.5981E-11  3.4834E-06  1.5310E-07  2.7434E-10  4.3699E-12
  9.9839E-12  3.4784E-06  1.5015E-07  2.6993E-10  4.2426E-12
  5.8895E-12  3.4683E-06  1.4510E-07  2.6241E-10  4.0358E-12
  3.2158E-12  1.3694E-06  1.0139E-07  1.7788E-10  2.1205E-12
  1.6142E-12  4.1482E-07  5.4682E-08  9.2511E-11  8.9733E-13
  8.4001E-13  1.3869E-07  2.6692E-08  4.4068E-11  3.8626E-13
  3.8991E-13  4.1653E-08  1.0523E-08  1.7080E-11  1.4196E-13
  1.8148E-13  1.3890E-08  4.0874E-09  6.5749E-12  5.3539E-14
  9.3724E-10  3.7172E-06  2.3715E-07  4.5213E-10  1.9148E-11
  6.2766E-10  3.7087E-06  2.3358E-07  4.4469E-10  1.8191E-11
  3.9673E-10  3.6938E-06  2.2748E-07  4.3134E-10  1.6224E-11
  2.6320E-10  3.6737E-06  2.1963E-07  4.1400E-10  1.3971E-11
  1.7381E-10  3.6442E-06  2.0885E-07  3.9038E-10  1.1510E-11
  1.2484E-10  3.6121E-06  1.9810E-07  3.6716E-10  9.6177E-12
  9.2085E-11  3.5757E-06  1.8699E-07  3.4355E-10  8.0785E-12
  7.2953E-11  3.5460E-06  1.7863E-07  3.2607E-10  7.1263E-12
  5.7953E-11  3.5204E-06  1.7188E-07  3.1215E-10  6.4592E-12
  4.6603E-11  3.5037E-06  1.6766E-07  3.0360E-10  6.0838E-12
  3.4450E-11  3.4915E-06  1.6452E-07  2.9739E-10  5.8270E-12
  2.1761E-11  3.4835E-06  1.6212E-07  2.9297E-10  5.6542E-12
  1.0442E-11  3.4745E-06  1.5850E-07  2.8704E-10  5.4357E-12
  5.7271E-12  3.4629E-06  1.5393E-07  2.7983E-10  5.1871E-12
  3.2020E-12  3.4440E-06  1.4697E-07  2.6900E-10  4.8365E-12
  1.8692E-12  2.5023E-06  1.2643E-07  2.3084E-10  3.7040E-12
  1.0052E-12  7.6363E-07  7.5293E-08  1.3262E-10  1.6474E-12
  5.6779E-13  2.5591E-07  4.0156E-08  6.8661E-11  7.4234E-13
  2.7886E-09  3.7271E-06  2.4060E-07  4.5141E-10  1.6023E-11
  2.4067E-09  3.7258E-06  2.4063E-07  4.5577E-10  1.8292E-11
  1.9054E-09  3.7230E-06  2.3981E-07  4.5662E-10  1.9710E-11
  1.4362E-09  3.7182E-06  2.3812E-07  4.5417E-10  1.9993E-11
  9.8702E-10  3.7091E-06  2.3483E-07  4.4755E-10  1.9259E-11
  6.7485E-10  3.6960E-06  2.3005E-07  4.3721E-10  1.7772E-11
  4.4008E-10  3.6745E-06  2.2249E-07  4.2057E-10  1.5542E-11
  3.0285E-10  3.6476E-06  2.1359E-07  4.0107E-10  1.3347E-11
  2.0923E-10  3.6119E-06  2.0262E-07  3.7734E-10  1.1183E-11
  1.5599E-10  3.5775E-06  1.9287E-07  3.5654E-10  9.6397E-12
  1.1739E-10  3.5428E-06  1.8377E-07  3.3748E-10  8.4439E-12
  9.0289E-11  3.5172E-06  1.7737E-07  3.2433E-10  7.7192E-12
  5.9091E-11  3.4956E-06  1.7181E-07  3.1341E-10  7.1735E-12
  3.3751E-11  3.4783E-06  1.6673E-07  3.0425E-10  6.7557E-12
  1.9016E-11  3.4576E-06  1.6058E-07  2.9382E-10  6.3213E-12
  1.1630E-11  3.4333E-06  1.5357E-07  2.8235E-10  5.8825E-12
  6.6742E-12  3.3925E-06  1.4255E-07  2.6448E-10  5.2578E-12
  3.9311E-12  2.7654E-06  1.2279E-07  2.2920E-10  4.1484E-12
  3.4447E-09  3.7270E-06  2.3441E-07  4.0482E-10  8.2068E-12
  3.3453E-09  3.7274E-06  2.3781E-07  4.2894E-10  1.1389E-11
  3.1666E-09  3.7272E-06  2.3976E-07  4.4474E-10  1.4883E-11
  2.9288E-09  3.7267E-06  2.4051E-07  4.5266E-10  1.7555E-11
  2.5558E-09  3.7248E-06  2.4044E-07  4.5647E-10  1.9551E-11
  2.1278E-09  3.7214E-06  2.3957E-07  4.5657E-10  2.0438E-11
  1.6166E-09  3.7148E-06  2.3750E-07  4.5317E-10  2.0431E-11
  1.1830E-09  3.7049E-06  2.3423E-07  4.4646E-10  1.9602E-11
  8.0275E-10  3.6877E-06  2.2866E-07  4.3436E-10  1.7928E-11
  5.5505E-10  3.6648E-06  2.2151E-07  4.1871E-10  1.5943E-11
  3.7489E-10  3.6316E-06  2.1176E-07  3.9751E-10  1.3666E-11
  2.6869E-10  3.5963E-06  2.0212E-07  3.7678E-10  1.1820E-11
  1.8728E-10  3.5568E-06  1.9201E-07  3.5554E-10  1.0238E-11
  1.2228E-10  3.5233E-06  1.8364E-07  3.3860E-10  9.1563E-12
  6.9314E-11  3.4885E-06  1.7487E-07  3.2189E-10  8.2268E-12
  4.3347E-11  3.4560E-06  1.6712E-07  3.0788E-10  7.5406E-12
  2.6036E-11  3.4130E-06  1.5741E-07  2.9114E-10  6.8119E-12
  1.5947E-11  3.3564E-06  1.4563E-07  2.7132E-10  6.0415E-12
  3.5550E-09  3.7202E-06  2.0824E-07  2.8473E-10  3.1189E-12
  3.5362E-09  3.7240E-06  2.2223E-07  3.4400E-10  5.0628E-12
  3.4957E-09  3.7262E-06  2.3131E-07  3.9177E-10  7.9753E-12
  3.4300E-09  3.7270E-06  2.3603E-07  4.2062E-10  1.1155E-11
  3.3077E-09  3.7271E-06  2.3886E-07  4.4003E-10  1.4694E-11
  3.1276E-09  3.7265E-06  2.4009E-07  4.5008E-10  1.7453E-11
  2.8515E-09  3.7251E-06  2.4044E-07  4.5559E-10  1.9598E-11
  2.4961E-09  3.7221E-06  2.3994E-07  4.5692E-10  2.0673E-11
  2.0230E-09  3.7163E-06  2.3838E-07  4.5494E-10  2.0940E-11
  1.5628E-09  3.7072E-06  2.3572E-07  4.4976E-10  2.0418E-11
  1.1068E-09  3.6911E-06  2.3100E-07  4.3971E-10  1.9092E-11
  7.7957E-10  3.6690E-06  2.2471E-07  4.2604E-10  1.7347E-11
  5.2192E-10  3.6359E-06  2.1570E-07  4.0654E-10  1.5161E-11
  3.4903E-10  3.5982E-06  2.0606E-07  3.8607E-10  1.3221E-11
  2.0021E-10  3.5511E-06  1.9444E-07  3.6230E-10  1.1342E-11
  1.2005E-10  3.5037E-06  1.8358E-07  3.4104E-10  9.9379E-12
  7.3071E-11  3.4463E-06  1.7192E-07  3.1915E-10  8.7142E-12
  4.6134E-11  3.3815E-06  1.6010E-07  2.9798E-10  7.7004E-12
  3.5560E-09  3.6941E-06  1.4073E-07  1.3142E-10  1.0081E-12
  3.5623E-09  3.7092E-06  1.7666E-07  2.0147E-10  1.8777E-12
  3.5581E-09  3.7184E-06  2.0391E-07  2.7930E-10  3.4242E-12
  3.5429E-09  3.7229E-06  2.1954E-07  3.3991E-10  5.5246E-12
  3.5085E-09  3.7255E-06  2.2977E-07  3.8906E-10  8.5954E-12
  3.4518E-09  3.7266E-06  2.3512E-07  4.1889E-10  1.1846E-11
  3.3450E-09  3.7268E-06  2.3835E-07  4.3902E-10  1.5345E-11
  3.1854E-09  3.7261E-06  2.3979E-07  4.4949E-10  1.7990E-11
  2.9293E-09  3.7244E-06  2.4027E-07  4.5526E-10  1.9996E-11
  2.6137E-09  3.7211E-06  2.3986E-07  4.5679E-10  2.0986E-11
  2.1661E-09  3.7146E-06  2.3834E-07  4.5498E-10  2.1229E-11
  1.7127E-09  3.7042E-06  2.3571E-07  4.4995E-10  2.0749E-11
  1.2339E-09  3.6859E-06  2.3101E-07  4.4005E-10  1.9515E-11
  8.6052E-10  3.6605E-06  2.2461E-07  4.2637E-10  1.7854E-11
  5.1549E-10  3.6206E-06  2.1483E-07  4.0583E-10  1.5648E-11
  2.9365E-10  3.5709E-06  2.0327E-07  3.8226E-10  1.3522E-11
  1.7007E-10  3.5014E-06  1.8915E-07  3.5433E-10  1.1453E-11
  1.0746E-10  3.4222E-06  1.7536E-07  3.2802E-10  9.8533E-12
  3.4981E-09  3.6026E-06  5.4998E-08  3.8490E-11  2.7327E-13
  3.5352E-09  3.6598E-06  9.5765E-08  7.7838E-11  6.0051E-13
  3.5552E-09  3.6925E-06  1.4316E-07  1.4305E-10  1.2877E-12
  3.5607E-09  3.7084E-06  1.7835E-07  2.1465E-10  2.3646E-12
  3.5551E-09  3.7179E-06  2.0493E-07  2.9159E-10  4.2180E-12
  3.5376E-09  3.7226E-06  2.2015E-07  3.4973E-10  6.6389E-12
  3.4991E-09  3.7252E-06  2.3009E-07  3.9576E-10  9.9847E-12
  3.4360E-09  3.7261E-06  2.3527E-07  4.2320E-10  1.3296E-11
  3.3179E-09  3.7260E-06  2.3836E-07  4.4143E-10  1.6613E-11
  3.1432E-09  3.7249E-06  2.3968E-07  4.5071E-10  1.8952E-11
  2.8562E-09  3.7219E-06  2.3997E-07  4.5548E-10  2.0604E-11
  2.5374E-09  3.7171E-06  2.3933E-07  4.5621E-10  2.1328E-11
  2.0767E-09  3.7074E-06  2.3740E-07  4.5338E-10  2.1348E-11
  1.6204E-09  3.6925E-06  2.3421E-07  4.4713E-10  2.0716E-11
  1.0948E-09  3.6656E-06  2.2833E-07  4.3505E-10  1.9320E-11
  6.4937E-10  3.6263E-06  2.1972E-07  4.1744E-10  1.7405E-11
  3.5547E-10  3.5602E-06  2.0643E-07  3.9074E-10  1.4918E-11
  2.1917E-10  3.4747E-06  1.9176E-07  3.6181E-10  1.2705E-11
  3.3332E-09  3.3057E-06  1.5855E-08  1.0471E-11  7.9322E-14
  3.4413E-09  3.4983E-06  3.2901E-08  2.2876E-11  1.7748E-13
  3.5079E-09  3.6120E-06  6.7033E-08  5.2064E-11  4.2809E-13
  3.5397E-09  3.6652E-06  1.0934E-07  9.9226E-11  9.0252E-13
  3.5551E-09  3.6954E-06  1.5466E-07  1.7111E-10  1.8556E-12
  3.5563E-09  3.7100E-06  1.8663E-07  2.4408E-10  3.2873E-12
  3.5443E-09  3.7186E-06  2.1010E-07  3.1711E-10  5.6326E-12
  3.5179E-09  3.7227E-06  2.2331E-07  3.6912E-10  8.4806E-12
  3.4631E-09  3.7248E-06  2.3182E-07  4.0848E-10  1.2070E-11
  3.3761E-09  3.7251E-06  2.3618E-07  4.3113E-10  1.5285E-11
  3.2172E-09  3.7238E-06  2.3864E-07  4.4564E-10  1.8192E-11
  2.9898E-09  3.7210E-06  2.3949E-07  4.5251E-10  2.0044E-11
  2.6351E-09  3.7149E-06  2.3918E-07  4.5514E-10  2.1184E-11
  2.2699E-09  3.7052E-06  2.3784E-07  4.5398E-10  2.1514E-11
  1.7477E-09  3.6863E-06  2.3465E-07  4.4834E-10  2.1138E-11
  1.1884E-09  3.6566E-06  2.2925E-07  4.3780E-10  2.0070E-11
  6.6293E-10  3.6005E-06  2.1901E-07  4.1750E-10  1.8035E-11
  4.0110E-10  3.5186E-06  2.0577E-07  3.9129E-10  1.5736E-11
  2.9659E-09  2.6135E-06  5.1458E-09  3.5027E-12  2.9154E-14
  3.2151E-09  3.0668E-06  1.0954E-08  7.5808E-12  6.3584E-14
  3.3825E-09  3.3783E-06  2.4165E-08  1.7369E-11  1.4839E-13
  3.4701E-09  3.5396E-06  4.7530E-08  3.6646E-11  3.2484E-13
  3.5220E-09  3.6330E-06  8.8077E-08  7.7630E-11  7.4745E-13
  3.5444E-09  3.6764E-06  1.3098E-07  1.3593E-10  1.4908E-12
  3.5511E-09  3.7011E-06  1.7176E-07  2.1427E-10  2.8882E-12
  3.5433E-09  3.7130E-06  1.9849E-07  2.8531E-10  4.8520E-12
  3.5170E-09  3.7197E-06  2.1730E-07  3.4992E-10  7.8097E-12
  3.4697E-09  3.7225E-06  2.2761E-07  3.9255E-10  1.1041E-11
  3.3777E-09  3.7231E-06  2.3407E-07  4.2301E-10  1.4638E-11
  3.2374E-09  3.7216E-06  2.3718E-07  4.3961E-10  1.7464E-11
  2.9941E-09  3.7172E-06  2.3861E-07  4.4938E-10  1.9711E-11
  2.6693E-09  3.7092E-06  2.3849E-07  4.5283E-10  2.0928E-11
  2.2247E-09  3.6936E-06  2.3684E-07  4.5182E-10  2.1438E-11
  1.7212E-09  3.6687E-06  2.3347E-07  4.4621E-10  2.1191E-11
  1.0642E-09  3.6197E-06  2.2598E-07  4.3209E-10  1.9968E-11
  6.5108E-10  3.5428E-06  2.1484E-07  4.1044E-10  1.8081E-11
  2.2969E-09  1.5293E-06  1.6530E-09  1.1771E-12  1.0738E-14
  2.7656E-09  2.2433E-06  3.9365E-09  2.8219E-12  2.5825E-14
  3.1127E-09  2.8553E-06  9.1888E-09  6.6837E-12  6.1611E-14
  3.3099E-09  3.2261E-06  1.8854E-08  1.4085E-11  1.3162E-13
  3.4363E-09  3.4686E-06  3.9551E-08  3.1343E-11  3.0245E-13
  3.4992E-09  3.5891E-06  7.1616E-08  6.2608E-11  6.4188E-13
  3.5328E-09  3.6574E-06  1.1712E-07  1.1983E-10  1.3863E-12
  3.5425E-09  3.6892E-06  1.5704E-07  1.8881E-10  2.5825E-12
  3.5345E-09  3.7072E-06  1.9050E-07  2.6831E-10  4.6446E-12
  3.5084E-09  3.7156E-06  2.1082E-07  3.3150E-10  7.2743E-12
  3.4508E-09  3.7195E-06  2.2448E-07  3.8322E-10  1.0778E-11
  3.3579E-09  3.7198E-06  2.3165E-07  4.1461E-10  1.4093E-11
  3.1880E-09  3.7166E-06  2.3580E-07  4.3540E-10  1.7255E-11
  2.9460E-09  3.7097E-06  2.3729E-07  4.4546E-10  1.9374E-11
  2.5618E-09  3.6951E-06  2.3694E-07  4.4938E-10  2.0756E-11
  2.0857E-09  3.6711E-06  2.3465E-07  4.4729E-10  2.1193E-11
  1.4636E-09  3.6250E-06  2.2905E-07  4.3785E-10  2.0755E-11
  9.3231E-10  3.5501E-06  2.1952E-07  4.1996E-10  1.9413E-11
  1.3147E-09  5.5736E-07  4.5865E-10  3.4199E-13  3.3962E-15
  2.0091E-09  1.1774E-06  1.3103E-09  9.7975E-13  9.7430E-15
  2.6157E-09  1.9888E-06  3.5645E-09  2.6826E-12  2.6766E-14
  2.9950E-09  2.6236E-06  7.8964E-09  6.0131E-12  6.0368E-14
  3.2563E-09  3.1098E-06  1.7409E-08  1.3599E-11  1.3841E-13
  3.3965E-09  3.3836E-06  3.4046E-08  2.7834E-11  2.9072E-13
  3.4810E-09  3.5530E-06  6.5650E-08  5.8837E-11  6.5152E-13
  3.5183E-09  3.6338E-06  1.0540E-07  1.0740E-10  1.3123E-12
  3.5307E-09  3.6791E-06  1.5002E-07  1.8050E-10  2.6110E-12
  3.5209E-09  3.7000E-06  1.8276E-07  2.5345E-10  4.4889E-12
  3.4847E-09  3.7112E-06  2.0733E-07  3.2484E-10  7.3734E-12
  3.4192E-09  3.7150E-06  2.2123E-07  3.7442E-10  1.0578E-11
  3.2934E-09  3.7140E-06  2.3000E-07  4.1088E-10  1.4201E-11
  3.1061E-09  3.7080E-06  2.3406E-07  4.3077E-10  1.7070E-11
  2.7933E-09  3.6939E-06  2.3546E-07  4.4171E-10  1.9332E-11
  2.3878E-09  3.6699E-06  2.3432E-07  4.4392E-10  2.0488E-11
  1.7747E-09  3.6225E-06  2.2974E-07  4.3787E-10  2.0710E-11
  1.2028E-09  3.5471E-06  2.2135E-07  4.2299E-10  1.9916E-11
  2.4030E-10  6.9886E-08  6.3346E-11  5.0394E-14  5.6122E-16
  6.1816E-10  2.0823E-07  2.0097E-10  1.5997E-13  1.7815E-15
  1.3497E-09  6.1185E-07  7.0608E-10  5.6298E-13  6.2755E-15
  2.0733E-09  1.2688E-06  1.9962E-09  1.5977E-12  1.7848E-14
  2.6808E-09  2.0843E-06  5.2782E-09  4.2622E-12  4.7849E-14
  3.0446E-09  2.6981E-06  1.1371E-08  9.3276E-12  1.0566E-13
  3.2865E-09  3.1569E-06  2.4235E-08  2.0549E-11  2.3741E-13
  3.4113E-09  3.4108E-06  4.5388E-08  4.0714E-11  4.8766E-13
  3.4811E-09  3.5658E-06  8.1728E-08  8.1361E-11  1.0520E-12
  3.5045E-09  3.6392E-06  1.2241E-07  1.3885E-10  2.0218E-12
  3.4967E-09  3.6798E-06  1.6387E-07  2.1663E-10  3.8024E-12
  3.4587E-09  3.6972E-06  1.9238E-07  2.8708E-10  6.1930E-12
  3.3724E-09  3.7039E-06  2.1283E-07  3.5044E-10  9.5391E-12
  3.2349E-09  3.7012E-06  2.2377E-07  3.9116E-10  1.2859E-11
  2.9925E-09  3.6882E-06  2.2977E-07  4.1837E-10  1.6149E-11
  2.6633E-09  3.6634E-06  2.3115E-07  4.3022E-10  1.8365E-11
  2.1525E-09  3.6136E-06  2.2846E-07  4.3115E-10  1.9661E-11
  1.5550E-09  3.5329E-06  2.2112E-07  4.2019E-10  1.9648E-11
  3.4684E-11  1.0238E-08  1.1954E-11  1.0071E-14  1.2415E-16
  9.8811E-11  2.9759E-08  3.5067E-11  2.9548E-14  3.6386E-16
  3.0919E-10  1.0031E-07  1.2206E-10  1.0289E-13  1.2665E-15
  7.7931E-10  2.9949E-07  3.9719E-10  3.3512E-13  4.1275E-15
  1.5897E-09  8.2489E-07  1.3704E-09  1.1596E-12  1.4307E-14
  2.2938E-09  1.5508E-06  3.6529E-09  3.1102E-12  3.8515E-14
  2.8374E-09  2.3370E-06  9.0409E-09  7.8024E-12  9.7420E-14
  3.1450E-09  2.8807E-06  1.8541E-08  1.6380E-11  2.0754E-13
  3.3393E-09  3.2672E-06  3.7466E-08  3.4706E-11  4.5385E-13
  3.4308E-09  3.4732E-06  6.5705E-08  6.5582E-11  9.0629E-13
  3.4689E-09  3.5951E-06  1.0733E-07  1.2089E-10  1.8589E-12
  3.4602E-09  3.6510E-06  1.4678E-07  1.8823E-10  3.3547E-12
  3.4036E-09  3.6790E-06  1.8200E-07  2.6657E-10  5.8340E-12
  3.2977E-09  3.6859E-06  2.0396E-07  3.2847E-10  8.7931E-12
  3.0994E-09  3.6774E-06  2.1815E-07  3.7748E-10  1.2373E-11
  2.8192E-09  3.6531E-06  2.2410E-07  4.0419E-10  1.5347E-11
  2.3785E-09  3.6003E-06  2.2434E-07  4.1575E-10  1.7660E-11
  1.8377E-09  3.5141E-06  2.1864E-07  4.1091E-10  1.8530E-11
  8.0009E-12  2.5438E-09  3.7887E-12  3.3578E-15  4.5136E-17
  1.9369E-11  6.1703E-09  9.2058E-12  8.1590E-15  1.0989E-16
  5.6967E-11  1.8304E-08  2.7466E-11  2.4345E-14  3.2748E-16
  1.6238E-10  5.3943E-08  8.2271E-11  7.2936E-14  9.8072E-16
  4.9802E-10  1.8491E-07  2.9834E-10  2.6468E-13  3.5604E-15
  1.1384E-09  5.2347E-07  9.7030E-10  8.6260E-13  1.1618E-14
  1.9888E-09  1.2252E-06  3.0773E-09  2.7511E-12  3.7186E-14
  2.5995E-09  1.9805E-06  7.4292E-09  6.7127E-12  9.1360E-14
  3.0278E-09  2.6725E-06  1.6849E-08  1.5568E-11  2.1504E-13
  3.2536E-09  3.1061E-06  3.2386E-08  3.1053E-11  4.4017E-13
  3.3809E-09  3.3952E-06  6.0472E-08  6.2193E-11  9.3020E-13
  3.4218E-09  3.5410E-06  9.6258E-08  1.0905E-10  1.7783E-12
  3.4019E-09  3.6218E-06  1.3918E-07  1.7962E-10  3.3905E-12
  3.3244E-09  3.6531E-06  1.7275E-07  2.5051E-10  5.6262E-12
  3.1589E-09  3.6573E-06  1.9837E-07  3.1897E-10  8.8212E-12
  2.9131E-09  3.6372E-06  2.1167E-07  3.6374E-10  1.2002E-11
  2.5177E-09  3.5833E-06  2.1686E-07  3.9042E-10  1.5034E-11
  2.0285E-09  3.4918E-06  2.1374E-07  3.9460E-10  1.6734E-11
  3.2187E-12  1.0898E-09  2.0189E-12  1.8713E-15  2.7211E-17
  6.5544E-12  2.2266E-09  4.1273E-12  3.8255E-15  5.5628E-17
  1.5545E-11  5.3009E-09  9.8402E-12  9.1208E-15  1.3286E-16
  3.8033E-11  1.3037E-08  2.4289E-11  2.2515E-14  3.2763E-16
  1.1410E-10  3.9944E-08  7.5333E-11  6.9844E-14  1.0159E-15
  3.2644E-10  1.2198E-07  2.3826E-10  2.2102E-13  3.2157E-15
  9.0514E-10  4.0414E-07  8.8358E-10  8.2121E-13  1.1963E-14
  1.6897E-09  9.6565E-07  2.6514E-09  2.4756E-12  3.6177E-14
  2.4450E-09  1.7877E-06  7.2757E-09  6.8682E-12  1.0112E-13
  2.9013E-09  2.4704E-06  1.5685E-08  1.5093E-11  2.2521E-13
  3.1906E-09  3.0074E-06  3.2329E-08  3.2319E-11  4.9593E-13
  3.3214E-09  3.3128E-06  5.7111E-08  6.0566E-11  9.7440E-13
  3.3620E-09  3.5007E-06  9.5001E-08  1.1107E-10  1.9561E-12
  3.3212E-09  3.5855E-06  1.3346E-07  1.7427E-10  3.4844E-12
  3.1883E-09  3.6195E-06  1.6982E-07  2.5008E-10  5.9902E-12
  2.9710E-09  3.6115E-06  1.9252E-07  3.1018E-10  8.8938E-12
  2.6088E-09  3.5611E-06  2.0509E-07  3.5428E-10  1.2176E-11
  2.1567E-09  3.4662E-06  2.0607E-07  3.7061E-10  1.4498E-11
  1.3574E-12  4.9548E-10  1.1853E-12  1.1577E-15  1.8467E-17
  2.6363E-12  9.6395E-10  2.3066E-12  2.2529E-15  3.5935E-17
  5.4508E-12  1.9987E-09  4.7850E-12  4.6736E-15  7.4547E-17
  1.0905E-11  4.0137E-09  9.6180E-12  9.3943E-15  1.5014E-16
  2.5194E-11  9.3242E-09  2.2399E-11  2.1879E-14  3.4925E-16
  6.0503E-11  2.2604E-08  5.4630E-11  5.3368E-14  8.5148E-16
  1.8115E-10  6.9950E-08  1.7252E-10  1.6861E-13  2.6905E-15
  5.0685E-10  2.1444E-07  5.6004E-10  5.4794E-13  8.7507E-15
  1.2454E-09  6.4876E-07  1.9992E-09  1.9632E-12  3.1436E-14
  2.0311E-09  1.3331E-06  5.4563E-09  5.4013E-12  8.6990E-14
  2.6745E-09  2.1467E-06  1.3501E-08  1.3603E-11  2.2195E-13
  3.0252E-09  2.7387E-06  2.6969E-08  2.7977E-11  4.6689E-13
  3.2153E-09  3.1676E-06  5.1355E-08  5.6264E-11  9.8256E-13
  3.2582E-09  3.3937E-06  8.3243E-08  9.8437E-11  1.8472E-12
  3.1855E-09  3.5157E-06  1.2377E-07  1.6307E-10  3.4609E-12
  3.0093E-09  3.5485E-06  1.5704E-07  2.2938E-10  5.6558E-12
  2.6856E-09  3.5170E-06  1.8158E-07  2.9200E-10  8.6463E-12
  2.2692E-09  3.4244E-06  1.9062E-07  3.2659E-10  1.1303E-11
  5.7748E-13  2.2555E-10  6.7397E-13  6.8896E-16  1.1921E-17
  1.2141E-12  4.7451E-10  1.4181E-12  1.4496E-15  2.5082E-17
  2.5874E-12  1.0125E-09  3.0266E-12  3.0940E-15  5.3532E-17
  5.0129E-12  1.9654E-09  5.8778E-12  6.0087E-15  1.0396E-16
  1.0345E-11  4.0701E-09  1.2184E-11  1.2455E-14  2.1589E-16
  2.0722E-11  8.1919E-09  2.4570E-11  2.5118E-14  4.3494E-16
  4.8461E-11  1.9329E-08  5.8265E-11  5.9573E-14  1.0310E-15
  1.1978E-10  4.8682E-08  1.4860E-10  1.5198E-13  2.6305E-15
  3.6316E-10  1.5718E-07  5.0057E-10  5.1247E-13  8.8765E-15
  9.1014E-10  4.5351E-07  1.6104E-09  1.6533E-12  2.8696E-14
  1.7713E-09  1.1117E-06  5.0836E-09  5.2595E-12  9.1834E-14
  2.4409E-09  1.8626E-06  1.2081E-08  1.2684E-11  2.2402E-13
  2.8946E-09  2.5731E-06  2.6395E-08  2.8549E-11  5.1651E-13
  3.0904E-09  3.0199E-06  4.7855E-08  5.4184E-11  1.0201E-12
  3.1210E-09  3.3057E-06  8.1294E-08  9.9369E-11  2.0167E-12
  3.0048E-09  3.4256E-06  1.1656E-07  1.5600E-10  3.5203E-12
  2.7262E-09  3.4425E-06  1.5033E-07  2.2339E-10  5.8819E-12
  2.3409E-09  3.3671E-06  1.6879E-07  2.7222E-10  8.3790E-12
  1.7118E-13  7.1963E-11  2.7357E-13  2.9381E-16  5.5596E-18
  4.1519E-13  1.7458E-10  6.6371E-13  7.1283E-16  1.3488E-17
  1.0185E-12  4.2845E-10  1.6290E-12  1.7496E-15  3.3106E-17
  2.1566E-12  9.0788E-10  3.4527E-12  3.7082E-15  7.0166E-17
  4.6161E-12  1.9461E-09  7.4047E-12  7.9529E-15  1.5048E-16
  8.9485E-12  3.7814E-09  1.4400E-11  1.5466E-14  2.9320E-16
  1.8428E-11  7.8208E-09  2.9837E-11  3.2049E-14  6.0690E-16
  3.6882E-11  1.5758E-08  6.0335E-11  6.4813E-14  1.2268E-15
  8.7107E-11  3.7753E-08  1.4591E-10  1.5678E-13  2.9676E-15
  2.1810E-10  9.7614E-08  3.8617E-10  4.1522E-13  7.8635E-15
  6.2319E-10  3.0681E-07  1.3082E-09  1.4097E-12  2.6745E-14
  1.3229E-09  7.7084E-07  3.8766E-09  4.2006E-12  8.0052E-14
  2.1377E-09  1.5466E-06  1.0661E-08  1.1711E-11  2.2570E-13
  2.6447E-09  2.2516E-06  2.2620E-08  2.5441E-11  5.0026E-13
  2.9050E-09  2.8230E-06  4.4387E-08  5.2174E-11  1.0679E-12
  2.9184E-09  3.1319E-06  7.2612E-08  9.0781E-11  1.9779E-12
  2.7265E-09  3.2736E-06  1.0794E-07  1.4749E-10  3.5727E-12
  2.3898E-09  3.2555E-06  1.3489E-07  2.0112E-10  5.5436E-12
  4.6052E-14  2.0619E-11  9.6496E-14  1.0817E-16  2.2154E-18
  1.2640E-13  5.6597E-11  2.6488E-13  2.9693E-16  6.0813E-18
  3.5572E-13  1.5930E-10  7.4556E-13  8.3577E-16  1.7117E-17
  8.5526E-13  3.8312E-10  1.7933E-12  2.0103E-15  4.1171E-17
  2.0721E-12  9.2880E-10  4.3486E-12  4.8748E-15  9.9838E-17
  4.3385E-12  1.9467E-09  9.1189E-12  1.0222E-14  2.0936E-16
  9.2049E-12  4.1392E-09  1.9408E-11  2.1757E-14  4.4632E-16
  1.7804E-11  8.0333E-09  3.7733E-11  4.2304E-14  8.6704E-16
  3.7012E-11  1.6813E-08  7.9279E-11  8.8893E-14  1.8211E-15
  7.6355E-11  3.5083E-08  1.6671E-10  1.8697E-13  3.8308E-15
  1.9063E-10  9.0051E-08  4.3701E-10  4.9047E-13  1.0055E-14
  4.7581E-10  2.3938E-07  1.2238E-09  1.3760E-12  2.8251E-14
  1.1344E-09  6.6132E-07  3.9037E-09  4.4133E-12  9.1162E-14
  1.8760E-09  1.3164E-06  9.9469E-09  1.1377E-11  2.3733E-13
  2.4653E-09  2.0916E-06  2.2998E-08  2.6961E-11  5.7498E-13
  2.6970E-09  2.6357E-06  4.2500E-08  5.1774E-11  1.1453E-12
  2.6530E-09  2.9771E-06  7.1683E-08  9.3057E-11  2.2025E-12
  2.3935E-09  3.0712E-06  9.9981E-08  1.3990E-10  3.6361E-12
  1.2667E-14  5.9872E-12  3.3611E-14  3.9126E-17  8.6049E-19
  3.6852E-14  1.7419E-11  9.7791E-14  1.1383E-16  2.5035E-18
  1.1563E-13  5.4660E-11  3.0686E-13  3.5720E-16  7.8558E-18
  3.1089E-13  1.4697E-10  8.2514E-13  9.6052E-16  2.1124E-17
  8.5263E-13  4.0318E-10  2.2639E-12  2.6353E-15  5.7956E-17
  1.9969E-12  9.4474E-10  5.3060E-12  6.1765E-15  1.3584E-16
  4.6900E-12  2.2213E-09  1.2483E-11  1.4531E-14  3.1957E-16
  9.5859E-12  4.5483E-09  2.5586E-11  2.9786E-14  6.5597E-16
  2.0048E-11  9.5475E-09  5.3828E-11  6.2669E-14  1.3791E-15
  3.8968E-11  1.8670E-08  1.0568E-10  1.2305E-13  2.7072E-15
  8.4209E-11  4.0855E-08  2.3337E-10  2.7184E-13  5.9817E-15
  1.8566E-10  9.2257E-08  5.3717E-10  6.2616E-13  1.3787E-14
  4.7511E-10  2.5098E-07  1.5417E-09  1.8010E-12  3.9787E-14
  1.0243E-09  6.0853E-07  4.2058E-09  4.9384E-12  1.0956E-13
  1.7879E-09  1.2840E-06  1.1359E-08  1.3513E-11  3.0330E-13
  2.2915E-09  1.9665E-06  2.3929E-08  2.9135E-11  6.6826E-13
  2.4744E-09  2.5295E-06  4.5518E-08  5.7831E-11  1.3847E-12
  2.3392E-09  2.7865E-06  7.0220E-08  9.4439E-11  2.4121E-12
  4.5479E-15  2.2526E-12  1.4858E-14  1.7887E-17  4.1985E-19
  1.2176E-14  6.0320E-12  3.9785E-14  4.7898E-17  1.1242E-18
  3.8134E-14  1.8893E-11  1.2461E-13  1.5002E-16  3.5212E-18
  1.0900E-13  5.4004E-11  3.5621E-13  4.2884E-16  1.0065E-17
  3.3163E-13  1.6432E-10  1.0839E-12  1.3049E-15  3.0628E-17
  8.5918E-13  4.2581E-10  2.8091E-12  3.3819E-15  7.9376E-17
  2.2570E-12  1.1192E-09  7.3855E-12  8.8916E-15  2.0869E-16
  5.0675E-12  2.5153E-09  1.6608E-11  1.9996E-14  4.7028E-16
  1.1395E-11  5.6677E-09  3.7476E-11  4.5123E-14  1.0602E-15
  2.2684E-11  1.1323E-08  7.5053E-11  9.0376E-14  2.1222E-15
  4.7355E-11  2.3808E-08  1.5865E-10  1.9109E-13  4.4868E-15
  9.5443E-11  4.8587E-08  3.2699E-10  3.9400E-13  9.2546E-15
  2.2224E-10  1.1639E-07  8.0243E-10  9.6789E-13  2.2756E-14
  4.9928E-10  2.7669E-07  2.0099E-09  2.4301E-12  5.7321E-14
  1.0829E-09  6.7973E-07  5.6258E-09  6.8468E-12  1.6243E-13
  1.7202E-09  1.2785E-06  1.3166E-08  1.6239E-11  3.9008E-13
  2.1632E-09  1.9656E-06  2.8188E-08  3.5741E-11  8.8236E-13
  2.2075E-09  2.3951E-06  4.7807E-08  6.3141E-11  1.6290E-12
