T(K)  p(mbar)  mu(amu)  mean cp(kJ/kg/K)
       75.000000    0.0010000000       2.3393725       12.950785
       75.000000    0.0030000000       2.3393724       12.950785
       75.000000     0.010000000       2.3393724       12.950785
       75.000000     0.030000000       2.3393724       12.950785
       75.000000      0.10000000       2.3393724       12.950785
       75.000000      0.30000000       2.3393724       12.950785
       75.000000       1.0000000       2.3393724       12.950785
       75.000000       3.0000000       2.3393724       12.950785
       75.000000       10.000000       2.3393724       12.950785
       75.000000       30.000000       2.3393724       12.950785
       75.000000       100.00000       2.3393724       12.950785
       75.000000       300.00000       2.3393724       12.950785
       75.000000       1000.0000       2.3393724       12.950785
       75.000000       3000.0000       2.3393724       12.950785
       75.000000       10000.000       2.3393724       12.950785
       100.00000    0.0010000000       2.3417085       12.464806
       100.00000    0.0030000000       2.3417085       12.464806
       100.00000     0.010000000       2.3411557       12.464806
       100.00000     0.030000000       2.3399668       12.464806
       100.00000      0.10000000       2.3395507       12.464806
       100.00000      0.30000000       2.3394318       12.464806
       100.00000       1.0000000       2.3393902       12.464806
       100.00000       3.0000000       2.3393783       12.464806
       100.00000       10.000000       2.3393742       12.464806
       100.00000       30.000000       2.3393730       12.464806
       100.00000       100.00000       2.3393726       12.464806
       100.00000       300.00000       2.3393725       12.464806
       100.00000       1000.0000       2.3393724       12.464806
       100.00000       3000.0000       2.3393724       12.464806
       100.00000       10000.000       2.3393724       12.464806
       100.00000       30000.000       2.3393724       12.464806
       110.00000    0.0010000000       2.3417086       12.404090
       110.00000    0.0030000000       2.3417085       12.404090
       110.00000     0.010000000       2.3417085       12.404090
       110.00000     0.030000000       2.3417085       12.404090
       110.00000      0.10000000       2.3417085       12.404090
       110.00000      0.30000000       2.3410234       12.404090
       110.00000       1.0000000       2.3398677       12.404090
       110.00000       3.0000000       2.3395375       12.404090
       110.00000       10.000000       2.3394219       12.404090
       110.00000       30.000000       2.3393889       12.404090
       110.00000       100.00000       2.3393773       12.404090
       110.00000       300.00000       2.3393740       12.404090
       110.00000       1000.0000       2.3393729       12.404090
       110.00000       3000.0000       2.3393726       12.404090
       110.00000       10000.000       2.3393724       12.404090
       110.00000       30000.000       2.3393724       12.404090
       110.00000       100000.00       2.3393724       12.404090
       120.00000    0.0010000000       2.3417194       12.405438
       120.00000    0.0030000000       2.3417121       12.405438
       120.00000     0.010000000       2.3417096       12.405439
       120.00000     0.030000000       2.3417088       12.405439
       120.00000      0.10000000       2.3417086       12.405439
       120.00000      0.30000000       2.3417085       12.405439
       120.00000       1.0000000       2.3417085       12.405439
       120.00000       3.0000000       2.3417085       12.405439
       120.00000       10.000000       2.3401629       12.405439
       120.00000       30.000000       2.3396359       12.405439
       120.00000       100.00000       2.3394514       12.405439
       120.00000       300.00000       2.3393987       12.405439
       120.00000       1000.0000       2.3393803       12.405439
       120.00000       3000.0000       2.3393750       12.405439
       120.00000       10000.000       2.3393732       12.405439
       120.00000       30000.000       2.3393727       12.405439
       120.00000       100000.00       2.3393725       12.405439
       130.00000    0.0010000000       2.3420946       12.459291
       130.00000    0.0030000000       2.3418372       12.459298
       130.00000     0.010000000       2.3417471       12.459301
       130.00000     0.030000000       2.3417213       12.459302
       130.00000      0.10000000       2.3417123       12.459302
       130.00000      0.30000000       2.3417098       12.459302
       130.00000       1.0000000       2.3417089       12.459302
       130.00000       3.0000000       2.3417086       12.459302
       130.00000       10.000000       2.3417085       12.459302
       130.00000       30.000000       2.3417085       12.459302
       130.00000       100.00000       2.3401962       12.459302
       130.00000       300.00000       2.3396470       12.459302
       130.00000       1000.0000       2.3394548       12.459302
       130.00000       3000.0000       2.3393999       12.459302
       130.00000       10000.000       2.3393806       12.459302
       130.00000       30000.000       2.3393751       12.459302
       130.00000       100000.00       2.3393732       12.459302
       140.00000    0.0010000000       2.3426256       12.555806
       140.00000    0.0030000000       2.3425911       12.556024
       140.00000     0.010000000       2.3425258       12.556100
       140.00000     0.030000000       2.3419809       12.556122
       140.00000      0.10000000       2.3417902       12.556130
       140.00000      0.30000000       2.3417357       12.556132
       140.00000       1.0000000       2.3417166       12.556133
       140.00000       3.0000000       2.3417112       12.556133
       140.00000       10.000000       2.3417093       12.556133
       140.00000       30.000000       2.3417087       12.556133
       140.00000       100.00000       2.3417086       12.556133
       140.00000       300.00000       2.3414200       12.556133
       140.00000       1000.0000       2.3399867       12.556133
       140.00000       3000.0000       2.3395772       12.556133
       140.00000       10000.000       2.3394338       12.556133
       140.00000       30000.000       2.3393929       12.556133
       140.00000       100000.00       2.3393785       12.556133
       150.00000    0.0010000000       2.3435535       12.680124
       150.00000    0.0030000000       2.3429003       12.684296
       150.00000     0.010000000       2.3426717       12.685756
       150.00000     0.030000000       2.3426064       12.686174
       150.00000      0.10000000       2.3425835       12.686320
       150.00000      0.30000000       2.3420926       12.686362
       150.00000       1.0000000       2.3418237       12.686376
       150.00000       3.0000000       2.3417469       12.686380
       150.00000       10.000000       2.3417200       12.686382
       150.00000       30.000000       2.3417123       12.686382
       150.00000       100.00000       2.3417096       12.686382
       150.00000       300.00000       2.3417089       12.686382
       150.00000       1000.0000       2.3417086       12.686382
       150.00000       3000.0000       2.3405404       12.686382
       150.00000       10000.000       2.3397228       12.686382
       150.00000       30000.000       2.3394892       12.686382
       150.00000       100000.00       2.3394074       12.686382
       160.00000    0.0010000000       2.3554052       12.757955
       160.00000    0.0030000000       2.3468511       12.812849
       160.00000     0.010000000       2.3438572       12.832192
       160.00000     0.030000000       2.3430015       12.837731
       160.00000      0.10000000       2.3427021       12.839671
       160.00000      0.30000000       2.3426166       12.840225
       160.00000       1.0000000       2.3425866       12.840419
       160.00000       3.0000000       2.3420977       12.840475
       160.00000       10.000000       2.3418252       12.840494
       160.00000       30.000000       2.3417474       12.840500
       160.00000       100.00000       2.3417201       12.840502
       160.00000       300.00000       2.3417124       12.840502
       160.00000       1000.0000       2.3417096       12.840503
       160.00000       3000.0000       2.3417089       12.840503
       160.00000       10000.000       2.3409803       12.840503
       160.00000       30000.000       2.3399084       12.840503
       160.00000       100000.00       2.3395332       12.840503
       170.00000    0.0010000000       2.3573277       12.912679
       170.00000    0.0030000000       2.3573278       12.912677
       170.00000     0.010000000       2.3549904       12.927818
       170.00000     0.030000000       2.3467128       12.981771
       170.00000      0.10000000       2.3438156       13.000779
       170.00000      0.30000000       2.3429879       13.006222
       170.00000       1.0000000       2.3427181       13.008128
       170.00000       3.0000000       2.3426151       13.008673
       170.00000       10.000000       2.3425862       13.008863
       170.00000       30.000000       2.3420090       13.008918
       170.00000       100.00000       2.3417986       13.008937
       170.00000       300.00000       2.3417385       13.008942
       170.00000       1000.0000       2.3417175       13.008944
       170.00000       3000.0000       2.3417115       13.008945
       170.00000       10000.000       2.3417094       13.008945
       170.00000       30000.000       2.3414283       13.008945
       170.00000       100000.00       2.3399892       13.008945
       180.00000    0.0010000000       2.3573075       13.084394
       180.00000    0.0030000000       2.3573075       13.084394
       180.00000     0.010000000       2.3573075       13.084394
       180.00000     0.030000000       2.3573075       13.084394
       180.00000      0.10000000       2.3518907       13.120092
       180.00000      0.30000000       2.3456662       13.161396
       180.00000       1.0000000       2.3434876       13.175924
       180.00000       3.0000000       2.3428652       13.180082
       180.00000       10.000000       2.3426470       13.181537
       180.00000       30.000000       2.3425847       13.181953
       180.00000       100.00000       2.3422232       13.182098
       180.00000       300.00000       2.3418532       13.182140
       180.00000       1000.0000       2.3417237       13.182155
       180.00000       3000.0000       2.3416867       13.182159
       180.00000       10000.000       2.3416737       13.182160
       180.00000       30000.000       2.3416700       13.182161
       180.00000       100000.00       2.3413697       13.182161
       190.00000    0.0010000000       2.3572873       13.251376
       190.00000    0.0030000000       2.3572873       13.251376
       190.00000     0.010000000       2.3572873       13.251376
       190.00000     0.030000000       2.3572873       13.251376
       190.00000      0.10000000       2.3572873       13.251376
       190.00000      0.30000000       2.3572874       13.251377
       190.00000       1.0000000       2.3482114       13.312213
       190.00000       3.0000000       2.3444262       13.337779
       190.00000       10.000000       2.3431012       13.346752
       190.00000       30.000000       2.3427025       13.349319
       190.00000       100.00000       2.3425701       13.350218
       190.00000       300.00000       2.3425120       13.350474
       190.00000       1000.0000       2.3419102       13.350564
       190.00000       3000.0000       2.3417220       13.350592
       190.00000       10000.000       2.3416561       13.350599
       190.00000       30000.000       2.3416372       13.350601
       190.00000       100000.00       2.3416307       13.350602
       200.00000    0.0010000000       2.3572873       13.404161
       200.00000    0.0030000000       2.3572873       13.404161
       200.00000     0.010000000       2.3572873       13.404161
       200.00000     0.030000000       2.3572873       13.404161
       200.00000      0.10000000       2.3572873       13.404161
       200.00000      0.30000000       2.3572874       13.404162
       200.00000       1.0000000       2.3572874       13.404163
       200.00000       3.0000000       2.3521415       13.439042
       200.00000       10.000000       2.3453958       13.484941
       200.00000       30.000000       2.3434740       13.498124
       200.00000       100.00000       2.3428015       13.502743
       200.00000       300.00000       2.3425892       13.504064
       200.00000       1000.0000       2.3425220       13.504527
       200.00000       3000.0000       2.3420350       13.504668
       200.00000       10000.000       2.3417500       13.504705
       200.00000       30000.000       2.3416686       13.504716
       200.00000       100000.00       2.3416401       13.504720
       210.00000    0.0010000000       2.3572874       13.535779
       210.00000    0.0030000000       2.3572874       13.535783
       210.00000     0.010000000       2.3572873       13.535783
       210.00000     0.030000000       2.3572873       13.535783
       210.00000      0.10000000       2.3572873       13.535783
       210.00000      0.30000000       2.3572874       13.535784
       210.00000       1.0000000       2.3572874       13.535785
       210.00000       3.0000000       2.3572875       13.535790
       210.00000       10.000000       2.3550485       13.550978
       210.00000       30.000000       2.3467117       13.608529
       210.00000       100.00000       2.3437668       13.628795
       210.00000       300.00000       2.3429110       13.634601
       210.00000       1000.0000       2.3426185       13.636640
       210.00000       3000.0000       2.3425349       13.637258
       210.00000       10000.000       2.3420877       13.637424
       210.00000       30000.000       2.3417811       13.637470
       210.00000       100000.00       2.3416738       13.637486
       220.00000    0.0010000000       2.3572663       13.649257
       220.00000    0.0030000000       2.3572671       13.649284
       220.00000     0.010000000       2.3572874       13.649289
       220.00000     0.030000000       2.3572873       13.649289
       220.00000      0.10000000       2.3572873       13.649289
       220.00000      0.30000000       2.3572873       13.649290
       220.00000       1.0000000       2.3572873       13.649291
       220.00000       3.0000000       2.3572874       13.649296
       220.00000       10.000000       2.3572673       13.649301
       220.00000       30.000000       2.3572872       13.649358
       220.00000       100.00000       2.3472826       13.718640
       220.00000       300.00000       2.3440829       13.740885
       220.00000       1000.0000       2.3429701       13.748712
       220.00000       3000.0000       2.3426521       13.751082
       220.00000       10000.000       2.3425408       13.751721
       220.00000       30000.000       2.3421396       13.751900
       220.00000       100000.00       2.3417814       13.751963
       230.00000    0.0010000000       2.3572601       13.749840
       230.00000    0.0030000000       2.3572663       13.750053
       230.00000     0.010000000       2.3572671       13.750077
       230.00000     0.030000000       2.3572873       13.750081
       230.00000      0.10000000       2.3572875       13.750080
       230.00000      0.30000000       2.3572873       13.750082
       230.00000       1.0000000       2.3572873       13.750083
       230.00000       3.0000000       2.3572875       13.750087
       230.00000       10.000000       2.3572674       13.750093
       230.00000       30.000000       2.3572872       13.750150
       230.00000       100.00000       2.3572673       13.750218
       230.00000       300.00000       2.3478785       13.815806
       230.00000       1000.0000       2.3441088       13.842467
       230.00000       3000.0000       2.3430316       13.850553
       230.00000       10000.000       2.3426547       13.852740
       230.00000       30000.000       2.3425470       13.853355
       230.00000       100000.00       2.3420897       13.853570
       240.00000    0.0010000000       2.3572053       13.838855
       240.00000    0.0030000000       2.3572411       13.840080
       240.00000     0.010000000       2.3572663       13.840253
       240.00000     0.030000000       2.3572671       13.840266
       240.00000      0.10000000       2.3572672       13.840268
       240.00000      0.30000000       2.3572875       13.840269
       240.00000       1.0000000       2.3572875       13.840270
       240.00000       3.0000000       2.3572875       13.840276
       240.00000       10.000000       2.3572672       13.840283
       240.00000       30.000000       2.3572872       13.840338
       240.00000       100.00000       2.3572672       13.840407
       240.00000       300.00000       2.3572469       13.840708
       240.00000       1000.0000       2.3474369       13.910181
       240.00000       3000.0000       2.3441411       13.935043
       240.00000       10000.000       2.3429875       13.941791
       240.00000       30000.000       2.3426579       13.943689
       240.00000       100000.00       2.3425426       13.944354
       250.00000    0.0010000000       2.3570866       13.913939
       250.00000    0.0030000000       2.3572170       13.917662
       250.00000     0.010000000       2.3572437       13.918567
       250.00000     0.030000000       2.3572667       13.918659
       250.00000      0.10000000       2.3572671       13.918669
       250.00000      0.30000000       2.3572672       13.918671
       250.00000       1.0000000       2.3572875       13.918672
       250.00000       3.0000000       2.3572875       13.918678
       250.00000       10.000000       2.3572672       13.918685
       250.00000       30.000000       2.3572872       13.918740
       250.00000       100.00000       2.3572671       13.918810
       250.00000       300.00000       2.3572471       13.919108
       250.00000       1000.0000       2.3563264       13.927170
       250.00000       3000.0000       2.3471042       13.996706
       250.00000       10000.000       2.3438764       14.015696
       250.00000       30000.000       2.3429542       14.021047
       250.00000       100000.00       2.3426314       14.022920
       260.00000    0.0010000000       2.3569921       13.976151
       260.00000    0.0030000000       2.3571020       13.981238
       260.00000     0.010000000       2.3572112       13.984253
       260.00000     0.030000000       2.3572449       13.984711
       260.00000      0.10000000       2.3572467       13.984766
       260.00000      0.30000000       2.3572669       13.984773
       260.00000       1.0000000       2.3572672       13.984774
       260.00000       3.0000000       2.3572671       13.984779
       260.00000       10.000000       2.3572673       13.984786
       260.00000       30.000000       2.3572872       13.984842
       260.00000       100.00000       2.3572672       13.984911
       260.00000       300.00000       2.3572471       13.985210
       260.00000       1000.0000       2.3572473       13.986899
       260.00000       3000.0000       2.3544135       14.020388
       260.00000       10000.000       2.3460691       14.069535
       260.00000       30000.000       2.3436852       14.083437
       260.00000       100000.00       2.3428507       14.088310
       260.00000       300000.00       2.3426123       14.089703
       270.00000    0.0010000000       2.3568142       14.030636
       270.00000    0.0030000000       2.3570216       14.034114
       270.00000     0.010000000       2.3571686       14.039350
       270.00000     0.030000000       2.3572181       14.041037
       270.00000      0.10000000       2.3572461       14.041291
       270.00000      0.30000000       2.3572467       14.041315
       270.00000       1.0000000       2.3572670       14.041321
       270.00000       3.0000000       2.3572672       14.041325
       270.00000       10.000000       2.3572674       14.041332
       270.00000       30.000000       2.3572872       14.041388
       270.00000       100.00000       2.3572672       14.041457
       270.00000       300.00000       2.3572469       14.041758
       270.00000       1000.0000       2.3572473       14.043445
       270.00000       3000.0000       2.3572473       14.060433
       270.00000       10000.000       2.3511099       14.097017
       270.00000       30000.000       2.3453653       14.130576
       270.00000       100000.00       2.3433548       14.142369
       270.00000       300000.00       2.3427803       14.145745
       275.00000    0.0010000000       2.3566754       14.056371
       275.00000    0.0030000000       2.3569327       14.058356
       275.00000     0.010000000       2.3571090       14.063834
       275.00000     0.030000000       2.3572098       14.066554
       275.00000      0.10000000       2.3572250       14.067063
       275.00000      0.30000000       2.3572464       14.067115
       275.00000       1.0000000       2.3572669       14.067121
       275.00000       3.0000000       2.3572672       14.067126
       275.00000       10.000000       2.3572671       14.067134
       275.00000       30.000000       2.3572870       14.067190
       275.00000       100.00000       2.3572671       14.067259
       275.00000       300.00000       2.3572471       14.067557
       275.00000       1000.0000       2.3572471       14.069247
       275.00000       3000.0000       2.3572473       14.086234
       275.00000       10000.000       2.3554488       14.097645
       275.00000       30000.000       2.3468118       14.148063
       275.00000       100000.00       2.3437887       14.165822
       275.00000       300000.00       2.3429250       14.170910
       280.00000    0.0010000000       2.3565295       14.081433
       280.00000    0.0030000000       2.3568697       14.081902
       280.00000     0.010000000       2.3570579       14.086869
       280.00000     0.030000000       2.3571749       14.090689
       280.00000      0.10000000       2.3572231       14.091649
       280.00000      0.30000000       2.3572261       14.091747
       280.00000       1.0000000       2.3572468       14.091760
       280.00000       3.0000000       2.3572672       14.091767
       280.00000       10.000000       2.3572672       14.091775
       280.00000       30.000000       2.3572675       14.091830
       280.00000       100.00000       2.3572672       14.091899
       280.00000       300.00000       2.3572471       14.092198
       280.00000       1000.0000       2.3572473       14.093887
       280.00000       3000.0000       2.3572473       14.110875
       280.00000       10000.000       2.3572473       14.111852
       280.00000       30000.000       2.3485488       14.162648
       280.00000       100000.00       2.3443098       14.187579
       280.00000       300000.00       2.3430987       14.194727
       290.00000    0.0010000000       2.3562682       14.127730
       290.00000    0.0030000000       2.3566399       14.126742
       290.00000     0.010000000       2.3569734       14.129092
       290.00000     0.030000000       2.3570957       14.134101
       290.00000      0.10000000       2.3571942       14.136711
       290.00000      0.30000000       2.3572251       14.137074
       290.00000       1.0000000       2.3572467       14.137119
       290.00000       3.0000000       2.3572467       14.137129
       290.00000       10.000000       2.3572672       14.137137
       290.00000       30.000000       2.3572472       14.137193
       290.00000       100.00000       2.3572670       14.137263
       290.00000       300.00000       2.3572469       14.137562
       290.00000       1000.0000       2.3572471       14.139251
       290.00000       3000.0000       2.3572471       14.156238
       290.00000       10000.000       2.3572471       14.157215
       290.00000       30000.000       2.3539912       14.176248
       290.00000       100000.00       2.3459425       14.223604
       290.00000       300000.00       2.3436429       14.237221
       300.00000    0.0010000000       2.3574436       14.161762
       300.00000    0.0030000000       2.3574647       14.162619
       300.00000     0.010000000       2.3575329       14.165216
       300.00000     0.030000000       2.3576171       14.170036
       300.00000      0.10000000       2.3577309       14.174775
       300.00000      0.30000000       2.3577551       14.175903
       300.00000       1.0000000       2.3577578       14.176057
       300.00000       3.0000000       2.3577579       14.176077
       300.00000       10.000000       2.3577581       14.176086
       300.00000       30.000000       2.3577580       14.176144
       300.00000       100.00000       2.3577580       14.176216
       300.00000       300.00000       2.3577580       14.176517
       300.00000       1000.0000       2.3577580       14.178206
       300.00000       3000.0000       2.3577580       14.195183
       300.00000       10000.000       2.3577580       14.196159
       300.00000       30000.000       2.3577580       14.196148
       300.00000       100000.00       2.3492930       14.245982
       300.00000       300000.00       2.3451093       14.270789
       310.00000    0.0010000000       2.3574378       14.193089
       310.00000    0.0030000000       2.3574516       14.193573
       310.00000     0.010000000       2.3574759       14.195145
       310.00000     0.030000000       2.3575702       14.198693
       310.00000      0.10000000       2.3576978       14.204462
       310.00000      0.30000000       2.3577489       14.207099
       310.00000       1.0000000       2.3577572       14.207580
       310.00000       3.0000000       2.3577580       14.207631
       310.00000       10.000000       2.3577582       14.207644
       310.00000       30.000000       2.3577580       14.207703
       310.00000       100.00000       2.3577580       14.207774
       310.00000       300.00000       2.3577580       14.208075
       310.00000       1000.0000       2.3577580       14.209764
       310.00000       3000.0000       2.3577580       14.226741
       310.00000       10000.000       2.3577580       14.227717
       310.00000       30000.000       2.3577580       14.227706
       310.00000       100000.00       2.3540018       14.249778
       310.00000       300000.00       2.3466790       14.293176
       320.00000    0.0010000000       2.3574346       14.219023
       320.00000    0.0030000000       2.3574425       14.219305
       320.00000     0.010000000       2.3574659       14.220246
       320.00000     0.030000000       2.3575298       14.222603
       320.00000      0.10000000       2.3576237       14.227874
       320.00000      0.30000000       2.3577267       14.232267
       320.00000       1.0000000       2.3577554       14.233546
       320.00000       3.0000000       2.3577577       14.233690
       320.00000       10.000000       2.3577581       14.233713
       320.00000       30.000000       2.3577580       14.233772
       320.00000       100.00000       2.3577580       14.233844
       320.00000       300.00000       2.3577580       14.234145
       320.00000       1000.0000       2.3577580       14.235834
       320.00000       3000.0000       2.3577580       14.252811
       320.00000       10000.000       2.3577580       14.253787
       320.00000       30000.000       2.3577580       14.253776
       320.00000       100000.00       2.3577580       14.253633
       320.00000       300000.00       2.3492060       14.304267
       330.00000    0.0010000000       2.3574330       14.241951
       330.00000    0.0030000000       2.3574377       14.242119
       330.00000     0.010000000       2.3574540       14.242688
       330.00000     0.030000000       2.3574762       14.244197
       330.00000      0.10000000       2.3575698       14.248253
       330.00000      0.30000000       2.3576985       14.253564
       330.00000       1.0000000       2.3577508       14.256282
       330.00000       3.0000000       2.3577571       14.256669
       330.00000       10.000000       2.3577581       14.256723
       330.00000       30.000000       2.3577581       14.256785
       330.00000       100.00000       2.3577580       14.256857
       330.00000       300.00000       2.3577580       14.257158
       330.00000       1000.0000       2.3577580       14.258847
       330.00000       3000.0000       2.3577580       14.275824
       330.00000       10000.000       2.3577580       14.276800
       330.00000       30000.000       2.3577580       14.276789
       330.00000       100000.00       2.3577580       14.276646
       330.00000       300000.00       2.3531497       14.303791
       340.00000    0.0010000000       2.3574320       14.262639
       340.00000    0.0030000000       2.3574349       14.262741
       340.00000     0.010000000       2.3574451       14.263090
       340.00000     0.030000000       2.3574675       14.264049
       340.00000      0.10000000       2.3575318       14.266909
       340.00000      0.30000000       2.3576335       14.271954
       340.00000       1.0000000       2.3577372       14.276382
       340.00000       3.0000000       2.3577557       14.277327
       340.00000       10.000000       2.3577579       14.277458
       340.00000       30.000000       2.3577580       14.277527
       340.00000       100.00000       2.3577580       14.277600
       340.00000       300.00000       2.3577580       14.277901
       340.00000       1000.0000       2.3577580       14.279590
       340.00000       3000.0000       2.3577580       14.296567
       340.00000       10000.000       2.3577580       14.297543
       340.00000       30000.000       2.3577580       14.297532
       340.00000       100000.00       2.3577580       14.297389
       340.00000       300000.00       2.3577580       14.297034
       350.00000    0.0010000000       2.3574315       14.280219
       350.00000    0.0030000000       2.3574333       14.280283
       350.00000     0.010000000       2.3574394       14.280504
       350.00000     0.030000000       2.3574569       14.281115
       350.00000      0.10000000       2.3574914       14.283059
       350.00000      0.30000000       2.3575865       14.287175
       350.00000       1.0000000       2.3577152       14.292772
       350.00000       3.0000000       2.3577521       14.294739
       350.00000       10.000000       2.3577574       14.295057
       350.00000       30.000000       2.3577580       14.295144
       350.00000       100.00000       2.3577580       14.295218
       350.00000       300.00000       2.3577580       14.295520
       350.00000       1000.0000       2.3577580       14.297209
       350.00000       3000.0000       2.3577580       14.314186
       350.00000       10000.000       2.3577580       14.315162
       350.00000       30000.000       2.3577580       14.315151
       350.00000       100000.00       2.3577580       14.315008
       350.00000       300000.00       2.3577580       14.314653
       375.00000    0.0010000000       2.3574310       14.310016
       375.00000    0.0030000000       2.3574315       14.310039
       375.00000     0.010000000       2.3574336       14.310115
       375.00000     0.030000000       2.3574396       14.310329
       375.00000      0.10000000       2.3574601       14.311052
       375.00000      0.30000000       2.3574924       14.312924
       375.00000       1.0000000       2.3576025       14.317604
       375.00000       3.0000000       2.3577160       14.322673
       375.00000       10.000000       2.3577534       14.324668
       375.00000       30.000000       2.3577574       14.324967
       375.00000       100.00000       2.3577579       14.325066
       375.00000       300.00000       2.3577580       14.325364
       375.00000       1000.0000       2.3577580       14.327024
       375.00000       3000.0000       2.3577580       14.343661
       375.00000       10000.000       2.3577580       14.344692
       375.00000       30000.000       2.3577580       14.345025
       375.00000       100000.00       2.3577580       14.344894
       375.00000       300000.00       2.3577580       14.344532
       400.00000    0.0010000000       2.3574296       14.330081
       400.00000    0.0030000000       2.3574300       14.330089
       400.00000     0.010000000       2.3574307       14.330119
       400.00000     0.030000000       2.3574330       14.330202
       400.00000      0.10000000       2.3574409       14.330488
       400.00000      0.30000000       2.3574617       14.331275
       400.00000       1.0000000       2.3575263       14.333701
       400.00000       3.0000000       2.3576137       14.338397
       400.00000       10.000000       2.3577228       14.343481
       400.00000       30.000000       2.3577535       14.344865
       400.00000       100.00000       2.3577567       14.345110
       400.00000       300.00000       2.3577570       14.345362
       400.00000       1000.0000       2.3577571       14.346634
       400.00000       3000.0000       2.3577571       14.358833
       400.00000       10000.000       2.3577571       14.360582
       400.00000       30000.000       2.3577571       14.365398
       400.00000       100000.00       2.3577571       14.365438
       400.00000       300000.00       2.3577571       14.364974
       425.00000    0.0010000000       2.3574297       14.342950
       425.00000    0.0030000000       2.3574298       14.342954
       425.00000     0.010000000       2.3574303       14.342966
       425.00000     0.030000000       2.3574311       14.343002
       425.00000      0.10000000       2.3574346       14.343125
       425.00000      0.30000000       2.3574444       14.343471
       425.00000       1.0000000       2.3574699       14.344620
       425.00000       3.0000000       2.3575335       14.347406
       425.00000       10.000000       2.3576670       14.353055
       425.00000       30.000000       2.3577377       14.356916
       425.00000       100.00000       2.3577553       14.357879
       425.00000       300.00000       2.3577568       14.358150
       425.00000       1000.0000       2.3577570       14.359055
       425.00000       3000.0000       2.3577571       14.367097
       425.00000       10000.000       2.3577571       14.369550
       425.00000       30000.000       2.3577571       14.378548
       425.00000       100000.00       2.3577571       14.378757
       425.00000       300000.00       2.3577571       14.378189
       450.00000    0.0010000000       2.3574287       14.350454
       450.00000    0.0030000000       2.3574296       14.350452
       450.00000     0.010000000       2.3574298       14.350458
       450.00000     0.030000000       2.3574302       14.350475
       450.00000      0.10000000       2.3574318       14.350532
       450.00000      0.30000000       2.3574363       14.350695
       450.00000       1.0000000       2.3574520       14.351251
       450.00000       3.0000000       2.3574729       14.352726
       450.00000       10.000000       2.3575750       14.356727
       450.00000       30.000000       2.3576935       14.362115
       450.00000       100.00000       2.3577491       14.364999
       450.00000       300.00000       2.3577561       14.365532
       450.00000       1000.0000       2.3577569       14.366115
       450.00000       3000.0000       2.3577571       14.370247
       450.00000       10000.000       2.3577571       14.373387
       450.00000       30000.000       2.3577571       14.386307
       450.00000       100000.00       2.3577571       14.386680
       450.00000       300000.00       2.3577571       14.386007
       475.00000    0.0010000000       2.3574292       14.355326
       475.00000    0.0030000000       2.3574278       14.355279
       475.00000     0.010000000       2.3574295       14.355276
       475.00000     0.030000000       2.3574299       14.355283
       475.00000      0.10000000       2.3574307       14.355312
       475.00000      0.30000000       2.3574329       14.355395
       475.00000       1.0000000       2.3574408       14.355678
       475.00000       3.0000000       2.3574615       14.356458
       475.00000       10.000000       2.3575257       14.358864
       475.00000       30.000000       2.3576127       14.363553
       475.00000       100.00000       2.3577220       14.368689
       475.00000       300.00000       2.3577535       14.370141
       475.00000       1000.0000       2.3577567       14.370678
       475.00000       3000.0000       2.3577570       14.372833
       475.00000       10000.000       2.3577571       14.375963
       475.00000       30000.000       2.3577571       14.389073
       475.00000       100000.00       2.3577571       14.392487
       475.00000       300000.00       2.3577571       14.391761
       500.00000    0.0010000000       2.3572931       14.361592
       500.00000    0.0030000000       2.3574244       14.361065
       500.00000     0.010000000       2.3574276       14.360994
       500.00000     0.030000000       2.3574295       14.360993
       500.00000      0.10000000       2.3574300       14.361008
       500.00000      0.30000000       2.3574314       14.361051
       500.00000       1.0000000       2.3574356       14.361203
       500.00000       3.0000000       2.3574477       14.361630
       500.00000       10.000000       2.3574664       14.363026
       500.00000       30.000000       2.3575569       14.366291
       500.00000       100.00000       2.3576790       14.372130
       500.00000       300.00000       2.3577453       14.375320
       500.00000       1000.0000       2.3577559       14.376145
       500.00000       3000.0000       2.3577569       14.376788
       500.00000       10000.000       2.3577570       14.379775
       500.00000       30000.000       2.3577571       14.392389
       500.00000       100000.00       2.3577571       14.399412
       500.00000       300000.00       2.3577571       14.398483
       575.00000    0.0010000000       2.3563635       14.396239
       575.00000    0.0030000000       2.3564453       14.395873
       575.00000     0.010000000       2.3568892       14.394105
       575.00000     0.030000000       2.3573145       14.392457
       575.00000      0.10000000       2.3574283       14.392037
       575.00000      0.30000000       2.3574282       14.392003
       575.00000       1.0000000       2.3574305       14.392031
       575.00000       3.0000000       2.3574332       14.392121
       575.00000       10.000000       2.3574419       14.392431
       575.00000       30.000000       2.3574633       14.393284
       575.00000       100.00000       2.3575307       14.395878
       575.00000       300.00000       2.3576125       14.400757
       575.00000       1000.0000       2.3577280       14.405730
       575.00000       3000.0000       2.3577540       14.407192
       575.00000       10000.000       2.3577568       14.408569
       575.00000       30000.000       2.3577570       14.413309
       575.00000       100000.00       2.3577571       14.434091
       575.00000       300000.00       2.3577571       14.449848
       650.00000    0.0010000000       2.3563382       14.425972
       650.00000    0.0030000000       2.3563358       14.425972
       650.00000     0.010000000       2.3563605       14.425947
       650.00000     0.030000000       2.3564059       14.425769
       650.00000      0.10000000       2.3567306       14.424628
       650.00000      0.30000000       2.3572457       14.422967
       650.00000       1.0000000       2.3574201       14.422374
       650.00000       3.0000000       2.3574273       14.422332
       650.00000       10.000000       2.3574328       14.422416
       650.00000       30.000000       2.3574400       14.422675
       650.00000       100.00000       2.3574625       14.423537
       650.00000       300.00000       2.3575227       14.425731
       650.00000       1000.0000       2.3576067       14.430887
       650.00000       3000.0000       2.3577177       14.435756
       650.00000       10000.000       2.3577539       14.437838
       650.00000       30000.000       2.3577567       14.439943
       650.00000       100000.00       2.3577570       14.455100
       650.00000       300000.00       2.3577571       14.547879
       725.00000    0.0010000000       2.3564653       14.478623
       725.00000    0.0030000000       2.3564653       14.478623
       725.00000     0.010000000       2.3564034       14.478624
       725.00000     0.030000000       2.3563591       14.478621
       725.00000      0.10000000       2.3563699       14.478593
       725.00000      0.30000000       2.3564311       14.478377
       725.00000       1.0000000       2.3568399       14.477208
       725.00000       3.0000000       2.3572836       14.475928
       725.00000       10.000000       2.3574266       14.475593
       725.00000       30.000000       2.3574312       14.475651
       725.00000       100.00000       2.3574426       14.475974
       725.00000       300.00000       2.3574645       14.476878
       725.00000       1000.0000       2.3575338       14.479617
       725.00000       3000.0000       2.3576200       14.484671
       725.00000       10000.000       2.3577314       14.489741
       725.00000       30000.000       2.3577543       14.491828
       725.00000       100000.00       2.3577567       14.499389
       725.00000       300000.00       2.3577571       14.563172
       800.00000    0.0010000000       2.3564665       14.565218
       800.00000    0.0030000000       2.3564665       14.565218
       800.00000     0.010000000       2.3564665       14.565218
       800.00000     0.030000000       2.3564667       14.565217
       800.00000      0.10000000       2.3564671       14.565217
       800.00000      0.30000000       2.3564706       14.565211
       800.00000       1.0000000       2.3564321       14.565140
       800.00000       3.0000000       2.3565876       14.564682
       800.00000       10.000000       2.3571267       14.563381
       800.00000       30.000000       2.3573874       14.562785
       800.00000       100.00000       2.3574295       14.562821
       800.00000       300.00000       2.3574460       14.563224
       800.00000       1000.0000       2.3574635       14.564580
       800.00000       3000.0000       2.3575503       14.567796
       800.00000       10000.000       2.3576715       14.573872
       800.00000       30000.000       2.3577440       14.577857
       800.00000       100000.00       2.3577558       14.581608
       800.00000       300000.00       2.3577573       14.594800
       900.00000    0.0010000000       2.3564679       14.684433
       900.00000    0.0030000000       2.3564678       14.684433
       900.00000     0.010000000       2.3564676       14.684433
       900.00000     0.030000000       2.3564675       14.684433
       900.00000      0.10000000       2.3564674       14.684433
       900.00000      0.30000000       2.3564677       14.684431
       900.00000       1.0000000       2.3564686       14.684431
       900.00000       3.0000000       2.3564770       14.684422
       900.00000       10.000000       2.3565568       14.684305
       900.00000       30.000000       2.3568740       14.683715
       900.00000       100.00000       2.3573237       14.682824
       900.00000       300.00000       2.3574405       14.682733
       900.00000       1000.0000       2.3574553       14.683286
       900.00000       3000.0000       2.3574761       14.684843
       900.00000       10000.000       2.3575680       14.689100
       900.00000       30000.000       2.3576973       14.694937
       900.00000       100000.00       2.3577526       14.699410
       900.00000       300000.00       2.3577632       14.705231
       1000.0000    0.0010000000       2.3564694       14.833301
       1000.0000    0.0030000000       2.3564705       14.833306
       1000.0000     0.010000000       2.3564706       14.833306
       1000.0000     0.030000000       2.3564699       14.833308
       1000.0000      0.10000000       2.3564692       14.833308
       1000.0000      0.30000000       2.3564688       14.833308
       1000.0000       1.0000000       2.3564683       14.833310
       1000.0000       3.0000000       2.3564685       14.833310
       1000.0000       10.000000       2.3564735       14.833307
       1000.0000       30.000000       2.3565141       14.833272
       1000.0000       100.00000       2.3567499       14.832981
       1000.0000       300.00000       2.3572752       14.832376
       1000.0000       1000.0000       2.3575402       14.832322
       1000.0000       3000.0000       2.3575134       14.833082
       1000.0000       10000.000       2.3575470       14.835586
       1000.0000       30000.000       2.3576288       14.840582
       1000.0000       100000.00       2.3577482       14.846884
       1000.0000       300000.00       2.3577726       14.851466
       1100.0000    0.0010000000       2.3564934       15.001808
       1100.0000    0.0030000000       2.3564780       15.001829
       1100.0000     0.010000000       2.3564706       15.001839
       1100.0000     0.030000000       2.3564807       15.001852
       1100.0000      0.10000000       2.3564815       15.001872
       1100.0000      0.30000000       2.3564788       15.001892
       1100.0000       1.0000000       2.3564753       15.001911
       1100.0000       3.0000000       2.3564729       15.001922
       1100.0000       10.000000       2.3564718       15.001931
       1100.0000       30.000000       2.3564749       15.001937
       1100.0000       100.00000       2.3565154       15.001921
       1100.0000       300.00000       2.3567129       15.001787
       1100.0000       1000.0000       2.3572714       15.001444
       1100.0000       3000.0000       2.3575594       15.001648
       1100.0000       10000.000       2.3576360       15.003088
       1100.0000       30000.000       2.3576734       15.006642
       1100.0000       100000.00       2.3577450       15.013400
       1100.0000       300000.00       2.3577850       15.018689
       1200.0000    0.0010000000       2.3600737       15.186253
       1200.0000    0.0030000000       2.3576199       15.188831
       1200.0000     0.010000000       2.3567852       15.189794
       1200.0000     0.030000000       2.3565647       15.190080
       1200.0000      0.10000000       2.3564952       15.190177
       1200.0000      0.30000000       2.3564858       15.190207
       1200.0000       1.0000000       2.3564746       15.190216
       1200.0000       3.0000000       2.3564867       15.190219
       1200.0000       10.000000       2.3564878       15.190223
       1200.0000       30.000000       2.3564877       15.190229
       1200.0000       100.00000       2.3564936       15.190241
       1200.0000       300.00000       2.3565412       15.190253
       1200.0000       1000.0000       2.3568157       15.190224
       1200.0000       3000.0000       2.3573272       15.190142
       1200.0000       10000.000       2.3575988       15.191114
       1200.0000       30000.000       2.3576608       15.193565
       1200.0000       100000.00       2.3577842       15.199488
       1200.0000       300000.00       2.3578633       15.205834
       1300.0000    0.0010000000       2.3624364       15.370249
       1300.0000    0.0030000000       2.3630775       15.370187
       1300.0000     0.010000000       2.3625413       15.374660
       1300.0000     0.030000000       2.3603487       15.381478
       1300.0000      0.10000000       2.3578136       15.385751
       1300.0000      0.30000000       2.3569044       15.387530
       1300.0000       1.0000000       2.3565854       15.388181
       1300.0000       3.0000000       2.3565128       15.388371
       1300.0000       10.000000       2.3564912       15.388438
       1300.0000       30.000000       2.3564783       15.388458
       1300.0000       100.00000       2.3564900       15.388473
       1300.0000       300.00000       2.3564980       15.388497
       1300.0000       1000.0000       2.3565711       15.388558
       1300.0000       3000.0000       2.3568962       15.388453
       1300.0000       10000.000       2.3574528       15.389481
       1300.0000       30000.000       2.3576263       15.391227
       1300.0000       100000.00       2.3577436       15.396004
       1300.0000       300000.00       2.3578550       15.402768
       1400.0000    0.0010000000       2.3581669       15.597767
       1400.0000    0.0030000000       2.3604914       15.597850
       1400.0000     0.010000000       2.3620205       15.597850
       1400.0000     0.030000000       2.3628492       15.597824
       1400.0000      0.10000000       2.3633507       15.597792
       1400.0000      0.30000000       2.3626864       15.601499
       1400.0000       1.0000000       2.3592813       15.609363
       1400.0000       3.0000000       2.3577228       15.613135
       1400.0000       10.000000       2.3568376       15.615349
       1400.0000       30.000000       2.3565947       15.616014
       1400.0000       100.00000       2.3565051       15.616254
       1400.0000       300.00000       2.3564951       15.616338
       1400.0000       1000.0000       2.3565265       15.616421
       1400.0000       3000.0000       2.3566369       15.616637
       1400.0000       10000.000       2.3571398       15.617579
       1400.0000       30000.000       2.3575559       15.619182
       1400.0000       100000.00       2.3577071       15.623025
       1400.0000       300000.00       2.3578084       15.629543
       1500.0000    0.0010000000       2.3444088       15.844060
       1500.0000    0.0030000000       2.3524345       15.844691
       1500.0000     0.010000000       2.3574824       15.845018
       1500.0000     0.030000000       2.3601327       15.845136
       1500.0000      0.10000000       2.3618506       15.845170
       1500.0000      0.30000000       2.3627574       15.845172
       1500.0000       1.0000000       2.3633106       15.845165
       1500.0000       3.0000000       2.3633431       15.845156
       1500.0000       10.000000       2.3599364       15.853451
       1500.0000       30.000000       2.3586011       15.857914
       1500.0000       100.00000       2.3572240       15.861817
       1500.0000       300.00000       2.3567246       15.863257
       1500.0000       1000.0000       2.3565617       15.863815
       1500.0000       3000.0000       2.3565702       15.864145
       1500.0000       10000.000       2.3568392       15.865125
       1500.0000       30000.000       2.3573557       15.867182
       1500.0000       100000.00       2.3576448       15.870669
       1500.0000       300000.00       2.3577790       15.876627
       1600.0000    0.0010000000       2.3059901       16.048486
       1600.0000    0.0030000000       2.3298297       16.050621
       1600.0000     0.010000000       2.3448865       16.051888
       1600.0000     0.030000000       2.3527536       16.052486
       1600.0000      0.10000000       2.3577233       16.052798
       1600.0000      0.30000000       2.3603269       16.052915
       1600.0000       1.0000000       2.3619908       16.052968
       1600.0000       3.0000000       2.3628310       16.052985
       1600.0000       10.000000       2.3633564       16.052991
       1600.0000       30.000000       2.3626286       16.052987
       1600.0000       100.00000       2.3602494       16.058765
       1600.0000       300.00000       2.3586884       16.065145
       1600.0000       1000.0000       2.3575568       16.068892
       1600.0000       3000.0000       2.3568483       16.071100
       1600.0000       10000.000       2.3567291       16.072612
       1600.0000       30000.000       2.3570988       16.075292
       1600.0000       100000.00       2.3575825       16.079441
       1600.0000       300000.00       2.3577375       16.084946
       1700.0000    0.0010000000       2.2150197       16.247262
       1700.0000    0.0030000000       2.2749763       16.253382
       1700.0000     0.010000000       2.3140027       16.257009
       1700.0000     0.030000000       2.3345995       16.258803
       1700.0000      0.10000000       2.3475734       16.259854
       1700.0000      0.30000000       2.3543626       16.260336
       1700.0000       1.0000000       2.3586693       16.260588
       1700.0000       3.0000000       2.3609076       16.260696
       1700.0000       10.000000       2.3623017       16.260757
       1700.0000       30.000000       2.3630321       16.260779
       1700.0000       100.00000       2.3634794       16.260793
       1700.0000       300.00000       2.3618186       16.260800
       1700.0000       1000.0000       2.3600207       16.266689
       1700.0000       3000.0000       2.3586291       16.273214
       1700.0000       10000.000       2.3576501       16.277336
       1700.0000       30000.000       2.3571896       16.282006
       1700.0000       100000.00       2.3575196       16.288270
       1700.0000       300000.00       2.3577324       16.294106
       1800.0000    0.0010000000       2.0387433       16.423098
       1800.0000    0.0030000000       2.1613078       16.439302
       1800.0000     0.010000000       2.2473640       16.448622
       1800.0000     0.030000000       2.2947483       16.453165
       1800.0000      0.10000000       2.3252442       16.455875
       1800.0000      0.30000000       2.3412452       16.457202
       1800.0000       1.0000000       2.3513370       16.457965
       1800.0000       3.0000000       2.3566276       16.458313
       1800.0000       10.000000       2.3599639       16.458502
       1800.0000       30.000000       2.3616768       16.458588
       1800.0000       100.00000       2.3627341       16.458639
       1800.0000       300.00000       2.3632749       16.458673
       1800.0000       1000.0000       2.3622257       16.458702
       1800.0000       3000.0000       2.3613024       16.458773
       1800.0000       10000.000       2.3594570       16.467427
       1800.0000       30000.000       2.3586342       16.474280
       1800.0000       100000.00       2.3579795       16.485021
       1800.0000       300000.00       2.3578659       16.493599
       1900.0000    0.0010000000       1.7793473       16.562962
       1900.0000    0.0030000000       1.9677097       16.600951
       1900.0000     0.010000000       2.1233415       16.623125
       1900.0000     0.030000000       2.2172435       16.633697
       1900.0000      0.10000000       2.2806374       16.639908
       1900.0000      0.30000000       2.3148020       16.642969
       1900.0000       1.0000000       2.3365633       16.644787
       1900.0000       3.0000000       2.3479547       16.645666
       1900.0000       10.000000       2.3551239       16.646165
       1900.0000       30.000000       2.3588587       16.646395
       1900.0000       100.00000       2.3612027       16.646526
       1900.0000       300.00000       2.3624090       16.646592
       1900.0000       1000.0000       2.3631333       16.646655
       1900.0000       3000.0000       2.3625593       16.646729
       1900.0000       10000.000       2.3613598       16.647006
       1900.0000       30000.000       2.3609704       16.649201
       1900.0000       100000.00       2.3592801       16.667488
       1900.0000       300000.00       2.3587605       16.681143
       2000.0000    0.0010000000       1.5236212       16.664478
       2000.0000    0.0030000000       1.7164953       16.729996
       2000.0000     0.010000000       1.9310254       16.774515
       2000.0000     0.030000000       2.0856977       16.797119
       2000.0000      0.10000000       2.2007419       16.810320
       2000.0000      0.30000000       2.2661771       16.816751
       2000.0000       1.0000000       2.3090057       16.820581
       2000.0000       3.0000000       2.3317315       16.822468
       2000.0000       10.000000       2.3460826       16.823577
       2000.0000       30.000000       2.3535856       16.824107
       2000.0000       100.00000       2.3582790       16.824413
       2000.0000       300.00000       2.3607031       16.824561
       2000.0000       1000.0000       2.3622212       16.824662
       2000.0000       3000.0000       2.3629995       16.824751
       2000.0000       10000.000       2.3624958       16.824994
       2000.0000       30000.000       2.3613748       16.826050
       2000.0000       100000.00       2.3613436       16.832411
       2000.0000       300000.00       2.3600258       16.855367
       2150.0000    0.0010000000       1.3333771       16.386510
       2150.0000    0.0030000000       1.4166695       16.827885
       2150.0000     0.010000000       1.5884424       16.957976
       2150.0000     0.030000000       1.7897263       17.006716
       2150.0000      0.10000000       1.9922097       17.039955
       2150.0000      0.30000000       2.1293923       17.056973
       2150.0000       1.0000000       2.2279740       17.067094
       2150.0000       3.0000000       2.2829577       17.072091
       2150.0000       10.000000       2.3186234       17.075081
       2150.0000       30.000000       2.3374390       17.076551
       2150.0000       100.00000       2.3493411       17.077417
       2150.0000       300.00000       2.3554923       17.077841
       2150.0000       1000.0000       2.3593525       17.078099
       2150.0000       3000.0000       2.3613415       17.078258
       2150.0000       10000.000       2.3625808       17.078491
       2150.0000       30000.000       2.3632407       17.079260
       2150.0000       100000.00       2.3616762       17.084317
       2150.0000       300000.00       2.3617014       17.100546
       2300.0000    0.0010000000       1.2905564       14.103578
       2300.0000    0.0030000000       1.3114579       16.103852
       2300.0000     0.010000000       1.3739951       16.938543
       2300.0000     0.030000000       1.4977697       17.159800
       2300.0000      0.10000000       1.7042465       17.227921
       2300.0000      0.30000000       1.9029686       17.261253
       2300.0000       1.0000000       2.0781071       17.283510
       2300.0000       3.0000000       2.1877452       17.294857
       2300.0000       10.000000       2.2632703       17.301689
       2300.0000       30.000000       2.3044366       17.305088
       2300.0000       100.00000       2.3308342       17.307125
       2300.0000       300.00000       2.3446826       17.308128
       2300.0000       1000.0000       2.3533885       17.308732
       2300.0000       3000.0000       2.3578898       17.309054
       2300.0000       10000.000       2.3606873       17.309352
       2300.0000       30000.000       2.3621216       17.309984
       2300.0000       100000.00       2.3630864       17.313868
       2300.0000       300000.00       2.3620913       17.330709
       2450.0000    0.0010000000       1.2819082       9.0757891
       2450.0000    0.0030000000       1.2871776       13.230872
       2450.0000     0.010000000       1.3045231       15.979434
       2450.0000     0.030000000       1.3485864       17.002097
       2450.0000      0.10000000       1.4619864       17.362681
       2450.0000      0.30000000       1.6370896       17.445937
       2450.0000       1.0000000       1.8583756       17.482973
       2450.0000       3.0000000       2.0313465       17.504069
       2450.0000       10.000000       2.1659369       17.517611
       2450.0000       30.000000       2.2444849       17.524495
       2450.0000       100.00000       2.2966253       17.528661
       2450.0000       300.00000       2.3244364       17.530742
       2450.0000       1000.0000       2.3421194       17.531995
       2450.0000       3000.0000       2.3513308       17.532630
       2450.0000       10000.000       2.3570626       17.533101
       2450.0000       30000.000       2.3600185       17.533704
       2450.0000       100000.00       2.3619078       17.536763
       2450.0000       300000.00       2.3630559       17.552349
       2600.0000    0.0010000000       1.2792378       4.6340420
       2600.0000    0.0030000000       1.2811305       8.3910623
       2600.0000     0.010000000       1.2863903       13.087864
       2600.0000     0.030000000       1.3001632       15.853873
       2600.0000      0.10000000       1.3432023       17.148660
       2600.0000      0.30000000       1.4374096       17.538050
       2600.0000       1.0000000       1.6204189       17.650650
       2600.0000       3.0000000       1.8230149       17.683617
       2600.0000       10.000000       2.0186313       17.705532
       2600.0000       30.000000       2.1477048       17.717640
       2600.0000       100.00000       2.2392427       17.725223
       2600.0000       300.00000       2.2899313       17.729065
       2600.0000       1000.0000       2.3226767       17.731397
       2600.0000       3000.0000       2.3399200       17.732574
       2600.0000       10000.000       2.3507667       17.733351
       2600.0000       30000.000       2.3563534       17.734035
       2600.0000       100000.00       2.3598599       17.736568
       2600.0000       300000.00       2.3617568       17.750216
       2800.0000    0.0010000000       1.2776803       2.2395531
       2800.0000    0.0030000000       1.2783402       3.7530099
       2800.0000     0.010000000       1.2799096       7.3127152
       2800.0000     0.030000000       1.2835213       11.758702
       2800.0000      0.10000000       1.2945722       15.470177
       2800.0000      0.30000000       1.3230966       17.075257
       2800.0000       1.0000000       1.4036634       17.710575
       2800.0000       3.0000000       1.5488986       17.874378
       2800.0000       10.000000       1.7656937       17.920383
       2800.0000       30.000000       1.9567121       17.940010
       2800.0000       100.00000       2.1160122       17.953652
       2800.0000       300.00000       2.2126194       17.961029
       2800.0000       1000.0000       2.2780597       17.965640
       2800.0000       3000.0000       2.3134285       17.967986
       2800.0000       10000.000       2.3359630       17.969458
       2800.0000       30000.000       2.3477343       17.970418
       2800.0000       100000.00       2.3550867       17.972596
       2800.0000       300000.00       2.3589024       17.983784
       3000.0000    0.0010000000       1.2765583       1.6178766
       3000.0000    0.0030000000       1.2771457       2.1272419
       3000.0000     0.010000000       1.2778715       3.6366410
       3000.0000     0.030000000       1.2790843       6.6682394
       3000.0000      0.10000000       1.2825005       11.505753
       3000.0000      0.30000000       1.2912316       15.165777
       3000.0000       1.0000000       1.3186250       17.182244
       3000.0000       3.0000000       1.3835429       17.863653
       3000.0000       10.000000       1.5309009       18.090338
       3000.0000       30.000000       1.7250007       18.139553
       3000.0000       100.00000       1.9387890       18.159633
       3000.0000       300.00000       2.0915732       18.171002
       3000.0000       1000.0000       2.2045618       18.178675
       3000.0000       3000.0000       2.2686964       18.182729
       3000.0000       10000.000       2.3106067       18.185271
       3000.0000       30000.000       2.3328145       18.186715
       3000.0000       100000.00       2.3467927       18.188833
       3000.0000       300000.00       2.3540382       18.198135
       3250.0000    0.0010000000       1.2750128       1.4244771
       3250.0000    0.0030000000       1.2756777       1.5739658
       3250.0000     0.010000000       1.2763942       2.0549289
       3250.0000     0.030000000       1.2771242       3.2285642
       3250.0000      0.10000000       1.2783213       6.1680340
       3250.0000      0.30000000       1.2807421       10.463838
       3250.0000       1.0000000       1.2882426       14.851818
       3250.0000       3.0000000       1.3078370       17.074601
       3250.0000       10.000000       1.3660421       18.043520
       3250.0000       30.000000       1.4829473       18.325745
       3250.0000       100.00000       1.6845269       18.404396
       3250.0000       300.00000       1.8850365       18.423220
       3250.0000       1000.0000       2.0652429       18.434347
       3250.0000       3000.0000       2.1792888       18.440817
       3250.0000       10000.000       2.2583412       18.445084
       3250.0000       30000.000       2.3015491       18.447407
       3250.0000       100000.00       2.3292537       18.449746
       3250.0000       300000.00       2.3436700       18.457471
       3500.0000    0.0010000000       1.2726070       1.4180227
       3500.0000    0.0030000000       1.2736119       1.4680908
       3500.0000     0.010000000       1.2747456       1.6316570
       3500.0000     0.030000000       1.2756106       2.0661586
       3500.0000      0.10000000       1.2765285       3.3734470
       3500.0000      0.30000000       1.2776837       6.0644112
       3500.0000       1.0000000       1.2802800       10.738657
       3500.0000       3.0000000       1.2866222       14.790383
       3500.0000       10.000000       1.3069372       17.313073
       3500.0000       30.000000       1.3570530       18.241233
       3500.0000       100.00000       1.4805086       18.579685
       3500.0000       300.00000       1.6618701       18.658600
       3500.0000       1000.0000       1.8819762       18.678928
       3500.0000       3000.0000       2.0494910       18.687113
       3500.0000       10000.000       2.1778008       18.692866
       3500.0000       30000.000       2.2519727       18.696140
       3500.0000       100000.00       2.3009139       18.698909
       3500.0000       300000.00       2.3268941       18.705714
       3750.0000    0.0010000000       1.2715878       1.5764282
       3750.0000    0.0030000000       1.2718296       1.5957920
       3750.0000     0.010000000       1.2724732       1.6606817
       3750.0000     0.030000000       1.2734889       1.8326470
       3750.0000      0.10000000       1.2747754       2.3750516
       3750.0000      0.30000000       1.2758920       3.6979246
       3750.0000       1.0000000       1.2773782       6.9121087
       3750.0000       3.0000000       1.2800024       11.296885
       3750.0000       10.000000       1.2876759       15.521555
       3750.0000       30.000000       1.3076527       17.626560
       3750.0000       100.00000       1.3670883       18.554621
       3750.0000       300.00000       1.4856900       18.831469
       3750.0000       1000.0000       1.6882644       18.910091
       3750.0000       3000.0000       1.8884163       18.925068
       3750.0000       10000.000       2.0676757       18.931565
       3750.0000       30000.000       2.1808486       18.935350
       3750.0000       100000.00       2.2591236       18.938490
       3750.0000       300000.00       2.3017991       18.944797
       4000.0000    0.0010000000       1.2714771       2.1392956
       4000.0000    0.0030000000       1.2714980       2.1467413
       4000.0000     0.010000000       1.2716062       2.1725397
       4000.0000     0.030000000       1.2718873       2.2445800
       4000.0000      0.10000000       1.2726277       2.4821036
       4000.0000      0.30000000       1.2737747       3.0874865
       4000.0000       1.0000000       1.2753265       4.8024342
       4000.0000       3.0000000       1.2770681       8.0459533
       4000.0000       10.000000       1.2806702       12.836974
       4000.0000       30.000000       1.2892574       16.281415
       4000.0000       100.00000       1.3162599       18.190016
       4000.0000       300.00000       1.3804219       18.861178
       4000.0000       1000.0000       1.5263277       19.099499
       4000.0000       3000.0000       1.7195581       19.151393
       4000.0000       10000.000       1.9339712       19.162498
       4000.0000       30000.000       2.0879124       19.166115
       4000.0000       100000.00       2.2020863       19.169170
       4000.0000       300000.00       2.2668413       19.175103
