Li Na K Rb Cs
  4.5000E-38  4.5000E-38  4.5000E-38  4.5000E-38  4.5000E-38
  4.5000E-38  4.5000E-38  4.5000E-38  4.5000E-38  4.5000E-38
  4.5000E-38  4.5000E-38  4.5000E-38  4.5000E-38  4.5000E-38
  4.5000E-38  4.5000E-38  4.5000E-38  4.5000E-38  4.5000E-38
  4.5000E-38  4.5000E-38  4.5000E-38  4.5000E-38  4.5000E-38
  4.5000E-38  4.5000E-38  4.5000E-38  4.5000E-38  4.5000E-38
  4.5000E-38  4.5000E-38  4.5000E-38  4.5000E-38  4.5000E-38
  4.5000E-38  4.5000E-38  4.5000E-38  4.5000E-38  4.5000E-38
  4.5000E-38  4.5000E-38  4.5000E-38  4.5000E-38  4.5000E-38
  4.5000E-38  4.5000E-38  4.5000E-38  4.5000E-38  4.5000E-38
  4.5000E-38  4.5000E-38  4.5000E-38  4.5000E-38  4.5000E-38
  4.5000E-38  4.5000E-38  4.5000E-38  4.5000E-38  4.5000E-38
  4.5000E-38  4.5000E-38  4.5000E-38  4.5000E-38  4.5000E-38
  4.5000E-38  4.5000E-38  4.5000E-38  4.5000E-38  4.5000E-38
  4.5000E-38  4.5000E-38  4.5000E-38  4.5000E-38  4.5000E-38
  4.5000E-38  4.5000E-38  4.5000E-38  4.5000E-38  4.5000E-38
  4.5000E-38  4.5000E-38  4.5000E-38  4.5000E-38  4.5000E-38
  4.5000E-38  4.5000E-38  4.5000E-38  4.5000E-38  4.5000E-38
  4.5000E-38  4.5000E-38  4.5000E-38  4.5000E-38  4.5000E-38
  4.5000E-38  4.5000E-38  4.5000E-38  4.5000E-38  4.5000E-38
  4.5000E-38  4.5000E-38  4.5000E-38  4.5000E-38  4.5000E-38
  4.5000E-38  4.5000E-38  4.5000E-38  4.5000E-38  4.5000E-38
  4.5000E-38  4.5000E-38  4.5000E-38  4.5000E-38  4.5000E-38
  4.5000E-38  4.5000E-38  4.5000E-38  4.5000E-38  4.5000E-38
  4.5000E-38  4.5000E-38  4.5000E-38  4.5000E-38  4.5000E-38
  4.5000E-38  4.5000E-38  4.5000E-38  4.5000E-38  4.5000E-38
  4.5000E-38  4.5000E-38  4.5000E-38  4.5000E-38  4.5000E-38
  4.5000E-38  4.5000E-38  4.5000E-38  4.5000E-38  4.5000E-38
  4.5000E-38  4.5000E-38  4.5000E-38  4.5000E-38  4.5000E-38
  4.5000E-38  4.5000E-38  4.5000E-38  4.5000E-38  4.5000E-38
  4.5000E-38  4.5000E-38  4.5000E-38  4.5000E-38  4.5000E-38
  4.5000E-38  4.5000E-38  4.5000E-38  4.5000E-38  4.5000E-38
  4.5000E-38  4.5000E-38  4.5000E-38  4.5000E-38  4.5000E-38
  4.5000E-38  4.5000E-38  4.5000E-38  4.5000E-38  4.5000E-38
  4.5000E-38  4.5000E-38  4.5000E-38  4.5000E-38  4.5000E-38
  4.5000E-38  4.5000E-38  4.5000E-38  4.5000E-38  4.5000E-38
  4.5000E-38  4.5000E-38  4.5000E-38  4.5000E-38  4.5000E-38
  4.5000E-38  4.5000E-38  4.5000E-38  4.5000E-38  4.5000E-38
  4.5000E-38  4.5000E-38  4.5000E-38  4.5000E-38  4.5000E-38
  4.5000E-38  4.5000E-38  4.5000E-38  4.5000E-38  4.5000E-38
  4.5000E-38  4.5000E-38  4.5000E-38  4.5000E-38  4.5000E-38
  4.5000E-38  4.5000E-38  4.5000E-38  4.5000E-38  4.5000E-38
  4.5000E-38  4.5000E-38  4.5000E-38  4.5000E-38  4.5000E-38
  4.5000E-38  4.5000E-38  4.5000E-38  4.5000E-38  4.5000E-38
  4.5000E-38  4.5000E-38  4.5000E-38  4.5000E-38  4.5000E-38
  4.5000E-38  4.5000E-38  4.5000E-38  4.5000E-38  4.5000E-38
  4.5000E-38  4.5000E-38  4.5000E-38  4.5000E-38  4.5000E-38
  4.5000E-38  4.5000E-38  4.5000E-38  4.5000E-38  4.5000E-38
  4.5000E-38  4.5000E-38  4.5000E-38  4.5000E-38  4.5000E-38
  4.5000E-38  4.5000E-38  4.5000E-38  4.5000E-38  4.5000E-38
  4.5000E-38  4.5000E-38  4.5000E-38  4.5000E-38  4.5000E-38
  4.5000E-38  4.5000E-38  4.5000E-38  4.5000E-38  4.5000E-38
  4.5000E-38  4.5000E-38  4.5000E-38  4.5000E-38  4.5000E-38
  4.5000E-38  4.5000E-38  4.5000E-38  4.5000E-38  4.5000E-38
  4.5000E-38  4.5000E-38  4.5000E-38  4.5000E-38  4.5000E-38
  4.5000E-38  4.5000E-38  4.5000E-38  4.5000E-38  4.5000E-38
  4.5000E-38  4.5000E-38  4.5000E-38  4.5000E-38  4.5000E-38
  4.5000E-38  4.5000E-38  4.5000E-38  4.5000E-38  4.5000E-38
  4.5000E-38  4.5000E-38  4.5000E-38  4.5000E-38  4.5000E-38
  4.5000E-38  4.5000E-38  4.5000E-38  4.5000E-38  4.5000E-38
  4.5000E-38  4.5000E-38  4.5000E-38  4.5000E-38  4.5000E-38
  4.5000E-38  4.5000E-38  4.5000E-38  4.5000E-38  4.5000E-38
  4.5000E-38  4.5000E-38  4.5000E-38  4.5000E-38  4.5000E-38
  4.5000E-38  4.5000E-38  4.5000E-38  4.5000E-38  4.5000E-38
  4.5000E-38  4.5000E-38  4.5000E-38  4.5000E-38  4.5000E-38
  4.5000E-38  4.5000E-38  4.5000E-38  4.5000E-38  4.5000E-38
  4.5000E-38  4.5000E-38  4.5000E-38  4.5000E-38  4.5000E-38
  4.5000E-38  4.5000E-38  4.5000E-38  4.5000E-38  4.5000E-38
  4.5000E-38  4.5000E-38  4.5000E-38  4.5000E-38  4.5000E-38
  4.5000E-38  4.5000E-38  4.5000E-38  4.5000E-38  4.5000E-38
  4.5000E-38  4.5000E-38  4.5000E-38  4.5000E-38  4.5000E-38
  4.5000E-38  4.5000E-38  4.5000E-38  4.5000E-38  4.5000E-38
  4.5000E-38  4.5000E-38  4.5000E-38  4.5000E-38  4.5000E-38
  4.5000E-38  4.5000E-38  4.5000E-38  4.5000E-38  4.5000E-38
  4.5000E-38  4.5000E-38  4.5000E-38  4.5000E-38  4.5000E-38
  4.5000E-38  4.5000E-38  4.5000E-38  4.5000E-38  4.5000E-38
  4.5000E-38  4.5000E-38  4.5000E-38  4.5000E-38  4.5000E-38
  4.5000E-38  4.5000E-38  4.5000E-38  4.5000E-38  4.5000E-38
  4.5000E-38  4.5000E-38  4.5000E-38  4.5000E-38  4.5000E-38
  4.5000E-38  4.5000E-38  4.5000E-38  4.5000E-38  4.5000E-38
  4.5000E-38  4.5000E-38  4.5000E-38  4.5000E-38  4.5000E-38
  4.5000E-38  4.5000E-38  4.5000E-38  4.5000E-38  4.5000E-38
  4.5000E-38  4.5000E-38  4.5000E-38  4.5000E-38  4.5000E-38
  4.5000E-38  4.5000E-38  4.5000E-38  4.5000E-38  4.5000E-38
  4.5000E-38  4.5000E-38  4.5000E-38  4.5000E-38  4.5000E-38
  4.5000E-38  4.5000E-38  4.5000E-38  4.5000E-38  4.5000E-38
  4.5000E-38  4.5000E-38  4.5000E-38  4.5000E-38  4.5000E-38
  4.5000E-38  4.5000E-38  4.5000E-38  4.5000E-38  4.5000E-38
  4.5000E-38  4.5000E-38  4.5000E-38  4.5000E-38  4.5000E-38
  4.5000E-38  4.5000E-38  4.5000E-38  4.5000E-38  4.5000E-38
  4.5000E-38  4.5000E-38  4.5000E-38  4.5000E-38  4.5000E-38
  4.5000E-38  4.5000E-38  4.5000E-38  4.5000E-38  4.5000E-38
  4.5000E-38  4.5000E-38  4.5000E-38  4.5000E-38  4.5000E-38
  4.5000E-38  4.5000E-38  4.5000E-38  4.5000E-38  4.5000E-38
  4.5000E-38  4.5000E-38  4.5000E-38  4.5000E-38  4.5000E-38
  4.5000E-38  4.5000E-38  4.5000E-38  4.5000E-38  4.5000E-38
  4.5000E-38  4.5000E-38  4.5000E-38  4.5000E-38  4.5000E-38
  4.5000E-38  4.5000E-38  4.5000E-38  4.5000E-38  4.5000E-38
  4.5000E-38  4.5000E-38  4.5000E-38  4.5000E-38  4.5000E-38
  4.5000E-38  4.5000E-38  4.5000E-38  4.5000E-38  4.5000E-38
  4.5000E-38  4.5000E-38  4.5000E-38  4.5000E-38  4.5000E-38
  4.5000E-38  4.5000E-38  4.5000E-38  4.5000E-38  4.5000E-38
  4.5000E-38  4.5000E-38  4.5000E-38  4.5000E-38  4.5000E-38
  4.5000E-38  4.5000E-38  4.5000E-38  4.5000E-38  4.5000E-38
  4.5000E-38  4.5000E-38  4.5000E-38  4.5000E-38  4.5000E-38
  4.5000E-38  4.5000E-38  4.5000E-38  4.5000E-38  4.5000E-38
  4.5000E-38  4.5000E-38  4.5000E-38  4.5000E-38  4.5000E-38
  4.5000E-38  4.5000E-38  4.5000E-38  4.5000E-38  4.5000E-38
  4.5000E-38  4.5000E-38  4.5000E-38  4.5000E-38  4.5000E-38
  4.5000E-38  4.5000E-38  4.5000E-38  4.5000E-38  4.5000E-38
  4.5000E-38  4.5000E-38  4.5000E-38  4.5000E-38  4.5000E-38
  4.5000E-38  4.5000E-38  4.5000E-38  4.5000E-38  4.5000E-38
  4.5000E-38  4.5000E-38  4.5000E-38  4.5000E-38  4.5000E-38
  4.5000E-38  4.5000E-38  4.5000E-38  4.5000E-38  4.5000E-38
  4.5000E-38  4.5000E-38  4.5000E-38  4.5000E-38  4.5000E-38
  4.5000E-38  4.5000E-38  4.5000E-38  4.5000E-38  4.5000E-38
  4.5000E-38  4.5000E-38  4.5000E-38  4.5000E-38  4.5000E-38
  4.5000E-38  4.5000E-38  4.5000E-38  4.5000E-38  4.5000E-38
  4.5000E-38  4.5000E-38  4.5000E-38  4.5000E-38  4.5000E-38
  4.5000E-38  4.5000E-38  4.5000E-38  4.5000E-38  4.5000E-38
  4.5000E-38  4.5000E-38  4.5000E-38  4.5000E-38  4.5000E-38
  4.5000E-38  4.5000E-38  4.5000E-38  4.5000E-38  4.5000E-38
  4.5000E-38  4.5000E-38  4.5000E-38  4.5000E-38  4.5000E-38
  4.5000E-38  4.5000E-38  4.5000E-38  4.5000E-38  4.5000E-38
  4.5000E-38  4.5000E-38  4.5000E-38  4.5000E-38  4.5000E-38
  4.5000E-38  4.5000E-38  4.5000E-38  4.5000E-38  4.5000E-38
  4.5000E-38  4.5000E-38  4.5000E-38  4.5000E-38  4.5000E-38
  4.5000E-38  4.5000E-38  4.5000E-38  4.5000E-38  4.5000E-38
  4.5000E-38  4.5000E-38  4.5000E-38  4.5000E-38  4.5000E-38
  4.5000E-38  4.5000E-38  4.5000E-38  4.5000E-38  4.5000E-38
  4.5000E-38  4.5000E-38  4.5000E-38  4.5000E-38  4.5000E-38
  4.5000E-38  4.5000E-38  4.5000E-38  4.5000E-38  4.5000E-38
  4.5000E-38  4.5000E-38  4.5000E-38  4.5000E-38  4.5000E-38
  4.5000E-38  4.5000E-38  4.5000E-38  4.5000E-38  4.5000E-38
  4.5000E-38  4.5000E-38  4.5000E-38  4.5000E-38  4.5000E-38
  4.5000E-38  4.5000E-38  4.5000E-38  4.5000E-38  4.5000E-38
  4.5000E-38  4.5000E-38  4.5000E-38  4.5000E-38  4.5000E-38
  4.5000E-38  4.5000E-38  4.5000E-38  4.5000E-38  4.5000E-38
  4.5000E-38  4.5000E-38  4.5000E-38  4.5000E-38  4.5000E-38
  4.5000E-38  4.5000E-38  4.5000E-38  4.5000E-38  4.5000E-38
  4.5000E-38  4.5000E-38  4.5000E-38  4.5000E-38  4.5000E-38
  4.5000E-38  4.5000E-38  4.5000E-38  4.5000E-38  4.5000E-38
  4.5000E-38  4.5000E-38  4.5000E-38  4.5000E-38  4.5000E-38
  4.5000E-38  4.5000E-38  4.5000E-38  4.5000E-38  4.5000E-38
  4.5000E-38  4.5000E-38  4.5000E-38  4.5000E-38  4.5000E-38
  4.5000E-38  4.5000E-38  4.5000E-38  4.5000E-38  4.5000E-38
  4.5000E-38  4.5000E-38  4.5000E-38  4.5000E-38  4.5000E-38
  4.5000E-38  4.5000E-38  4.5000E-38  4.5000E-38  4.5000E-38
  4.5000E-38  4.5000E-38  4.5000E-38  4.5000E-38  4.5000E-38
  4.5000E-38  4.5000E-38  4.5000E-38  4.5000E-38  4.5000E-38
  4.5000E-38  4.5000E-38  4.5000E-38  4.5000E-38  4.5000E-38
  4.5000E-38  4.5000E-38  4.5000E-38  4.5000E-38  4.5000E-38
  4.5000E-38  4.5000E-38  4.5000E-38  4.5000E-38  4.5000E-38
  4.5000E-38  4.5000E-38  4.5000E-38  4.5000E-38  4.5000E-38
  4.5000E-38  4.5000E-38  4.5000E-38  4.5000E-38  4.5000E-38
  4.5000E-38  4.5000E-38  4.5000E-38  4.5000E-38  4.5000E-38
  4.5000E-38  4.5000E-38  4.5000E-38  4.5000E-38  4.5000E-38
  4.5000E-38  4.5000E-38  4.5000E-38  4.5000E-38  4.5000E-38
  4.5000E-38  4.5000E-38  4.5000E-38  4.5000E-38  4.5000E-38
  4.5000E-38  4.5000E-38  4.5000E-38  4.5000E-38  4.5000E-38
  4.5000E-38  4.5000E-38  4.5000E-38  4.5000E-38  4.5000E-38
  4.5000E-38  4.5000E-38  4.5000E-38  4.5000E-38  4.5000E-38
  4.5000E-38  4.5000E-38  4.5000E-38  4.5000E-38  4.5000E-38
  4.5000E-38  4.5000E-38  4.5000E-38  4.5000E-38  4.5000E-38
  4.5000E-38  4.5000E-38  4.5000E-38  4.5000E-38  4.5000E-38
  4.5000E-38  4.5000E-38  4.5000E-38  4.5000E-38  4.5000E-38
  4.5000E-38  4.5000E-38  4.5000E-38  4.5000E-38  4.5000E-38
  4.5000E-38  4.5000E-38  4.5000E-38  4.5000E-38  4.5000E-38
  4.5000E-38  4.5000E-38  4.5000E-38  4.5000E-38  4.5000E-38
  4.5000E-38  4.5000E-38  4.5000E-38  4.5000E-38  4.5000E-38
  4.5000E-38  4.5000E-38  4.5000E-38  4.5000E-38  4.5000E-38
  4.5000E-38  4.5000E-38  4.5000E-38  4.5000E-38  4.5000E-38
  4.5000E-38  4.5000E-38  4.5000E-38  4.5000E-38  4.5000E-38
  4.5000E-38  4.5000E-38  4.5000E-38  4.5000E-38  4.5000E-38
  4.5000E-38  4.5000E-38  4.5000E-38  4.5000E-38  4.5000E-38
  4.5000E-38  4.5000E-38  4.5000E-38  4.5000E-38  4.5000E-38
  4.5000E-38  4.5000E-38  4.5000E-38  4.5000E-38  4.5000E-38
  4.5000E-38  4.5000E-38  4.5000E-38  4.5000E-38  4.5000E-38
  4.5000E-38  4.5000E-38  4.5000E-38  4.5000E-38  4.5000E-38
  4.5000E-38  4.5000E-38  4.5000E-38  4.5000E-38  4.5000E-38
  4.5000E-38  4.5000E-38  4.5000E-38  4.5000E-38  4.5000E-38
  4.5000E-38  4.5000E-38  4.5000E-38  4.5000E-38  4.5000E-38
  4.5000E-38  4.5000E-38  4.5000E-38  4.5000E-38  4.5000E-38
  4.5000E-38  4.5000E-38  4.5000E-38  4.5000E-38  4.5000E-38
  4.5000E-38  4.5000E-38  4.5000E-38  4.5000E-38  4.5000E-38
  4.5000E-38  4.5000E-38  4.5000E-38  4.5000E-38  4.5000E-38
  4.5000E-38  4.5000E-38  4.5000E-38  4.5000E-38  4.5000E-38
  4.5000E-38  4.5000E-38  4.5000E-38  4.5000E-38  4.5000E-38
  4.5000E-38  4.5000E-38  4.5000E-38  4.5000E-38  4.5000E-38
  4.5000E-38  4.5000E-38  4.5000E-38  4.5000E-38  4.5000E-38
  4.5000E-38  4.5000E-38  4.5000E-38  4.5000E-38  4.5000E-38
  4.5000E-38  4.5000E-38  4.5000E-38  4.5000E-38  4.5000E-38
  4.5000E-38  4.5000E-38  4.5000E-38  4.5000E-38  4.5000E-38
  4.5000E-38  4.5000E-38  4.5000E-38  4.5000E-38  4.5000E-38
  4.5000E-38  4.5000E-38  4.5000E-38  4.5000E-38  4.5000E-38
  4.5000E-38  4.5000E-38  4.5000E-38  4.5000E-38  4.5000E-38
  4.5000E-38  4.5000E-38  4.5000E-38  4.5000E-38  4.5000E-38
  4.5000E-38  4.5000E-38  4.5000E-38  4.5000E-38  4.5000E-38
  4.5000E-38  4.5000E-38  4.5000E-38  4.5000E-38  4.5000E-38
  4.5000E-38  4.5000E-38  4.5000E-38  4.5000E-38  4.5000E-38
  4.5000E-38  4.5000E-38  4.5000E-38  4.5000E-38  4.5000E-38
  4.5000E-38  4.5000E-38  4.5000E-38  4.5000E-38  4.5000E-38
  4.5000E-38  4.5000E-38  4.5000E-38  4.5000E-38  4.5000E-38
  4.5000E-38  4.5000E-38  4.5000E-38  4.5000E-38  4.5000E-38
  4.5000E-38  4.5000E-38  4.5000E-38  4.5000E-38  4.5000E-38
  4.5000E-38  4.5000E-38  4.5000E-38  4.5000E-38  4.5000E-38
  4.5000E-38  4.5000E-38  4.5000E-38  4.5000E-38  4.5000E-38
  4.5000E-38  4.5000E-38  4.5000E-38  4.5000E-38  4.5000E-38
  4.5000E-38  4.5000E-38  4.5000E-38  4.5000E-38  4.5000E-38
  4.5000E-38  4.5000E-38  4.5000E-38  4.5000E-38  4.5000E-38
  4.5000E-38  4.5000E-38  4.5000E-38  4.5000E-38  4.5000E-38
  4.5000E-38  4.5000E-38  4.5000E-38  4.5000E-38  4.5000E-38
  4.5000E-38  4.5000E-38  4.5000E-38  4.5000E-38  4.5000E-38
  4.5000E-38  4.5000E-38  4.5000E-38  4.5000E-38  4.5000E-38
  4.5000E-38  4.5000E-38  4.5000E-38  4.5000E-38  4.5000E-38
  4.5000E-38  4.5000E-38  4.5000E-38  4.5000E-38  4.5000E-38
  4.5000E-38  4.5000E-38  4.5000E-38  4.5000E-38  4.5000E-38
  4.5000E-38  4.5000E-38  4.5000E-38  4.5000E-38  4.5000E-38
  4.5000E-38  4.5000E-38  4.5000E-38  4.5000E-38  4.5000E-38
  4.5000E-38  4.5000E-38  4.5000E-38  4.5000E-38  4.5000E-38
  4.5000E-38  4.5000E-38  4.5000E-38  4.5000E-38  4.5000E-38
  4.5000E-38  4.5000E-38  4.5000E-38  4.5000E-38  4.5000E-38
  4.5000E-38  4.5000E-38  4.5000E-38  4.5000E-38  4.5000E-38
  4.5000E-38  4.5000E-38  4.5000E-38  4.5000E-38  4.5000E-38
  4.5000E-38  4.5000E-38  4.5000E-38  4.5000E-38  4.5000E-38
  4.5000E-38  4.5000E-38  4.5000E-38  4.5000E-38  4.5000E-38
  4.5000E-38  4.5000E-38  4.5000E-38  4.5000E-38  4.5000E-38
  4.5000E-38  4.5000E-38  4.5000E-38  4.5000E-38  4.5000E-38
  4.5000E-38  4.5000E-38  4.5000E-38  4.5000E-38  4.5000E-38
  4.5000E-38  4.5000E-38  4.5000E-38  4.5000E-38  4.5000E-38
  4.5000E-38  4.5000E-38  4.5000E-38  4.5000E-38  4.5000E-38
  4.5000E-38  4.5000E-38  4.5000E-38  4.5000E-38  4.5000E-38
  4.5000E-38  4.5000E-38  4.5000E-38  4.5000E-38  4.5000E-38
  4.5000E-38  4.5000E-38  4.5000E-38  4.5000E-38  4.5000E-38
  4.5000E-38  4.5000E-38  4.5000E-38  4.5000E-38  4.5000E-38
  4.5000E-38  4.5000E-38  4.5000E-38  4.5000E-38  4.5000E-38
  4.5000E-38  4.5000E-38  4.5000E-38  4.5000E-38  4.5000E-38
  4.5000E-38  4.5000E-38  4.5000E-38  4.5000E-38  4.5000E-38
  4.5000E-38  4.5000E-38  4.5000E-38  4.5000E-38  4.5000E-38
  4.5000E-38  4.5000E-38  4.5000E-38  4.5000E-38  4.5000E-38
  4.5000E-38  4.5000E-38  4.5000E-38  4.5000E-38  4.5000E-38
  4.5000E-38  4.5000E-38  4.5000E-38  4.5000E-38  4.5000E-38
  4.5000E-38  4.5000E-38  4.5000E-38  4.5000E-38  4.5000E-38
  4.5000E-38  4.5000E-38  4.5000E-38  4.5000E-38  4.5000E-38
  4.5000E-38  4.5000E-38  4.5000E-38  4.5000E-38  4.5000E-38
  4.5000E-38  4.5000E-38  4.5000E-38  4.5000E-38  4.5000E-38
  4.5000E-38  4.5000E-38  4.5000E-38  4.5000E-38  4.5000E-38
  4.5000E-38  4.5000E-38  4.5000E-38  4.5000E-38  4.5000E-38
  4.5000E-38  4.5000E-38  4.5000E-38  4.5000E-38  4.5000E-38
  4.5000E-38  4.5000E-38  4.5000E-38  4.5000E-38  4.5000E-38
  4.5000E-38  4.5000E-38  4.5000E-38  4.5000E-38  4.5000E-38
  4.5000E-38  4.5000E-38  4.5000E-38  4.5000E-38  4.5000E-38
  4.5000E-38  4.5000E-38  4.5000E-38  4.5000E-38  4.5000E-38
  4.5000E-38  4.5000E-38  4.5000E-38  4.5000E-38  4.5000E-38
  4.5000E-38  4.5000E-38  4.5000E-38  4.5000E-38  4.5000E-38
  4.5000E-38  4.5000E-38  4.5000E-38  4.5000E-38  4.5000E-38
  4.5000E-38  4.5000E-38  4.5000E-38  4.5000E-38  4.5000E-38
  4.5000E-38  4.5000E-38  4.5000E-38  4.5000E-38  4.5000E-38
  4.5000E-38  4.5000E-38  4.5000E-38  4.5000E-38  4.5000E-38
  4.5000E-38  4.5000E-38  4.5000E-38  4.5000E-38  4.5000E-38
  4.5000E-38  4.5000E-38  4.5000E-38  4.5000E-38  4.5000E-38
  4.5000E-38  4.5000E-38  4.5000E-38  4.5000E-38  4.5000E-38
  4.5000E-38  4.5000E-38  4.5000E-38  4.5000E-38  4.5000E-38
  4.5000E-38  4.5000E-38  4.5000E-38  4.5000E-38  4.5000E-38
  4.5000E-38  4.5000E-38  4.5000E-38  4.5000E-38  4.5000E-38
  4.5000E-38  4.5000E-38  4.5000E-38  4.5000E-38  4.5000E-38
  4.5000E-38  4.5000E-38  4.5000E-38  4.5000E-38  4.5000E-38
  4.5000E-38  4.5000E-38  4.5000E-38  4.5000E-38  4.5000E-38
  4.5000E-38  4.5000E-38  4.5000E-38  4.5000E-38  4.5000E-38
  4.5000E-38  4.5000E-38  4.5000E-38  4.5000E-38  4.5000E-38
  4.5000E-38  4.5000E-38  4.5000E-38  4.5000E-38  4.5000E-38
  4.5000E-38  4.5000E-38  4.5000E-38  4.5000E-38  4.5000E-38
  4.5000E-38  4.5000E-38  4.5000E-38  4.5000E-38  4.5000E-38
  4.5000E-38  4.5000E-38  4.5000E-38  4.5000E-38  4.5000E-38
  4.5000E-38  4.5000E-38  4.5000E-38  4.5000E-38  4.5000E-38
  4.5000E-38  4.5000E-38  4.5000E-38  4.5000E-38  4.5000E-38
  4.5000E-38  4.5000E-38  4.5000E-38  4.5000E-38  4.5000E-38
  4.5000E-38  4.5000E-38  4.5000E-38  4.5000E-38  4.5000E-38
  4.5000E-38  4.5000E-38  4.5000E-38  4.5000E-38  4.5000E-38
  4.5000E-38  4.5000E-38  4.5000E-38  4.5000E-38  4.5000E-38
  4.5000E-38  4.5000E-38  4.5000E-38  4.5000E-38  4.5000E-38
  4.5000E-38  4.5000E-38  4.5000E-38  4.5000E-38  4.5000E-38
  4.5000E-38  4.5000E-38  4.5000E-38  4.5000E-38  4.5000E-38
  4.5000E-38  4.5000E-38  4.5000E-38  4.5000E-38  4.5000E-38
  4.5000E-38  4.5000E-38  4.5000E-38  4.5000E-38  4.5000E-38
  4.5000E-38  4.5000E-38  4.5000E-38  4.5000E-38  4.5000E-38
  4.5000E-38  4.5000E-38  4.5000E-38  4.5000E-38  4.5000E-38
  4.5000E-38  4.5000E-38  4.5000E-38  4.5000E-38  4.5000E-38
  4.5000E-38  4.5000E-38  4.5000E-38  4.5000E-38  4.5000E-38
  4.5000E-38  4.5000E-38  4.5000E-38  4.5000E-38  4.5000E-38
  4.5000E-38  4.5000E-38  4.5000E-38  4.5000E-38  4.5000E-38
  4.5000E-38  4.5000E-38  4.5000E-38  4.5000E-38  4.5000E-38
  4.5000E-38  4.5000E-38  4.5000E-38  4.5000E-38  4.5000E-38
  4.5000E-38  4.5000E-38  4.5000E-38  4.5000E-38  4.5000E-38
  4.5000E-38  4.5000E-38  4.5000E-38  4.5000E-38  4.5000E-38
  4.5000E-38  4.5000E-38  4.5000E-38  4.5000E-38  4.5000E-38
  4.5000E-38  4.5000E-38  4.5000E-38  4.5000E-38  4.5000E-38
  4.5000E-38  4.5000E-38  4.5000E-38  4.5000E-38  4.5000E-38
  4.5000E-38  4.5000E-38  4.5000E-38  4.5000E-38  4.5000E-38
  4.5000E-38  4.5000E-38  4.5000E-38  4.5000E-38  4.5000E-38
  4.5000E-38  4.5000E-38  4.5000E-38  4.5000E-38  4.5000E-38
  4.5000E-38  4.5000E-38  4.5000E-38  4.5000E-38  4.5000E-38
  4.5000E-38  4.5000E-38  4.5000E-38  4.5000E-38  4.5000E-38
  4.5000E-38  4.5000E-38  4.5000E-38  4.5000E-38  4.5000E-38
  4.5000E-38  4.5000E-38  4.5000E-38  4.5000E-38  4.5000E-38
  4.5000E-38  4.5000E-38  4.5000E-38  4.5000E-38  4.5000E-38
  4.5000E-38  4.5000E-38  4.5000E-38  4.5000E-38  4.5000E-38
  4.5000E-38  4.5000E-38  4.5000E-38  4.5000E-38  4.5000E-38
  4.5000E-38  4.5000E-38  4.5000E-38  4.5000E-38  4.5000E-38
  4.5000E-38  4.5000E-38  4.5000E-38  4.5000E-38  4.5000E-38
  4.5000E-38  4.5000E-38  4.5000E-38  4.5000E-38  4.5000E-38
  4.5000E-38  4.5000E-38  4.5000E-38  4.5000E-38  4.5000E-38
  4.5000E-38  4.5000E-38  4.5000E-38  4.5000E-38  4.5000E-38
  4.5000E-38  4.5000E-38  4.5000E-38  4.5000E-38  4.5000E-38
  4.5000E-38  4.5000E-38  4.5000E-38  4.5000E-38  4.5000E-38
  4.5000E-38  4.5000E-38  4.5000E-38  4.5000E-38  4.5000E-38
  4.5000E-38  4.5000E-38  4.5000E-38  4.5000E-38  4.5000E-38
  4.5000E-38  4.5000E-38  4.5000E-38  4.5000E-38  4.5000E-38
  4.5000E-38  4.5000E-38  4.5000E-38  4.5000E-38  4.5000E-38
  4.5000E-38  4.5000E-38  4.5000E-38  4.5000E-38  4.5000E-38
  4.5000E-38  4.5000E-38  4.5000E-38  4.5000E-38  4.5000E-38
  4.5000E-38  4.5000E-38  4.5000E-38  4.5000E-38  4.5000E-38
  4.5000E-38  4.5000E-38  4.5000E-38  4.5000E-38  4.5000E-38
  4.5000E-38  4.5000E-38  4.5000E-38  4.5000E-38  4.5000E-38
  4.5000E-38  4.5000E-38  4.5000E-38  4.5000E-38  4.5000E-38
  4.5000E-38  4.5000E-38  4.5000E-38  4.5000E-38  4.5000E-38
  4.5000E-38  4.5000E-38  4.5000E-38  4.5000E-38  4.5000E-38
  4.5000E-38  4.5000E-38  4.5000E-38  4.5000E-38  4.5000E-38
  4.5000E-38  4.5000E-38  4.5000E-38  4.5000E-38  4.5000E-38
  4.5000E-38  4.5000E-38  4.5000E-38  4.5000E-38  4.5000E-38
  4.5000E-38  4.5000E-38  4.5000E-38  4.5000E-38  4.5000E-38
  4.5000E-38  4.5000E-38  4.5000E-38  4.5000E-38  4.5000E-38
  4.5000E-38  4.5000E-38  4.5000E-38  4.5000E-38  4.5000E-38
  4.5000E-38  4.5000E-38  4.5000E-38  4.5000E-38  4.5000E-38
  4.5000E-38  4.5000E-38  4.5000E-38  4.5000E-38  4.5000E-38
  4.5000E-38  4.5000E-38  4.5000E-38  4.5000E-38  4.5000E-38
  4.5000E-38  4.5000E-38  4.5000E-38  4.5000E-38  4.5000E-38
  4.5000E-38  4.5000E-38  4.5000E-38  4.5000E-38  4.5000E-38
  4.5000E-38  4.5000E-38  4.5000E-38  4.5000E-38  4.5000E-38
  4.5000E-38  4.5000E-38  4.5000E-38  4.5000E-38  4.5000E-38
  4.5000E-38  4.5000E-38  4.5000E-38  4.5000E-38  4.5000E-38
  4.5000E-38  4.5000E-38  4.5000E-38  4.5000E-38  4.5000E-38
  4.5000E-38  4.5000E-38  4.5000E-38  4.5000E-38  4.5000E-38
  4.5000E-38  4.5000E-38  4.5000E-38  4.5000E-38  4.5000E-38
  4.5000E-38  4.5000E-38  4.5000E-38  4.5000E-38  4.5000E-38
  4.5000E-38  4.5000E-38  4.5000E-38  4.5000E-38  4.5000E-38
  4.5000E-38  4.5000E-38  4.5000E-38  4.5000E-38  4.5000E-38
  4.5000E-38  4.5000E-38  4.5000E-38  4.5000E-38  4.5000E-38
  4.5000E-38  4.5000E-38  4.5000E-38  4.5000E-38  4.5000E-38
  4.5000E-38  4.5000E-38  4.5000E-38  4.5000E-38  4.5000E-38
  4.5000E-38  4.5000E-38  4.5000E-38  4.5000E-38  4.5000E-38
  4.5000E-38  4.5000E-38  4.5000E-38  4.5000E-38  4.5000E-38
  4.5000E-38  4.5000E-38  4.5000E-38  4.5000E-38  4.5000E-38
  4.5000E-38  4.5000E-38  4.5000E-38  4.5000E-38  4.5000E-38
  4.5000E-38  4.5000E-38  4.5000E-38  4.5000E-38  4.5000E-38
  4.5000E-38  4.5000E-38  4.5000E-38  4.5000E-38  4.5000E-38
  4.5000E-38  4.5000E-38  4.5000E-38  4.5000E-38  4.5000E-38
  4.5000E-38  4.5000E-38  4.5000E-38  4.5000E-38  4.5000E-38
  4.5000E-38  4.5000E-38  4.5000E-38  4.5000E-38  4.5000E-38
  4.5000E-38  4.5000E-38  4.5000E-38  4.5000E-38  4.5000E-38
  4.5000E-38  4.5000E-38  4.5000E-38  4.5000E-38  4.5000E-38
  4.5000E-38  4.5000E-38  4.5000E-38  4.5000E-38  4.5000E-38
  4.5000E-38  4.5000E-38  4.5000E-38  4.5000E-38  4.5000E-38
  4.5000E-38  4.5000E-38  4.5000E-38  4.5000E-38  4.5000E-38
  4.5000E-38  4.5000E-38  4.5000E-38  4.5000E-38  4.5000E-38
  4.5000E-38  4.5000E-38  4.5000E-38  4.5000E-38  4.5000E-38
  4.5000E-38  4.5000E-38  4.5000E-38  4.5000E-38  4.5000E-38
  4.5000E-38  4.5000E-38  4.5000E-38  4.5000E-38  4.5000E-38
  4.5000E-38  4.5000E-38  4.5000E-38  4.5000E-38  4.5000E-38
  4.5000E-38  4.5000E-38  4.5000E-38  4.5000E-38  4.5000E-38
  4.5000E-38  4.5000E-38  4.5000E-38  4.5000E-38  4.5000E-38
  4.5000E-38  4.5000E-38  4.5000E-38  4.5000E-38  4.5000E-38
  4.5000E-38  4.5000E-38  4.5000E-38  4.5000E-38  4.5000E-38
  4.5000E-38  4.5000E-38  4.5000E-38  4.5000E-38  4.5000E-38
  4.5000E-38  4.5000E-38  4.5000E-38  4.5000E-38  4.5000E-38
  4.5000E-38  4.5000E-38  4.5000E-38  4.5000E-38  4.5000E-38
  4.5000E-38  4.5000E-38  4.5000E-38  4.5000E-38  4.5000E-38
  4.5000E-38  4.5000E-38  4.5000E-38  4.5000E-38  4.5000E-38
  4.5000E-38  4.5000E-38  4.5000E-38  4.5000E-38  4.5000E-38
  4.5000E-38  4.5000E-38  4.5000E-38  4.5000E-38  4.5000E-38
  4.5000E-38  4.5000E-38  4.5000E-38  4.5000E-38  4.5000E-38
  4.5000E-38  4.5000E-38  4.5000E-38  4.5000E-38  4.5000E-38
  4.5000E-38  4.5000E-38  4.5000E-38  4.5000E-38  4.5000E-38
  4.5000E-38  4.5000E-38  4.5000E-38  4.5000E-38  4.5000E-38
  4.5000E-38  4.5000E-38  4.5000E-38  4.5000E-38  4.5000E-38
  4.5000E-38  4.5000E-38  4.5000E-38  4.5000E-38  4.5000E-38
  4.5000E-38  4.5000E-38  4.5000E-38  4.5000E-38  4.5000E-38
  4.5000E-38  4.5000E-38  4.5000E-38  4.5000E-38  4.5000E-38
  4.5000E-38  4.5000E-38  4.5000E-38  4.5000E-38  4.5000E-38
  4.5000E-38  4.5000E-38  4.5000E-38  4.5000E-38  4.5000E-38
  4.5000E-38  4.5000E-38  4.5000E-38  4.5000E-38  4.5000E-38
  4.5000E-38  4.5000E-38  4.5000E-38  4.5000E-38  4.5000E-38
  4.5000E-38  4.5000E-38  4.5000E-38  4.5000E-38  4.5000E-38
  4.5000E-38  4.5000E-38  4.5000E-38  4.5000E-38  4.5000E-38
  4.5000E-38  4.5000E-38  4.5000E-38  4.5000E-38  4.5000E-38
  4.5000E-38  4.5000E-38  4.5000E-38  4.5000E-38  4.5000E-38
  4.5000E-38  4.5000E-38  4.5000E-38  4.5000E-38  4.5000E-38
  4.5000E-38  4.5000E-38  4.5000E-38  4.5000E-38  4.5000E-38
  4.5000E-38  4.5000E-38  4.5000E-38  4.5000E-38  4.5000E-38
  4.5000E-38  4.5000E-38  4.5000E-38  4.5000E-38  4.5000E-38
  4.5000E-38  4.5000E-38  4.5000E-38  4.5000E-38  4.5000E-38
  4.5000E-38  4.5000E-38  4.5000E-38  4.5000E-38  4.5000E-38
  4.5000E-38  4.5000E-38  4.5000E-38  4.5000E-38  4.5000E-38
  4.5000E-38  4.5000E-38  4.5000E-38  4.5000E-38  4.5000E-38
  4.5000E-38  4.5000E-38  4.5000E-38  4.5000E-38  4.5000E-38
  4.5000E-38  4.5000E-38  4.5000E-38  4.5000E-38  4.5000E-38
  4.5000E-38  4.5000E-38  4.5000E-38  4.5000E-38  4.5000E-38
  4.5000E-38  4.5000E-38  4.5000E-38  4.5000E-38  4.5000E-38
  4.5000E-38  4.5000E-38  4.5000E-38  4.5000E-38  4.5000E-38
  4.5000E-38  4.5000E-38  4.5000E-38  4.5000E-38  4.5000E-38
  4.5000E-38  4.5000E-38  4.5000E-38  4.5000E-38  4.5000E-38
  4.5000E-38  4.5000E-38  4.5000E-38  4.5000E-38  4.5000E-38
  4.5000E-38  4.5000E-38  4.5000E-38  4.5000E-38  4.5000E-38
  4.5000E-38  4.5000E-38  4.5000E-38  4.5000E-38  4.5000E-38
  4.5000E-38  4.5000E-38  4.5000E-38  4.5000E-38  4.5000E-38
  4.5000E-38  4.5000E-38  4.5000E-38  4.5000E-38  4.5000E-38
  4.5000E-38  4.5000E-38  4.5000E-38  4.5000E-38  4.5000E-38
  4.5000E-38  4.5000E-38  4.5000E-38  4.5000E-38  4.5000E-38
  4.5000E-38  4.5000E-38  4.5000E-38  4.5000E-38  4.5000E-38
  4.5000E-38  4.5000E-38  4.5000E-38  4.5000E-38  4.5000E-38
  4.5000E-38  4.5000E-38  4.5000E-38  4.5000E-38  4.5000E-38
  4.5000E-38  4.5000E-38  4.5000E-38  4.5000E-38  4.5000E-38
  4.5000E-38  4.5000E-38  4.5000E-38  4.5000E-38  4.5000E-38
  4.5000E-38  4.5000E-38  4.5000E-38  4.5000E-38  4.5000E-38
  4.5000E-38  4.5000E-38  4.5000E-38  4.5000E-38  4.5000E-38
  4.5000E-38  4.5000E-38  4.5000E-38  4.5000E-38  4.5000E-38
  4.5000E-38  4.5000E-38  4.5000E-38  4.5000E-38  4.5000E-38
  4.5000E-38  4.5000E-38  4.5000E-38  4.5000E-38  4.5000E-38
  4.5000E-38  4.5000E-38  4.5000E-38  4.5000E-38  4.5000E-38
  4.5000E-38  4.5000E-38  4.5000E-38  4.5000E-38  4.5000E-38
  4.5000E-38  4.5000E-38  4.5000E-38  4.5000E-38  4.5000E-38
  4.5000E-38  4.5000E-38  4.5000E-38  4.5000E-38  4.5000E-38
  4.5000E-38  4.5000E-38  4.5000E-38  4.5000E-38  4.5000E-38
  4.5000E-38  4.5000E-38  4.5000E-38  4.5000E-38  4.5000E-38
  4.5000E-38  4.5000E-38  4.5000E-38  4.5000E-38  4.5000E-38
  4.5000E-38  4.5000E-38  4.5000E-38  4.5000E-38  4.5000E-38
  4.5000E-38  4.5000E-38  4.5000E-38  4.5000E-38  4.5000E-38
  4.5000E-38  4.5000E-38  4.5000E-38  4.5000E-38  4.5000E-38
  4.5000E-38  4.5000E-38  4.5000E-38  4.5000E-38  4.5000E-38
  4.5000E-38  4.5000E-38  4.5000E-38  4.5000E-38  4.5000E-38
  4.5000E-38  4.5000E-38  4.5000E-38  4.5000E-38  4.5000E-38
  4.5000E-38  4.5000E-38  4.5000E-38  4.5000E-38  4.5000E-38
  4.5000E-38  4.5000E-38  4.5000E-38  4.5000E-38  4.5000E-38
  4.5000E-38  4.5000E-38  4.5000E-38  4.5000E-38  4.5000E-38
  4.5000E-38  4.5000E-38  4.5000E-38  4.5000E-38  4.5000E-38
  4.5000E-38  4.5000E-38  4.5000E-38  4.5000E-38  4.5000E-38
  4.5000E-38  4.5000E-38  4.5000E-38  4.5000E-38  4.5000E-38
  4.5000E-38  4.5000E-38  4.5000E-38  4.5000E-38  4.5000E-38
  4.5000E-38  4.5000E-38  4.5000E-38  4.5000E-38  4.5000E-38
  4.5000E-38  4.5000E-38  4.5000E-38  4.5000E-38  4.5000E-38
  4.5000E-38  4.5000E-38  4.5000E-38  4.5000E-38  4.5000E-38
  4.5000E-38  4.5000E-38  4.5000E-38  4.5000E-38  4.5000E-38
  4.5000E-38  4.5000E-38  4.5000E-38  4.5000E-38  4.5000E-38
  4.5000E-38  4.5000E-38  4.5000E-38  4.5000E-38  4.5000E-38
  4.5000E-38  4.5000E-38  4.5000E-38  4.5000E-38  4.5000E-38
  4.5000E-38  4.5000E-38  4.5000E-38  4.5000E-38  4.5000E-38
  4.5000E-38  4.5000E-38  4.5000E-38  4.5000E-38  4.5000E-38
  4.5000E-38  4.5000E-38  4.5000E-38  4.5000E-38  4.5000E-38
  4.5000E-38  4.5000E-38  4.5000E-38  4.5000E-38  4.5000E-38
  4.5000E-38  4.5000E-38  4.5000E-38  4.5000E-38  4.5000E-38
  4.5000E-38  4.5000E-38  4.5000E-38  4.5000E-38  4.5000E-38
  4.5000E-38  4.5000E-38  4.5000E-38  4.5000E-38  4.5000E-38
  4.5000E-38  4.5000E-38  4.5000E-38  4.5000E-38  4.5000E-38
  4.5000E-38  4.5000E-38  4.5000E-38  4.5000E-38  4.5000E-38
  4.5000E-38  4.5000E-38  4.5000E-38  4.5000E-38  4.5000E-38
  4.5000E-38  4.5000E-38  4.5000E-38  4.5000E-38  4.5000E-38
  4.5000E-38  4.5000E-38  4.5000E-38  4.5000E-38  4.5000E-38
  4.5000E-38  4.5000E-38  4.5000E-38  4.5000E-38  4.5000E-38
  4.5000E-38  4.5000E-38  4.5000E-38  4.5000E-38  4.5000E-38
  4.5000E-38  4.5000E-38  4.5000E-38  4.5000E-38  4.5000E-38
  4.5000E-38  4.5000E-38  4.5000E-38  4.5000E-38  4.5000E-38
  4.5000E-38  4.5000E-38  4.5000E-38  4.5000E-38  4.5000E-38
  4.5000E-38  4.5000E-38  4.5000E-38  4.5000E-38  4.5000E-38
  4.5000E-38  4.5000E-38  4.5000E-38  4.5000E-38  4.5000E-38
  4.5000E-38  4.5000E-38  4.5000E-38  4.5000E-38  4.5000E-38
  4.5000E-38  4.5000E-38  4.5000E-38  4.5000E-38  4.5000E-38
  4.5000E-38  4.5000E-38  4.5000E-38  4.5000E-38  4.5000E-38
  4.5000E-38  4.5000E-38  4.5000E-38  4.5000E-38  4.5000E-38
  4.5000E-38  4.5000E-38  4.5000E-38  4.5000E-38  4.5000E-38
  4.5000E-38  4.5000E-38  4.5000E-38  4.5000E-38  4.5000E-38
  4.5000E-38  4.5000E-38  4.5000E-38  4.5000E-38  4.5000E-38
  4.5000E-38  4.5000E-38  4.5000E-38  4.5000E-38  4.5000E-38
  4.5000E-38  4.5000E-38  4.5000E-38  4.5000E-38  4.5000E-38
  4.5000E-38  4.5000E-38  4.5000E-38  4.5000E-38  4.5000E-38
  4.5000E-38  4.5000E-38  4.5000E-38  4.5000E-38  4.5000E-38
  4.5000E-38  4.5000E-38  4.5000E-38  4.5000E-38  4.5000E-38
  4.5000E-38  4.5000E-38  4.5000E-38  4.5000E-38  4.5000E-38
  4.5000E-38  4.5000E-38  4.5000E-38  4.5000E-38  4.5000E-38
  4.5000E-38  4.5000E-38  4.5000E-38  4.5000E-38  4.5000E-38
  4.5000E-38  4.5000E-38  4.5000E-38  4.5000E-38  4.5000E-38
  4.5000E-38  4.5000E-38  4.5000E-38  4.5000E-38  4.5000E-38
  4.5000E-38  4.5000E-38  4.5000E-38  4.5000E-38  4.5000E-38
  4.5000E-38  4.5000E-38  4.5000E-38  4.5000E-38  4.5000E-38
  4.5000E-38  4.5000E-38  4.5000E-38  4.5000E-38  4.5000E-38
  4.5000E-38  4.5000E-38  4.5000E-38  4.5000E-38  4.5000E-38
  4.5000E-38  4.5000E-38  4.5000E-38  4.5000E-38  4.5000E-38
  4.5000E-38  4.5000E-38  4.5000E-38  4.5000E-38  4.5000E-38
  4.5000E-38  4.5000E-38  4.5000E-38  4.5000E-38  4.5000E-38
  4.5000E-38  4.5000E-38  4.5000E-38  4.5000E-38  4.5000E-38
  4.5000E-38  4.5000E-38  4.5000E-38  4.5000E-38  4.5000E-38
  4.5000E-38  4.5000E-38  4.5000E-38  4.5000E-38  4.5000E-38
  4.5000E-38  4.5000E-38  4.5000E-38  4.5000E-38  4.5000E-38
  4.5006E-38  1.2711E-21  8.4227E-31  9.8969E-30  4.1735E-30
  4.5006E-38  4.2373E-22  1.4679E-31  1.7248E-30  7.2736E-31
  4.5006E-38  1.2713E-22  2.2567E-32  2.6516E-31  1.1182E-31
  4.5006E-38  4.2376E-23  4.1899E-33  4.9233E-32  2.0762E-32
  4.5006E-38  1.2714E-23  6.7293E-34  7.9072E-33  3.3344E-33
  4.5006E-38  4.2377E-24  1.2798E-34  1.5038E-33  6.3412E-34
  4.5005E-38  1.2713E-24  2.0872E-35  2.4526E-34  1.0342E-34
  4.5006E-38  4.2375E-25  4.0013E-36  4.7017E-35  1.9827E-35
  4.5006E-38  1.2713E-25  6.5589E-37  7.7068E-36  3.2500E-36
  4.5006E-38  4.2373E-26  1.2607E-37  1.4814E-36  6.2469E-37
  4.5006E-38  1.2712E-26  4.5006E-38  2.4323E-37  1.0257E-37
  4.5006E-38  4.2373E-27  4.5006E-38  4.6792E-38  4.5006E-38
  4.5006E-38  1.2712E-27  4.5006E-38  4.5006E-38  4.5006E-38
  4.5006E-38  4.2373E-28  4.5006E-38  4.5006E-38  4.5006E-38
  4.5006E-38  1.2712E-28  4.5006E-38  4.5006E-38  4.5006E-38
  4.5006E-38  4.2373E-29  4.5006E-38  4.5006E-38  4.5006E-38
  4.5006E-38  1.2712E-29  4.5006E-38  4.5006E-38  4.5006E-38
  4.5006E-38  4.2373E-30  4.5006E-38  4.5006E-38  4.5006E-38
  2.1023E-35  1.7414E-19  2.9785E-27  2.9610E-26  1.1041E-26
  4.0457E-36  5.8056E-20  4.4026E-28  4.3766E-27  1.9328E-27
  6.6478E-37  1.7419E-20  5.8843E-29  5.8495E-28  2.5833E-28
  1.2794E-37  5.8068E-21  9.9944E-30  9.9354E-29  4.3878E-29
  4.5006E-38  1.7421E-21  1.5072E-30  1.4983E-29  6.6171E-30
  4.5005E-38  5.8073E-22  2.7676E-31  2.7512E-30  1.2150E-30
  4.5006E-38  1.7422E-22  4.4126E-32  4.3865E-31  1.9372E-31
  4.5006E-38  5.8074E-23  8.3586E-33  8.3092E-32  3.6697E-32
  4.5005E-38  1.7421E-23  1.3599E-33  1.3519E-32  5.9701E-33
  4.5005E-38  5.8070E-24  2.6036E-34  2.5882E-33  1.1430E-33
  4.5006E-38  1.7421E-24  4.2646E-35  4.2394E-34  1.8722E-34
  4.5006E-38  5.8070E-25  8.1940E-36  8.1456E-35  3.5974E-35
  4.5006E-38  1.7421E-25  1.3451E-36  1.3371E-35  5.9051E-36
  4.5006E-38  5.8070E-26  2.5872E-37  2.5719E-36  1.1358E-36
  4.5006E-38  1.7421E-26  4.5006E-38  4.2248E-37  1.8658E-37
  4.5006E-38  5.8070E-27  4.5006E-38  8.1293E-38  4.5006E-38
  4.5006E-38  1.7421E-27  4.5006E-38  4.5006E-38  4.5006E-38
  4.5006E-38  5.8070E-28  4.5006E-38  4.5006E-38  4.5006E-38
  5.7123E-32  1.3714E-17  6.2896E-24  5.3878E-23  9.3404E-25
  1.0993E-32  4.5716E-18  7.9441E-25  6.8050E-24  3.5392E-25
  1.8064E-33  1.3717E-18  8.8299E-26  7.5638E-25  1.3113E-25
  3.4764E-34  4.5727E-19  1.2833E-26  1.0992E-25  5.0562E-26
  5.7123E-35  1.3720E-19  1.6861E-27  1.4444E-26  6.6436E-27
  1.0993E-35  4.5737E-20  2.8286E-28  2.4231E-27  1.1145E-27
  1.8063E-36  1.3722E-20  4.2254E-29  3.6195E-28  1.6649E-28
  3.4763E-37  4.5741E-21  7.7154E-30  6.6091E-29  3.0401E-29
  5.7118E-38  1.3723E-21  1.2255E-30  1.0497E-29  4.8285E-30
  4.5005E-38  4.5740E-22  2.3166E-31  1.9844E-30  9.1278E-31
  4.5006E-38  1.3722E-22  3.7641E-32  3.2244E-31  1.4832E-31
  4.5006E-38  4.5739E-23  7.2024E-33  6.1697E-32  2.8379E-32
  4.5006E-38  1.3722E-23  1.1792E-33  1.0101E-32  4.6465E-33
  4.5006E-38  4.5739E-24  2.2653E-34  1.9404E-33  8.9257E-34
  4.5006E-38  1.3722E-24  3.7181E-35  3.1849E-34  1.4650E-34
  4.5006E-38  4.5739E-25  7.1512E-36  6.1259E-35  2.8178E-35
  4.5006E-38  1.3722E-25  1.1746E-36  1.0062E-35  4.6284E-36
  4.5006E-38  4.5739E-26  2.2602E-37  1.9361E-36  8.9056E-37
  6.7226E-29  6.7774E-16  7.2767E-21  5.2175E-20  6.1089E-23
  1.2938E-29  2.2592E-16  8.4921E-22  6.3665E-21  2.1388E-23
  2.1259E-30  6.7780E-17  8.3582E-23  6.2662E-22  7.0169E-24
  4.0912E-31  2.2596E-17  1.0573E-23  7.9268E-23  2.6629E-24
  6.7224E-32  6.7794E-18  1.1777E-24  8.8297E-24  9.8875E-25
  1.2938E-32  2.2601E-18  1.7153E-25  1.2860E-24  4.3201E-25
  2.1259E-33  6.7810E-19  2.2588E-26  1.6934E-25  8.0756E-26
  4.0911E-34  2.2606E-19  3.7956E-27  2.8456E-26  1.3570E-26
  6.7221E-35  6.7820E-20  5.6767E-28  4.2557E-27  2.0295E-27
  1.2936E-35  2.2607E-20  1.0372E-28  7.7763E-28  3.7084E-28
  2.1255E-36  6.7819E-21  1.6483E-29  1.2358E-28  5.8929E-29
  4.0904E-37  2.2607E-21  3.1169E-30  2.3368E-29  1.1143E-29
  6.7212E-38  6.7821E-22  5.0656E-31  3.7977E-30  1.8110E-30
  4.5006E-38  2.2607E-22  9.6936E-32  7.2673E-31  3.4656E-31
  4.5006E-38  6.7821E-23  1.5872E-32  1.1900E-31  5.6746E-32
  4.5006E-38  2.2607E-23  3.0491E-33  2.2859E-32  1.0901E-32
  4.5006E-38  6.7821E-24  5.0046E-34  3.7520E-33  1.7892E-33
  4.5006E-38  2.2607E-24  9.6258E-35  7.2165E-34  3.4414E-34
  3.8849E-26  2.2549E-14  4.4426E-18  2.0082E-18  2.8247E-21
  7.4760E-27  7.5162E-15  5.0297E-19  6.8210E-19  9.5943E-22
  1.2285E-27  2.2549E-15  4.6920E-20  2.1210E-19  2.9834E-22
  2.3641E-28  7.5167E-16  5.5105E-21  3.6637E-20  1.0511E-22
  3.8846E-29  2.2552E-16  5.4820E-22  3.6447E-21  3.4857E-23
  7.4759E-30  7.5179E-17  7.0308E-23  4.6744E-22  1.3412E-23
  1.2285E-30  2.2557E-17  7.9796E-24  5.3053E-23  5.0739E-24
  2.3641E-31  7.5198E-18  1.1836E-24  7.8697E-24  2.2580E-24
  3.8845E-32  2.2562E-18  1.5876E-25  1.0555E-24  5.1982E-25
  7.4754E-33  7.5210E-19  2.7030E-26  1.7971E-25  8.8506E-26
  1.2283E-33  2.2564E-19  4.0838E-27  2.7151E-26  1.3372E-26
  2.3637E-34  7.5213E-20  7.5069E-28  4.9909E-27  2.4580E-27
  3.8839E-35  2.2564E-20  1.1978E-28  7.9632E-28  3.9218E-28
  7.4745E-36  7.5215E-21  2.2699E-29  1.5091E-28  7.4322E-29
  1.2282E-36  2.2565E-21  3.6940E-30  2.4559E-29  1.2096E-29
  2.3637E-37  7.5216E-22  7.0739E-31  4.7030E-30  2.3162E-30
  4.5006E-38  2.2565E-22  1.1587E-31  7.7041E-31  3.7942E-31
  4.5006E-38  7.5216E-23  2.2266E-32  1.4803E-31  7.2904E-32
  2.6542E-19  1.2984E-10  1.1988E-11  1.8050E-14  3.9763E-17
  5.1121E-20  4.3282E-11  4.0017E-12  6.0389E-15  1.3381E-17
  8.4009E-21  1.2983E-11  3.6957E-13  1.8169E-15  4.0263E-18
  1.6167E-21  4.3267E-12  4.1257E-14  6.0860E-16  1.3487E-18
  2.6566E-22  1.2980E-12  3.7494E-15  1.8437E-16  4.0857E-19
  5.1130E-23  4.3266E-13  4.2317E-16  6.2428E-17  1.3834E-19
  8.4019E-24  1.2981E-13  3.9242E-17  1.9297E-17  4.2762E-20
  1.6170E-24  4.3269E-14  4.5682E-18  6.7392E-18  1.4934E-20
  2.6570E-25  1.2982E-14  4.4770E-19  2.2016E-18  4.8787E-21
  5.1134E-26  4.3276E-15  5.6319E-20  2.7791E-19  1.8411E-21
  8.4018E-27  1.2984E-15  6.2244E-21  3.0715E-20  6.7831E-22
  1.6168E-27  4.3283E-16  8.9941E-22  4.4382E-21  2.9406E-22
  2.6565E-28  1.2986E-16  1.1748E-22  5.7972E-22  1.2804E-22
  5.1125E-29  4.3291E-17  1.9624E-23  9.6838E-23  5.1600E-23
  8.4007E-30  1.2988E-17  2.9216E-24  1.4417E-23  7.6819E-24
  1.6167E-30  4.3295E-18  5.3241E-25  2.6272E-24  1.3999E-24
  2.6565E-31  1.2989E-18  8.4453E-26  4.1673E-25  2.2206E-25
  5.1125E-32  4.3297E-19  1.5954E-26  7.8728E-26  4.1949E-26
  5.2853E-15  9.8000E-08  1.0881E-08  1.6821E-11  5.4722E-14
  1.7630E-15  3.2690E-08  4.0091E-09  6.1608E-12  1.9607E-14
  5.2904E-16  9.8094E-09  1.2551E-09  1.9238E-12  6.0679E-15
  1.7636E-16  3.2700E-09  4.2410E-10  6.4975E-13  2.0450E-15
  4.6403E-17  9.8089E-10  1.2800E-10  1.9604E-13  6.1647E-16
  8.9574E-18  3.2690E-10  4.2818E-11  6.5578E-14  2.0615E-16
  1.4748E-18  9.8064E-11  7.4120E-12  1.9776E-14  6.2165E-17
  2.8412E-19  3.2688E-11  8.2991E-13  6.6433E-15  2.0882E-17
  4.6716E-20  9.8066E-12  7.5798E-14  2.0226E-15  6.3574E-18
  8.9935E-21  3.2689E-12  8.6209E-15  6.9009E-16  2.1692E-18
  1.4781E-21  9.8071E-13  8.1083E-16  2.1636E-16  6.8008E-19
  2.8447E-22  3.2691E-13  9.6375E-17  7.7150E-17  2.4251E-19
  4.6745E-23  9.8078E-14  9.7783E-18  2.6093E-17  8.2019E-20
  8.9957E-24  3.2695E-14  1.2852E-18  5.0400E-18  3.2340E-20
  1.4782E-24  9.8096E-15  1.5060E-19  5.9062E-19  1.2633E-20
  2.8447E-25  3.2702E-15  2.3015E-20  9.0262E-20  5.7918E-21
  4.6743E-26  9.8118E-16  3.1760E-21  1.2456E-20  2.6641E-21
  8.9957E-27  3.2708E-16  5.5153E-22  2.1630E-21  1.2236E-21
  6.0984E-13  3.5157E-06  1.2416E-07  2.1360E-10  1.5276E-12
  4.1572E-13  3.5155E-06  1.2404E-07  2.1344E-10  1.5258E-12
  2.3134E-13  1.8003E-06  9.3230E-08  1.5619E-10  9.3515E-13
  1.2304E-13  6.0725E-07  5.1826E-08  8.3817E-11  4.1631E-13
  5.9896E-14  1.8298E-07  2.2662E-08  3.5771E-11  1.5961E-13
  1.9991E-14  6.1073E-08  9.1349E-09  1.4260E-11  6.0851E-14
  5.9995E-15  1.8328E-08  3.0048E-09  4.6665E-12  1.9534E-14
  1.9998E-15  6.1092E-09  1.0343E-09  1.6037E-12  6.6724E-15
  5.9994E-16  1.8327E-09  3.1507E-10  4.8815E-13  2.0265E-15
  1.2561E-16  6.1092E-10  1.0599E-10  1.6419E-13  6.8118E-16
  2.0738E-17  1.8328E-10  1.1395E-11  4.9876E-14  2.0688E-16
  4.0006E-18  6.1094E-11  1.2883E-12  1.6917E-14  7.0164E-17
  6.5834E-19  1.8328E-11  1.1977E-13  5.2433E-15  2.1747E-17
  1.2679E-19  6.1094E-12  1.3998E-14  1.8384E-15  7.6244E-18
  2.0842E-20  1.8328E-12  1.3810E-15  6.0461E-16  2.5076E-18
  4.0119E-21  6.1101E-13  1.7526E-16  2.3019E-16  9.5469E-19
  6.5930E-22  1.8332E-13  1.9608E-17  6.4091E-17  3.5604E-19
  1.2689E-22  6.1116E-14  2.8685E-18  9.3755E-18  1.5625E-19
  4.2660E-12  3.5068E-06  1.3513E-07  2.3573E-10  2.2396E-12
  3.7931E-12  3.5061E-06  1.3491E-07  2.3534E-10  2.2328E-12
  3.1356E-12  3.5056E-06  1.3472E-07  2.3502E-10  2.2275E-12
  2.4643E-12  3.5052E-06  1.3454E-07  2.3474E-10  2.2230E-12
  1.7565E-12  3.5047E-06  1.3426E-07  2.3434E-10  2.2166E-12
  1.2184E-12  3.5041E-06  1.3383E-07  2.3376E-10  2.2077E-12
  6.2159E-13  1.2424E-06  8.6321E-08  1.4491E-10  1.0444E-12
  3.2152E-13  4.1758E-07  4.6786E-08  7.6052E-11  4.6307E-13
  1.4875E-13  1.2564E-07  1.9915E-08  3.1685E-11  1.7537E-13
  5.9672E-14  4.1915E-08  7.9046E-09  1.2450E-11  6.6295E-14
  1.7908E-14  1.2579E-08  2.5889E-09  4.0583E-12  2.1254E-14
  5.9699E-15  4.1933E-09  8.9370E-10  1.3985E-12  7.2858E-15
  1.4837E-15  1.2581E-09  2.7034E-10  4.2883E-13  2.2298E-15
  2.8832E-16  4.1935E-10  3.0685E-11  1.4615E-13  7.5949E-16
  4.7659E-17  1.2580E-10  2.8524E-12  4.5306E-14  2.3539E-16
  9.1998E-18  4.1934E-11  3.3296E-13  1.5869E-14  8.2441E-17
  1.5145E-18  1.2582E-11  3.2782E-14  5.2084E-15  2.7057E-17
  2.9174E-19  4.1941E-12  4.1488E-15  1.9775E-15  1.0273E-17
  1.6496E-11  3.5290E-06  1.5558E-07  2.7733E-10  3.7961E-12
  1.5226E-11  3.5158E-06  1.5177E-07  2.6968E-10  3.5862E-12
  1.4201E-11  3.5065E-06  1.4919E-07  2.6456E-10  3.4520E-12
  1.3328E-11  3.5014E-06  1.4778E-07  2.6177E-10  3.3811E-12
  1.2204E-11  3.4980E-06  1.4682E-07  2.5992E-10  3.3351E-12
  1.0879E-11  3.4960E-06  1.4623E-07  2.5883E-10  3.3086E-12
  9.0510E-12  3.4945E-06  1.4569E-07  2.5790E-10  3.2866E-12
  7.1576E-12  3.4933E-06  1.4512E-07  2.5702E-10  3.2664E-12
  5.0911E-12  3.4916E-06  1.4418E-07  2.5563E-10  3.2356E-12
  3.3874E-12  3.4890E-06  1.4245E-07  2.5318E-10  3.1818E-12
  1.6080E-12  1.1375E-06  9.0180E-08  1.5402E-10  1.4338E-12
  8.3079E-13  3.8208E-07  4.9544E-08  8.1945E-11  6.4158E-13
  3.9385E-13  1.1495E-07  2.1605E-08  3.4910E-11  2.4752E-13
  1.8768E-13  3.8354E-08  8.8044E-09  1.4059E-11  9.5641E-14
  7.6412E-14  1.1509E-08  2.9625E-09  4.7000E-12  3.1397E-14
  2.6638E-14  3.8369E-09  1.0456E-09  1.6544E-12  1.0985E-14
  5.8184E-15  1.1511E-09  1.1320E-10  5.2489E-13  3.4772E-15
  1.1370E-15  3.8372E-10  1.3211E-11  1.8404E-13  1.2184E-15
  1.0564E-10  3.6547E-06  2.0789E-07  3.8784E-10  1.0322E-11
  7.5528E-11  3.6245E-06  1.9631E-07  3.6278E-10  8.4129E-12
  5.6163E-11  3.5892E-06  1.8407E-07  3.3679E-10  6.8852E-12
  4.5744E-11  3.5592E-06  1.7467E-07  3.1718E-10  5.9510E-12
  3.8784E-11  3.5327E-06  1.6699E-07  3.0137E-10  5.3026E-12
  3.4623E-11  3.5152E-06  1.6221E-07  2.9166E-10  4.9429E-12
  3.1088E-11  3.5025E-06  1.5883E-07  2.8487E-10  4.7069E-12
  2.7976E-11  3.4951E-06  1.5686E-07  2.8098E-10  4.5777E-12
  2.4088E-11  3.4898E-06  1.5536E-07  2.7815E-10  4.4866E-12
  1.9889E-11  3.4862E-06  1.5418E-07  2.7611E-10  4.4232E-12
  1.4530E-11  3.4825E-06  1.5252E-07  2.7348E-10  4.3452E-12
  9.5883E-12  3.4772E-06  1.4976E-07  2.6934E-10  4.2266E-12
  5.8530E-12  3.4673E-06  1.4499E-07  2.6222E-10  4.0314E-12
  3.2141E-12  1.3698E-06  1.0138E-07  1.7787E-10  2.1205E-12
  1.6144E-12  4.1493E-07  5.4685E-08  9.2518E-11  8.9746E-13
  8.4016E-13  1.3873E-07  2.6696E-08  4.4076E-11  3.8633E-13
  3.8998E-13  4.1664E-08  1.0525E-08  1.7083E-11  1.4199E-13
  1.8151E-13  1.3894E-08  4.0884E-09  6.5765E-12  5.3552E-14
  9.1505E-10  3.7181E-06  2.3720E-07  4.5224E-10  1.9151E-11
  6.1046E-10  3.7096E-06  2.3362E-07  4.4479E-10  1.8194E-11
  3.8422E-10  3.6947E-06  2.2752E-07  4.3142E-10  1.6225E-11
  2.5370E-10  3.6747E-06  2.1967E-07  4.1406E-10  1.3971E-11
  1.6630E-10  3.6450E-06  2.0887E-07  3.9042E-10  1.1508E-11
  1.1821E-10  3.6128E-06  1.9811E-07  3.6718E-10  9.6155E-12
  8.5613E-11  3.5764E-06  1.8697E-07  3.4354E-10  8.0750E-12
  6.6096E-11  3.5466E-06  1.7857E-07  3.2600E-10  7.1209E-12
  5.0381E-11  3.5209E-06  1.7175E-07  3.1197E-10  6.4502E-12
  3.8581E-11  3.5040E-06  1.6743E-07  3.0325E-10  6.0693E-12
  2.7258E-11  3.4912E-06  1.6411E-07  2.9676E-10  5.8030E-12
  1.7968E-11  3.4827E-06  1.6158E-07  2.9218E-10  5.6246E-12
  9.7765E-12  3.4733E-06  1.5813E-07  2.8648E-10  5.4164E-12
  5.6633E-12  3.4619E-06  1.5380E-07  2.7963E-10  5.1810E-12
  3.1989E-12  3.4432E-06  1.4693E-07  2.6892E-10  4.8349E-12
  1.8693E-12  2.5029E-06  1.2641E-07  2.3084E-10  3.7042E-12
  1.0053E-12  7.6384E-07  7.5297E-08  1.3263E-10  1.6476E-12
  5.6789E-13  2.5599E-07  4.0161E-08  6.8670E-11  7.4247E-13
  2.7616E-09  3.7280E-06  2.4066E-07  4.5153E-10  1.6027E-11
  2.3700E-09  3.7268E-06  2.4068E-07  4.5587E-10  1.8296E-11
  1.8625E-09  3.7238E-06  2.3986E-07  4.5672E-10  1.9714E-11
  1.3939E-09  3.7190E-06  2.3816E-07  4.5426E-10  1.9995E-11
  9.5062E-10  3.7100E-06  2.3486E-07  4.4763E-10  1.9259E-11
  6.4551E-10  3.6968E-06  2.3008E-07  4.3727E-10  1.7769E-11
  4.1746E-10  3.6754E-06  2.2250E-07  4.2059E-10  1.5536E-11
  2.8446E-10  3.6483E-06  2.1357E-07  4.0105E-10  1.3338E-11
  1.9346E-10  3.6126E-06  2.0255E-07  3.7723E-10  1.1172E-11
  1.4114E-10  3.5780E-06  1.9273E-07  3.5634E-10  9.6240E-12
  1.0268E-10  3.5431E-06  1.8351E-07  3.3709E-10  8.4208E-12
  7.6614E-11  3.5169E-06  1.7695E-07  3.2369E-10  7.6866E-12
  5.1682E-11  3.4946E-06  1.7130E-07  3.1261E-10  7.1373E-12
  3.2066E-11  3.4771E-06  1.6640E-07  3.0372E-10  6.7340E-12
  1.8876E-11  3.4567E-06  1.6048E-07  2.9365E-10  6.3156E-12
  1.1620E-11  3.4325E-06  1.5353E-07  2.8227E-10  5.8807E-12
  6.6746E-12  3.3917E-06  1.4252E-07  2.6443E-10  5.2569E-12
  3.9317E-12  2.7662E-06  1.2278E-07  2.2919E-10  4.1489E-12
  3.4348E-09  3.7278E-06  2.3446E-07  4.0492E-10  8.2093E-12
  3.3286E-09  3.7283E-06  2.3787E-07  4.2904E-10  1.1392E-11
  3.1430E-09  3.7282E-06  2.3982E-07  4.4485E-10  1.4887E-11
  2.8901E-09  3.7276E-06  2.4056E-07  4.5276E-10  1.7559E-11
  2.5015E-09  3.7257E-06  2.4049E-07  4.5656E-10  1.9554E-11
  2.0607E-09  3.7223E-06  2.3961E-07  4.5665E-10  2.0439E-11
  1.5455E-09  3.7158E-06  2.3753E-07  4.5324E-10  2.0429E-11
  1.1174E-09  3.7057E-06  2.3424E-07  4.4648E-10  1.9594E-11
  7.4818E-10  3.6884E-06  2.2863E-07  4.3432E-10  1.7913E-11
  5.1042E-10  3.6655E-06  2.2143E-07  4.1858E-10  1.5922E-11
  3.3842E-10  3.6321E-06  2.1159E-07  3.9723E-10  1.3636E-11
  2.3734E-10  3.5965E-06  2.0180E-07  3.7629E-10  1.1780E-11
  1.6299E-10  3.5564E-06  1.9153E-07  3.5477E-10  1.0187E-11
  1.1075E-10  3.5223E-06  1.8314E-07  3.3779E-10  9.1109E-12
  6.7368E-11  3.4874E-06  1.7463E-07  3.2148E-10  8.2074E-12
  4.3156E-11  3.4551E-06  1.6704E-07  3.0774E-10  7.5355E-12
  2.6026E-11  3.4122E-06  1.5738E-07  2.9108E-10  6.8102E-12
  1.5948E-11  3.3556E-06  1.4560E-07  2.7127E-10  6.0406E-12
  3.5522E-09  3.7211E-06  2.0829E-07  2.8481E-10  3.1200E-12
  3.5308E-09  3.7248E-06  2.2229E-07  3.4409E-10  5.0644E-12
  3.4855E-09  3.7270E-06  2.3137E-07  3.9186E-10  7.9777E-12
  3.4126E-09  3.7279E-06  2.3609E-07  4.2072E-10  1.1158E-11
  3.2776E-09  3.7280E-06  2.3891E-07  4.4013E-10  1.4697E-11
  3.0863E-09  3.7274E-06  2.4014E-07  4.5019E-10  1.7456E-11
  2.7848E-09  3.7260E-06  2.4049E-07  4.5567E-10  1.9599E-11
  2.4084E-09  3.7230E-06  2.3997E-07  4.5698E-10  2.0670E-11
  1.9150E-09  3.7171E-06  2.3838E-07  4.5495E-10  2.0930E-11
  1.4514E-09  3.7079E-06  2.3568E-07  4.4970E-10  2.0399E-11
  1.0063E-09  3.6918E-06  2.3089E-07  4.3953E-10  1.9059E-11
  6.9487E-10  3.6694E-06  2.2449E-07  4.2568E-10  1.7298E-11
  4.5603E-10  3.6357E-06  2.1530E-07  4.0589E-10  1.5092E-11
  3.0693E-10  3.5976E-06  2.0553E-07  3.8517E-10  1.3145E-11
  1.8763E-10  3.5499E-06  1.9401E-07  3.6156E-10  1.1292E-11
  1.1823E-10  3.5027E-06  1.8341E-07  3.4073E-10  9.9219E-12
  7.2946E-11  3.4455E-06  1.7186E-07  3.1904E-10  8.7106E-12
  4.6128E-11  3.3807E-06  1.6007E-07  2.9791E-10  7.6988E-12
  3.5554E-09  3.6950E-06  1.4077E-07  1.3147E-10  1.0085E-12
  3.5607E-09  3.7101E-06  1.7671E-07  2.0154E-10  1.8783E-12
  3.5544E-09  3.7192E-06  2.0396E-07  2.7938E-10  3.4253E-12
  3.5361E-09  3.7238E-06  2.1959E-07  3.4000E-10  5.5263E-12
  3.4957E-09  3.7264E-06  2.2982E-07  3.8916E-10  8.5979E-12
  3.4299E-09  3.7275E-06  2.3517E-07  4.1898E-10  1.1849E-11
  3.3070E-09  3.7276E-06  2.3839E-07  4.3911E-10  1.5348E-11
  3.1257E-09  3.7269E-06  2.3983E-07  4.4956E-10  1.7990E-11
  2.8479E-09  3.7252E-06  2.4030E-07  4.5532E-10  1.9993E-11
  2.4937E-09  3.7219E-06  2.3985E-07  4.5680E-10  2.0976E-11
  2.0193E-09  3.7152E-06  2.3829E-07  4.5489E-10  2.1206E-11
  1.5534E-09  3.7048E-06  2.3558E-07  4.4971E-10  2.0707E-11
  1.0868E-09  3.6861E-06  2.3072E-07  4.3955E-10  1.9444E-11
  7.4639E-10  3.6601E-06  2.2414E-07  4.2555E-10  1.7756E-11
  4.6409E-10  3.6195E-06  2.1428E-07  4.0486E-10  1.5554E-11
  2.8253E-10  3.5697E-06  2.0295E-07  3.8168E-10  1.3476E-11
  1.6913E-10  3.5005E-06  1.8905E-07  3.5414E-10  1.1443E-11
  1.0739E-10  3.4214E-06  1.7532E-07  3.2794E-10  9.8509E-12
  3.4983E-09  3.6034E-06  5.5018E-08  3.8505E-11  2.7338E-13
  3.5350E-09  3.6607E-06  9.5798E-08  7.7866E-11  6.0074E-13
  3.5540E-09  3.6934E-06  1.4320E-07  1.4310E-10  1.2882E-12
  3.5581E-09  3.7093E-06  1.7840E-07  2.1471E-10  2.3655E-12
  3.5495E-09  3.7188E-06  2.0498E-07  2.9167E-10  4.2194E-12
  3.5275E-09  3.7234E-06  2.2020E-07  3.4981E-10  6.6408E-12
  3.4805E-09  3.7260E-06  2.3014E-07  3.9585E-10  9.9872E-12
  3.4045E-09  3.7270E-06  2.3531E-07  4.2328E-10  1.3298E-11
  3.2642E-09  3.7268E-06  2.3838E-07  4.4149E-10  1.6613E-11
  3.0601E-09  3.7256E-06  2.3969E-07  4.5073E-10  1.8948E-11
  2.7493E-09  3.7227E-06  2.3995E-07  4.5545E-10  2.0594E-11
  2.3804E-09  3.7177E-06  2.3925E-07  4.5608E-10  2.1302E-11
  1.8912E-09  3.7079E-06  2.3721E-07  4.5305E-10  2.1296E-11
  1.4281E-09  3.6924E-06  2.3384E-07  4.4650E-10  2.0626E-11
  9.6209E-10  3.6648E-06  2.2779E-07  4.3407E-10  1.9199E-11
  6.0488E-10  3.6250E-06  2.1924E-07  4.1656E-10  1.7314E-11
  3.5029E-10  3.5592E-06  2.0625E-07  3.9040E-10  1.4892E-11
  2.1875E-10  3.4739E-06  1.9171E-07  3.6170E-10  1.2700E-11
  3.3336E-09  3.3065E-06  1.5861E-08  1.0475E-11  7.9355E-14
  3.4415E-09  3.4991E-06  3.2913E-08  2.2884E-11  1.7755E-13
  3.5077E-09  3.6129E-06  6.7057E-08  5.2083E-11  4.2825E-13
  3.5387E-09  3.6660E-06  1.0937E-07  9.9261E-11  9.0286E-13
  3.5526E-09  3.6963E-06  1.5471E-07  1.7116E-10  1.8563E-12
  3.5515E-09  3.7109E-06  1.8668E-07  2.4415E-10  3.2884E-12
  3.5349E-09  3.7195E-06  2.1015E-07  3.1719E-10  5.6343E-12
  3.5014E-09  3.7236E-06  2.2335E-07  3.6920E-10  8.4828E-12
  3.4335E-09  3.7256E-06  2.3186E-07  4.0855E-10  1.2072E-11
  3.3270E-09  3.7259E-06  2.3620E-07  4.3118E-10  1.5284E-11
  3.1362E-09  3.7246E-06  2.3863E-07  4.4564E-10  1.8187E-11
  2.8701E-09  3.7216E-06  2.3943E-07  4.5244E-10  2.0028E-11
  2.4911E-09  3.7155E-06  2.3908E-07  4.5497E-10  2.1152E-11
  2.0742E-09  3.7054E-06  2.3759E-07  4.5353E-10  2.1448E-11
  1.5583E-09  3.6858E-06  2.3420E-07  4.4753E-10  2.1028E-11
  1.0816E-09  3.6555E-06  2.2871E-07  4.3680E-10  1.9950E-11
  6.4319E-10  3.5992E-06  2.1872E-07  4.1693E-10  1.7978E-11
  3.9915E-10  3.5177E-06  2.0567E-07  3.9109E-10  1.5723E-11
  2.9664E-09  2.6141E-06  5.1477E-09  3.5040E-12  2.9165E-14
  3.2156E-09  3.0675E-06  1.0959E-08  7.5836E-12  6.3608E-14
  3.3827E-09  3.3791E-06  2.4174E-08  1.7376E-11  1.4845E-13
  3.4700E-09  3.5405E-06  4.7548E-08  3.6660E-11  3.2496E-13
  3.5210E-09  3.6338E-06  8.8106E-08  7.7658E-11  7.4773E-13
  3.5421E-09  3.6772E-06  1.3102E-07  1.3597E-10  1.4913E-12
  3.5463E-09  3.7019E-06  1.7181E-07  2.1433E-10  2.8892E-12
  3.5343E-09  3.7138E-06  1.9853E-07  2.8538E-10  4.8534E-12
  3.5002E-09  3.7205E-06  2.1734E-07  3.5000E-10  7.8115E-12
  3.4410E-09  3.7233E-06  2.2764E-07  3.9261E-10  1.1043E-11
  3.3278E-09  3.7239E-06  2.3408E-07  4.2303E-10  1.4637E-11
  3.1583E-09  3.7223E-06  2.3716E-07  4.3958E-10  1.7456E-11
  2.8722E-09  3.7177E-06  2.3851E-07  4.4923E-10  1.9687E-11
  2.5052E-09  3.7095E-06  2.3829E-07  4.5248E-10  2.0880E-11
  2.0491E-09  3.6936E-06  2.3652E-07  4.5122E-10  2.1357E-11
  1.5653E-09  3.6678E-06  2.3295E-07  4.4524E-10  2.1069E-11
  1.0162E-09  3.6184E-06  2.2559E-07  4.3133E-10  1.9882E-11
  6.4466E-10  3.5418E-06  2.1471E-07  4.1014E-10  1.8054E-11
  2.2974E-09  1.5297E-06  1.6536E-09  1.1775E-12  1.0742E-14
  2.7661E-09  2.2439E-06  3.9379E-09  2.8229E-12  2.5835E-14
  3.1132E-09  2.8561E-06  9.1923E-09  6.6862E-12  6.1634E-14
  3.3101E-09  3.2269E-06  1.8861E-08  1.4091E-11  1.3167E-13
  3.4361E-09  3.4694E-06  3.9565E-08  3.1355E-11  3.0257E-13
  3.4981E-09  3.5900E-06  7.1640E-08  6.2630E-11  6.4212E-13
  3.5303E-09  3.6583E-06  1.1715E-07  1.1987E-10  1.3868E-12
  3.5374E-09  3.6900E-06  1.5708E-07  1.8886E-10  2.5833E-12
  3.5246E-09  3.7081E-06  1.9054E-07  2.6838E-10  4.6460E-12
  3.4911E-09  3.7164E-06  2.1085E-07  3.3156E-10  7.2760E-12
  3.4198E-09  3.7203E-06  2.2450E-07  3.8326E-10  1.0778E-11
  3.3068E-09  3.7205E-06  2.3164E-07  4.1461E-10  1.4090E-11
  3.1044E-09  3.7172E-06  2.3574E-07  4.3531E-10  1.7243E-11
  2.8240E-09  3.7101E-06  2.3714E-07  4.4522E-10  1.9344E-11
  2.3994E-09  3.6951E-06  2.3664E-07  4.4884E-10  2.0690E-11
  1.9250E-09  3.6704E-06  2.3418E-07  4.4642E-10  2.1086E-11
  1.3848E-09  3.6237E-06  2.2861E-07  4.3697E-10  2.0653E-11
  9.1722E-10  3.5490E-06  2.1932E-07  4.1953E-10  1.9370E-11
  1.3149E-09  5.5747E-07  4.5875E-10  3.4207E-13  3.3969E-15
  2.0095E-09  1.1777E-06  1.3108E-09  9.8007E-13  9.7462E-15
  2.6162E-09  1.9894E-06  3.5658E-09  2.6836E-12  2.6776E-14
  2.9954E-09  2.6243E-06  7.8994E-09  6.0154E-12  6.0391E-14
  3.2565E-09  3.1106E-06  1.7415E-08  1.3604E-11  1.3846E-13
  3.3962E-09  3.3845E-06  3.4058E-08  2.7844E-11  2.9083E-13
  3.4797E-09  3.5538E-06  6.5672E-08  5.8858E-11  6.5177E-13
  3.5154E-09  3.6346E-06  1.0543E-07  1.0743E-10  1.3128E-12
  3.5247E-09  3.6799E-06  1.5006E-07  1.8055E-10  2.6119E-12
  3.5102E-09  3.7008E-06  1.8280E-07  2.5351E-10  4.4902E-12
  3.4648E-09  3.7120E-06  2.0736E-07  3.2489E-10  7.3746E-12
  3.3857E-09  3.7158E-06  2.2124E-07  3.7445E-10  1.0578E-11
  3.2366E-09  3.7146E-06  2.2997E-07  4.1083E-10  1.4196E-11
  3.0193E-09  3.7084E-06  2.3395E-07  4.3060E-10  1.7052E-11
  2.6679E-09  3.6939E-06  2.3523E-07  4.4130E-10  1.9287E-11
  2.2406E-09  3.6693E-06  2.3392E-07  4.4318E-10  2.0404E-11
  1.6730E-09  3.6212E-06  2.2924E-07  4.3690E-10  2.0601E-11
  1.1758E-09  3.5458E-06  2.2107E-07  4.2242E-10  1.9857E-11
  2.4030E-10  6.9889E-08  6.3349E-11  5.0396E-14  5.6124E-16
  6.1820E-10  2.0825E-07  2.0099E-10  1.5998E-13  1.7817E-15
  1.3500E-09  6.1199E-07  7.0626E-10  5.6313E-13  6.2771E-15
  2.0737E-09  1.2691E-06  1.9968E-09  1.5983E-12  1.7854E-14
  2.6812E-09  2.0849E-06  5.2801E-09  4.2638E-12  4.7866E-14
  3.0448E-09  2.6987E-06  1.1375E-08  9.3311E-12  1.0570E-13
  3.2862E-09  3.1576E-06  2.4243E-08  2.0557E-11  2.3750E-13
  3.4102E-09  3.4116E-06  4.5403E-08  4.0729E-11  4.8784E-13
  3.4783E-09  3.5666E-06  8.1753E-08  8.1388E-11  1.0523E-12
  3.4990E-09  3.6401E-06  1.2244E-07  1.3889E-10  2.0224E-12
  3.4860E-09  3.6806E-06  1.6390E-07  2.1668E-10  3.8034E-12
  3.4401E-09  3.6980E-06  1.9240E-07  2.8712E-10  6.1941E-12
  3.3397E-09  3.7045E-06  2.1282E-07  3.5044E-10  9.5384E-12
  3.1828E-09  3.7017E-06  2.2371E-07  3.9108E-10  1.2853E-11
  2.9118E-09  3.6884E-06  2.2962E-07  4.1811E-10  1.6126E-11
  2.5566E-09  3.6631E-06  2.3085E-07  4.2969E-10  1.8314E-11
  2.0498E-09  3.6125E-06  2.2801E-07  4.3029E-10  1.9573E-11
  1.5085E-09  3.5314E-06  2.2075E-07  4.1943E-10  1.9571E-11
  3.4684E-11  1.0239E-08  1.1955E-11  1.0072E-14  1.2417E-16
  9.8812E-11  2.9761E-08  3.5069E-11  2.9550E-14  3.6388E-16
  3.0920E-10  1.0032E-07  1.2207E-10  1.0289E-13  1.2666E-15
  7.7942E-10  2.9954E-07  3.9726E-10  3.3518E-13  4.1282E-15
  1.5900E-09  8.2510E-07  1.3708E-09  1.1600E-12  1.4312E-14
  2.2941E-09  1.5513E-06  3.6542E-09  3.1113E-12  3.8529E-14
  2.8376E-09  2.3376E-06  9.0441E-09  7.8052E-12  9.7455E-14
  3.1448E-09  2.8814E-06  1.8548E-08  1.6385E-11  2.0761E-13
  3.3380E-09  3.2680E-06  3.7479E-08  3.4718E-11  4.5402E-13
  3.4280E-09  3.4740E-06  6.5726E-08  6.5605E-11  9.0662E-13
  3.4629E-09  3.5959E-06  1.0735E-07  1.2092E-10  1.8595E-12
  3.4494E-09  3.6517E-06  1.4681E-07  1.8827E-10  3.3556E-12
  3.3839E-09  3.6797E-06  1.8202E-07  2.6660E-10  5.8347E-12
  3.2655E-09  3.6865E-06  2.0394E-07  3.2845E-10  8.7918E-12
  3.0474E-09  3.6777E-06  2.1805E-07  3.7733E-10  1.2364E-11
  2.7459E-09  3.6530E-06  2.2388E-07  4.0382E-10  1.5320E-11
  2.2941E-09  3.5994E-06  2.2396E-07  4.1506E-10  1.7600E-11
  1.7837E-09  3.5126E-06  2.1825E-07  4.1013E-10  1.8459E-11
  7.9991E-12  2.5432E-09  3.7879E-12  3.3571E-15  4.5127E-17
  1.9368E-11  6.1702E-09  9.2057E-12  8.1588E-15  1.0989E-16
  5.6967E-11  1.8305E-08  2.7468E-11  2.4346E-14  3.2750E-16
  1.6239E-10  5.3946E-08  8.2276E-11  7.2940E-14  9.8077E-16
  4.9807E-10  1.8494E-07  2.9837E-10  2.6472E-13  3.5608E-15
  1.1386E-09  5.2360E-07  9.7054E-10  8.6282E-13  1.1621E-14
  1.9891E-09  1.2255E-06  3.0783E-09  2.7520E-12  3.7199E-14
  2.5997E-09  1.9810E-06  7.4318E-09  6.7151E-12  9.1393E-14
  3.0275E-09  2.6731E-06  1.6855E-08  1.5573E-11  2.1511E-13
  3.2522E-09  3.1068E-06  3.2397E-08  3.1064E-11  4.4033E-13
  3.3776E-09  3.3960E-06  6.0491E-08  6.2214E-11  9.3053E-13
  3.4153E-09  3.5417E-06  9.6281E-08  1.0909E-10  1.7789E-12
  3.3896E-09  3.6225E-06  1.3921E-07  1.7966E-10  3.3913E-12
  3.3037E-09  3.6537E-06  1.7275E-07  2.5052E-10  5.6266E-12
  3.1245E-09  3.6577E-06  1.9831E-07  3.1890E-10  8.8184E-12
  2.8627E-09  3.6372E-06  2.1152E-07  3.6350E-10  1.1990E-11
  2.4536E-09  3.5827E-06  2.1657E-07  3.8990E-10  1.4998E-11
  1.9766E-09  3.4904E-06  2.1337E-07  3.9389E-10  1.6678E-11
  3.2155E-12  1.0887E-09  2.0169E-12  1.8694E-15  2.7184E-17
  6.5497E-12  2.2251E-09  4.1244E-12  3.8228E-15  5.5589E-17
  1.5541E-11  5.2996E-09  9.8376E-12  9.1185E-15  1.3283E-16
  3.8031E-11  1.3037E-08  2.4288E-11  2.2514E-14  3.2761E-16
  1.1410E-10  3.9945E-08  7.5336E-11  6.9846E-14  1.0159E-15
  3.2647E-10  1.2199E-07  2.3828E-10  2.2104E-13  3.2160E-15
  9.0531E-10  4.0423E-07  8.8379E-10  8.2140E-13  1.1966E-14
  1.6900E-09  9.6592E-07  2.6523E-09  2.4765E-12  3.6188E-14
  2.4452E-09  1.7882E-06  7.2782E-09  6.8707E-12  1.0115E-13
  2.9008E-09  2.4710E-06  1.5690E-08  1.5098E-11  2.2529E-13
  3.1888E-09  3.0081E-06  3.2340E-08  3.2330E-11  4.9612E-13
  3.3176E-09  3.3135E-06  5.7128E-08  6.0586E-11  9.7473E-13
  3.3542E-09  3.5014E-06  9.5022E-08  1.1110E-10  1.9567E-12
  3.3075E-09  3.5861E-06  1.3347E-07  1.7429E-10  3.4850E-12
  3.1648E-09  3.6199E-06  1.6979E-07  2.5007E-10  5.9897E-12
  2.9357E-09  3.6116E-06  1.9242E-07  3.1006E-10  8.8886E-12
  2.5610E-09  3.5606E-06  2.0486E-07  3.5392E-10  1.2157E-11
  2.1116E-09  3.4650E-06  2.0575E-07  3.7002E-10  1.4459E-11
  1.3569E-12  4.9532E-10  1.1849E-12  1.1573E-15  1.8460E-17
  2.6346E-12  9.6330E-10  2.3050E-12  2.2513E-15  3.5910E-17
  5.4449E-12  1.9966E-09  4.7798E-12  4.6686E-15  7.4467E-17
  1.0895E-11  4.0098E-09  9.6086E-12  9.3852E-15  1.4999E-16
  2.5183E-11  9.3201E-09  2.2389E-11  2.1869E-14  3.4910E-16
  6.0497E-11  2.2601E-08  5.4623E-11  5.3361E-14  8.5138E-16
  1.8116E-10  6.9952E-08  1.7253E-10  1.6861E-13  2.6905E-15
  5.0692E-10  2.1448E-07  5.6013E-10  5.4803E-13  8.7521E-15
  1.2457E-09  6.4894E-07  1.9998E-09  1.9638E-12  3.1446E-14
  2.0312E-09  1.3335E-06  5.4582E-09  5.4032E-12  8.7019E-14
  2.6740E-09  2.1472E-06  1.3506E-08  1.3607E-11  2.2202E-13
  3.0235E-09  2.7393E-06  2.6978E-08  2.7987E-11  4.6705E-13
  3.2111E-09  3.1683E-06  5.1369E-08  5.6282E-11  9.8289E-13
  3.2502E-09  3.3944E-06  8.3261E-08  9.8463E-11  1.8477E-12
  3.1709E-09  3.5162E-06  1.2378E-07  1.6308E-10  3.4614E-12
  2.9866E-09  3.5487E-06  1.5700E-07  2.2934E-10  5.6547E-12
  2.6532E-09  3.5167E-06  1.8144E-07  2.9181E-10  8.6386E-12
  2.2342E-09  3.4234E-06  1.9038E-07  3.2619E-10  1.1282E-11
  5.7743E-13  2.2553E-10  6.7392E-13  6.8891E-16  1.1920E-17
  1.2139E-12  4.7444E-10  1.4179E-12  1.4494E-15  2.5078E-17
  2.5865E-12  1.0121E-09  3.0255E-12  3.0929E-15  5.3512E-17
  5.0092E-12  1.9640E-09  5.8735E-12  6.0043E-15  1.0389E-16
  1.0333E-11  4.0652E-09  1.2169E-11  1.2441E-14  2.1564E-16
  2.0699E-11  8.1829E-09  2.4543E-11  2.5091E-14  4.3446E-16
  4.8437E-11  1.9319E-08  5.8235E-11  5.9543E-14  1.0305E-15
  1.1977E-10  4.8675E-08  1.4858E-10  1.5196E-13  2.6301E-15
  3.6320E-10  1.5719E-07  5.0061E-10  5.1251E-13  8.8772E-15
  9.1031E-10  4.5361E-07  1.6108E-09  1.6537E-12  2.8703E-14
  1.7714E-09  1.1120E-06  5.0853E-09  5.2613E-12  9.1864E-14
  2.4405E-09  1.8631E-06  1.2085E-08  1.2688E-11  2.2409E-13
  2.8926E-09  2.5737E-06  2.6404E-08  2.8558E-11  5.1668E-13
  3.0858E-09  3.0205E-06  4.7867E-08  5.4200E-11  1.0205E-12
  3.1119E-09  3.3062E-06  8.1306E-08  9.9388E-11  2.0171E-12
  2.9899E-09  3.4259E-06  1.1656E-07  1.5600E-10  3.5204E-12
  2.7037E-09  3.4424E-06  1.5026E-07  2.2331E-10  5.8794E-12
  2.3146E-09  3.3663E-06  1.6863E-07  2.7197E-10  8.3694E-12
  1.7119E-13  7.1965E-11  2.7358E-13  2.9382E-16  5.5598E-18
  4.1519E-13  1.7458E-10  6.6370E-13  7.1282E-16  1.3488E-17
  1.0184E-12  4.2842E-10  1.6289E-12  1.7495E-15  3.3104E-17
  2.1562E-12  9.0774E-10  3.4521E-12  3.7077E-15  7.0156E-17
  4.6145E-12  1.9455E-09  7.4022E-12  7.9501E-15  1.5043E-16
  8.9421E-12  3.7787E-09  1.4390E-11  1.5455E-14  2.9299E-16
  1.8405E-11  7.8110E-09  2.9800E-11  3.2008E-14  6.0613E-16
  3.6834E-11  1.5737E-08  6.0255E-11  6.4727E-14  1.2251E-15
  8.7049E-11  3.7727E-08  1.4580E-10  1.5667E-13  2.9655E-15
  2.1807E-10  9.7594E-08  3.8609E-10  4.1513E-13  7.8618E-15
  6.2329E-10  3.0685E-07  1.3083E-09  1.4099E-12  2.6748E-14
  1.3230E-09  7.7103E-07  3.8776E-09  4.2017E-12  8.0073E-14
  2.1373E-09  1.5470E-06  1.0664E-08  1.1714E-11  2.2577E-13
  2.6428E-09  2.2521E-06  2.2627E-08  2.5448E-11  5.0041E-13
  2.9002E-09  2.8235E-06  4.4397E-08  5.2187E-11  1.0682E-12
  2.9095E-09  3.1323E-06  7.2618E-08  9.0793E-11  1.9782E-12
  2.7121E-09  3.2736E-06  1.0792E-07  1.4747E-10  3.5723E-12
  2.3715E-09  3.2549E-06  1.3481E-07  2.0102E-10  5.5403E-12
  4.6060E-14  2.0622E-11  9.6513E-14  1.0819E-16  2.2158E-18
  1.2642E-13  5.6604E-11  2.6491E-13  2.9697E-16  6.0820E-18
  3.5574E-13  1.5931E-10  7.4560E-13  8.3582E-16  1.7118E-17
  8.5526E-13  3.8312E-10  1.7933E-12  2.0103E-15  4.1171E-17
  2.0720E-12  9.2873E-10  4.3483E-12  4.8745E-15  9.9831E-17
  4.3377E-12  1.9464E-09  9.1173E-12  1.0221E-14  2.0932E-16
  9.2011E-12  4.1374E-09  1.9400E-11  2.1748E-14  4.4614E-16
  1.7789E-11  8.0264E-09  3.7701E-11  4.2268E-14  8.6630E-16
  3.6960E-11  1.6789E-08  7.9165E-11  8.8765E-14  1.8185E-15
  7.6251E-11  3.5034E-08  1.6647E-10  1.8671E-13  3.8254E-15
  1.9051E-10  8.9989E-08  4.3669E-10  4.9011E-13  1.0047E-14
  4.7576E-10  2.3934E-07  1.2236E-09  1.3757E-12  2.8245E-14
  1.1345E-09  6.6142E-07  3.9042E-09  4.4139E-12  9.1174E-14
  1.8756E-09  1.3167E-06  9.9495E-09  1.1380E-11  2.3739E-13
  2.4632E-09  2.0920E-06  2.3003E-08  2.6968E-11  5.7512E-13
  2.6921E-09  2.6360E-06  4.2507E-08  5.1783E-11  1.1455E-12
  2.6439E-09  2.9773E-06  7.1681E-08  9.3059E-11  2.2026E-12
  2.3808E-09  3.0708E-06  9.9944E-08  1.3986E-10  3.6351E-12
  1.2670E-14  5.9886E-12  3.3620E-14  3.9135E-17  8.6069E-19
  3.6860E-14  1.7423E-11  9.7813E-14  1.1386E-16  2.5041E-18
  1.1565E-13  5.4670E-11  3.0692E-13  3.5727E-16  7.8573E-18
  3.1093E-13  1.4699E-10  8.2525E-13  9.6064E-16  2.1127E-17
  8.5268E-13  4.0321E-10  2.2640E-12  2.6354E-15  5.7959E-17
  1.9969E-12  9.4473E-10  5.3059E-12  6.1765E-15  1.3583E-16
  4.6896E-12  2.2210E-09  1.2481E-11  1.4529E-14  3.1954E-16
  9.5835E-12  4.5472E-09  2.5580E-11  2.9779E-14  6.5581E-16
  2.0037E-11  9.5418E-09  5.3796E-11  6.2632E-14  1.3782E-15
  3.8924E-11  1.8649E-08  1.0556E-10  1.2291E-13  2.7040E-15
  8.4078E-11  4.0790E-08  2.3300E-10  2.7140E-13  5.9720E-15
  1.8544E-10  9.2141E-08  5.3647E-10  6.2535E-13  1.3769E-14
  4.7489E-10  2.5085E-07  1.5408E-09  1.7999E-12  3.9763E-14
  1.0242E-09  6.0848E-07  4.2053E-09  4.9377E-12  1.0954E-13
  1.7873E-09  1.2841E-06  1.1360E-08  1.3514E-11  3.0333E-13
  2.2891E-09  1.9667E-06  2.3932E-08  2.9139E-11  6.6834E-13
  2.4689E-09  2.5296E-06  4.5519E-08  5.7833E-11  1.3848E-12
  2.3305E-09  2.7864E-06  7.0206E-08  9.4424E-11  2.4117E-12
  4.5489E-15  2.2532E-12  1.4861E-14  1.7892E-17  4.1994E-19
  1.2179E-14  6.0334E-12  3.9795E-14  4.7909E-17  1.1245E-18
  3.8143E-14  1.8897E-11  1.2464E-13  1.5006E-16  3.5220E-18
  1.0902E-13  5.4016E-11  3.5629E-13  4.2894E-16  1.0068E-17
  3.3169E-13  1.6435E-10  1.0841E-12  1.3052E-15  3.0633E-17
  8.5928E-13  4.2586E-10  2.8094E-12  3.3823E-15  7.9385E-17
  2.2571E-12  1.1192E-09  7.3858E-12  8.8920E-15  2.0870E-16
  5.0673E-12  2.5151E-09  1.6608E-11  1.9995E-14  4.7026E-16
  1.1393E-11  5.6667E-09  3.7470E-11  4.5115E-14  1.0600E-15
  2.2674E-11  1.1318E-08  7.5021E-11  9.0338E-14  2.1213E-15
  4.7311E-11  2.3785E-08  1.5850E-10  1.9091E-13  4.4826E-15
  9.5304E-11  4.8514E-08  3.2649E-10  3.9340E-13  9.2405E-15
  2.2193E-10  1.1621E-07  8.0118E-10  9.6638E-13  2.2721E-14
  4.9887E-10  2.7644E-07  2.0078E-09  2.4276E-12  5.7262E-14
  1.0825E-09  6.7953E-07  5.6235E-09  6.8440E-12  1.6236E-13
  1.7192E-09  1.2784E-06  1.3165E-08  1.6237E-11  3.9003E-13
  2.1602E-09  1.9657E-06  2.8187E-08  3.5740E-11  8.8232E-13
  2.2018E-09  2.3950E-06  4.7800E-08  6.3133E-11  1.6288E-12
